123 94 106
119 113
19 50
48 20
5 1
88 123
111 90
104 37
22 20
65 24
83 36
35 21
16 120
119 122
21 22
53 91
46 26
50 97
37 38
56 73
73 14
10 6
3 62
98 108
14 121
99 60
73 49
9 109
16 72
64 83
54 117
32 100
56 116
106 116
67 8
58 77
103 48
39 80
39 89
110 29
122 85
42 44
88 69
63 25
26 122
21 47
45 8
4 69
54 13
2 43
15 52
56 48
74 44
57 10
49 1
61 84
15 70
19 12
115 29
109 107
75 29
42 80
83 96
37 20
54 108
66 22
88 95
103 82
38 68
58 7
38 107
51 28
105 29
94 29
75 51
117 7
94 100
119 61
97 23
109 118
118 102
48 76
43 46
120 71
63 12
48 45
98 64
39 31
46 112
93 11
76 60
40 75
27 56
83 71
87 85
78 89
30 45
18 51
121 114
35 93
31 123
91 29
59 24
34 61
88 33
3 50
10 17
11 72
90 45
44 24
6 81
79 35
120 52
78 41
36 101
67 55
60 119
51 65
85 17
43 92
23 42
86 6
60 28
