234 180 124
21 125
145 111
14 3
141 115
84 60
166 126
24 54
87 74
129 178
92 164
85 9
183 110
113 197
192 190
102 48
188 183
177 175
123 66
132 11
41 105
196 167
172 76
157 63
152 232
53 119
226 3
37 50
65 84
206 189
162 88
109 110
198 43
130 234
52 116
157 203
81 128
79 158
17 153
107 6
30 68
138 42
97 121
73 220
212 210
14 47
210 27
120 70
191 28
202 49
206 144
221 76
16 113
96 31
149 198
84 55
164 145
120 64
168 173
130 195
28 111
142 117
177 51
148 16
169 58
63 133
61 131
158 154
56 156
87 122
24 192
98 205
176 166
216 49
61 56
33 229
106 90
169 155
23 62
186 141
79 45
223 196
5 163
45 217
110 151
114 99
55 140
146 183
73 6
210 25
30 219
112 132
231 24
154 196
147 64
176 196
125 42
221 18
101 161
29 127
211 13
42 207
216 28
154 72
103 72
54 188
27 114
131 46
29 130
1 190
2 174
4 150
45 36
47 117
40 200
184 165
121 83
9 200
50 44
234 137
44 83
35 189
174 72
124 204
7 213
121 101
10 128
13 129
90 69
66 73
182 139
94 156
171 215
108 38
139 203
198 225
88 229
100 180
116 131
227 133
179 18
213 160
214 209
182 115
140 111
18 26
176 232
53 170
222 202
99 209
59 12
218 219
51 2
140 187
185 84
77 157
19 216
7 48
161 67
158 39
168 17
184 133
86 105
32 58
75 89
32 1
57 189
164 198
167 16
104 164
204 53
159 114
35 60
80 152
174 172
111 36
52 53
163 96
136 199
156 78
136 225
213 42
230 140
115 120
142 58
82 9
228 208
208 61
26 93
95 91
7 143
112 38
11 162
91 94
92 89
10 199
221 3
118 134
159 230
5 224
90 34
201 135
138 139
231 178
37 12
113 162
12 215
229 87
230 150
107 68
95 195
107 185
148 71
96 118
224 233
183 15
14 97
194 107
40 62
77 173
105 66
60 20
212 98
9 120
195 22
129 135
12 134
181 180
100 171
186 232
208 114
26 193
106 179
34 8
