456 275 445
451 406
373 281
414 413
225 62
449 438
245 229
256 178
60 73
129 188
115 127
341 226
215 77
198 174
235 151
156 271
327 5
147 343
123 47
340 248
43 161
89 317
2 238
60 280
49 120
353 303
32 455
157 74
228 98
422 27
47 57
310 125
192 328
455 292
22 226
183 286
370 186
139 132
247 447
136 109
416 446
451 356
13 260
276 427
150 95
60 163
106 414
272 147
394 429
14 243
191 176
211 201
420 383
359 28
256 413
1 101
156 64
125 330
400 34
392 316
296 34
318 192
14 24
95 425
392 304
255 362
8 211
409 420
92 167
369 207
98 203
284 355
349 198
306 452
153 339
16 208
248 300
219 118
197 211
265 392
171 404
389 308
312 70
452 216
327 144
255 443
396 387
220 332
171 38
295 417
75 122
315 16
221 317
75 245
61 329
232 4
283 373
334 152
454 411
207 270
218 23
302 237
190 117
177 230
441 90
446 82
100 356
455 130
223 16
63 287
451 11
283 262
434 311
248 393
190 68
280 25
248 356
269 136
205 368
448 312
91 392
172 385
216 222
108 96
91 44
198 329
240 432
340 395
400 121
123 429
252 363
358 443
185 256
208 194
219 425
159 52
403 195
199 397
7 20
456 159
261 151
204 314
5 346
158 132
156 349
211 342
410 421
360 79
21 320
431 291
171 163
103 7
170 40
36 285
140 110
243 158
81 381
147 307
385 87
73 382
372 418
44 305
264 376
27 333
442 454
288 185
357 97
26 84
20 401
419 347
241 291
385 9
69 430
205 51
2 395
363 96
116 328
162 326
380 259
399 20
84 416
49 125
28 136
215 301
15 387
113 198
416 265
270 329
292 258
383 134
391 174
379 28
206 135
110 138
444 207
370 295
310 115
279 154
55 165
251 36
399 289
442 239
170 246
133 355
439 346
312 361
201 438
351 360
377 175
355 294
444 364
238 134
396 17
257 425
348 93
363 365
259 247
277 304
185 119
242 368
318 454
294 220
321 308
293 290
227 355
291 162
282 180
366 429
444 146
280 333
407 373
43 39
331 32
337 105
310 102
200 232
25 433
422 141
453 30
220 244
222 181
4 87
145 206
321 122
203 328
204 442
21 263
374 420
66 313
369 277
70 353
137 77
297 34
224 255
375 55
128 415
142 432
445 278
419 164
322 424
281 85
317 74
169 221
44 10
424 236
319 403
361 210
431 86
360 355
27 215
273 131
433 352
265 250
192 131
139 338
110 45
139 104
19 295
112 447
29 208
241 165
315 428
412 166
148 79
407 83
267 37
449 24
398 111
121 72
168 175
364 275
46 186
151 299
161 155
314 451
336 392
94 30
354 154
253 75
150 99
182 219
142 264
48 346
18 366
71 313
215 272
103 66
29 199
125 251
219 87
50 14
292 408
102 254
238 402
144 371
431 440
249 378
306 277
33 8
382 372
196 21
31 396
384 228
187 109
129 330
427 62
343 410
440 51
422 151
450 448
101 54
214 221
206 409
90 452
287 161
323 230
60 341
159 358
231 450
290 42
210 88
62 287
350 380
89 286
411 110
245 101
371 132
225 417
177 179
350 424
59 254
366 266
444 212
106 56
455 17
268 29
303 136
172 148
189 116
257 6
251 388
324 257
84 246
26 65
97 264
215 367
256 415
180 397
437 454
378 109
297 217
315 114
42 107
381 204
362 435
193 73
214 235
233 31
57 30
417 230
206 311
407 209
302 207
175 344
110 320
37 16
191 53
103 106
376 224
23 253
400 374
69 224
208 56
124 269
443 339
278 294
325 94
36 160
185 142
314 213
405 155
149 177
312 335
390 166
322 143
69 23
67 44
59 361
58 302
398 386
234 14
345 218
426 240
166 34
168 354
450 337
68 245
12 132
19 44
36 309
167 105
152 241
184 133
382 112
290 117
284 365
256 381
112 298
53 445
173 261
237 93
283 18
103 35
13 344
41 441
284 368
279 145
225 423
342 147
230 126
359 242
80 42
274 303
36 265
398 155
302 299
315 266
374 265
415 436
319 316
280 130
419 368
3 212
78 167
202 88
76 195
