789 575 551
306 366
337 192
128 105
668 424
234 314
299 305
319 364
106 298
260 381
630 432
338 419
633 584
692 530
169 208
302 202
177 474
685 206
42 213
483 524
219 709
530 511
432 677
703 459
629 737
316 653
557 230
625 407
400 542
602 51
29 244
389 619
90 152
779 586
139 458
476 689
686 391
653 636
597 47
448 626
183 185
681 772
100 395
82 732
127 566
151 722
568 295
190 198
51 111
20 292
784 284
95 637
398 401
49 404
537 470
465 537
743 537
475 512
753 109
168 303
309 85
655 239
56 233
681 632
532 358
128 26
82 71
724 74
569 784
683 16
450 143
638 497
256 60
76 468
722 184
249 683
131 5
214 200
533 449
301 396
265 562
13 539
88 612
243 240
575 204
297 317
603 301
640 273
403 560
8 627
122 411
483 578
21 133
785 724
764 70
745 626
661 759
438 136
615 371
668 404
530 282
374 334
247 418
403 613
589 724
312 754
159 689
614 308
699 444
572 658
572 388
173 45
14 258
701 256
246 397
372 159
684 131
109 771
164 295
416 405
156 556
13 492
100 444
601 726
467 120
167 222
80 699
382 205
769 656
489 177
102 712
307 660
670 410
688 694
11 611
605 661
345 94
234 200
671 764
232 287
364 541
278 98
585 231
108 313
491 680
513 14
681 762
65 200
609 204
636 738
760 72
547 183
286 377
680 784
341 267
308 147
469 675
285 556
665 201
781 247
350 766
484 612
437 731
631 733
105 599
613 554
739 391
768 122
618 651
109 7
670 384
5 217
159 650
523 54
482 320
267 222
198 276
86 774
427 730
372 149
589 73
594 738
707 188
652 332
693 636
155 498
22 33
782 264
8 317
422 643
272 140
232 588
450 248
223 607
180 549
734 217
715 174
348 41
776 631
124 505
721 400
52 196
581 25
544 175
327 506
83 170
585 781
616 348
714 129
637 502
124 645
3 1
301 679
520 613
697 565
75 394
328 653
570 676
163 533
278 204
420 45
185 487
367 690
408 540
466 47
99 376
440 455
291 449
347 71
413 534
40 191
128 765
59 611
503 687
26 94
47 15
718 359
83 566
107 19
92 725
552 362
378 212
739 428
259 639
223 263
357 641
251 257
189 245
357 397
509 237
573 365
307 735
346 325
407 86
519 80
224 787
545 695
634 157
293 285
194 494
99 782
126 254
529 53
85 683
741 261
81 59
277 758
363 121
719 733
262 341
77 720
349 550
274 638
334 181
479 106
313 674
386 559
77 454
198 278
49 235
57 714
21 399
418 438
472 178
551 388
86 253
745 518
40 753
342 693
516 495
452 581
140 299
295 178
112 468
757 329
557 6
464 272
674 257
116 178
445 255
171 260
280 571
165 26
710 561
646 82
762 584
601 644
526 260
197 87
639 166
3 610
447 673
248 280
238 579
705 372
455 60
421 226
705 746
381 183
628 355
561 611
775 512
182 465
687 667
695 778
728 222
564 332
263 258
715 79
391 304
20 719
514 289
146 114
315 585
535 503
744 251
477 415
658 32
745 270
504 417
474 670
557 408
204 129
262 582
306 25
620 694
558 51
778 744
521 242
437 339
374 187
168 352
334 428
69 198
699 31
321 565
347 238
469 756
612 192
252 331
723 216
581 765
54 563
225 451
139 64
672 163
360 84
265 179
616 203
8 363
75 373
761 496
39 21
19 205
413 471
95 196
336 118
66 53
593 180
765 697
531 587
353 52
78 496
609 713
125 461
142 146
406 510
372 99
485 62
713 705
543 96
536 657
409 569
189 531
393 468
620 777
619 202
429 326
623 247
300 201
278 147
558 254
214 152
598 186
112 162
751 733
743 92
584 510
36 392
508 220
425 405
675 486
586 488
186 427
412 59
386 501
456 397
698 604
334 691
445 469
119 749
688 659
552 609
121 659
294 676
683 641
548 128
383 278
9 401
549 285
558 442
199 464
538 528
218 345
435 87
26 141
326 179
693 706
37 15
460 739
58 449
358 219
43 264
430 615
501 783
587 510
522 468
330 240
440 580
746 268
696 425
654 587
516 584
308 477
467 269
595 113
58 717
131 622
407 117
582 271
249 215
89 642
677 74
571 23
708 114
530 36
105 206
390 359
537 53
673 701
595 190
572 752
665 687
696 235
703 583
27 260
325 410
329 207
322 459
160 110
150 750
184 364
501 519
748 633
278 434
242 645
266 133
411 61
54 618
230 678
108 554
653 35
388 177
760 354
263 682
446 501
678 462
470 624
461 228
192 10
735 744
33 74
652 562
395 44
716 509
354 480
453 18
490 92
146 48
248 574
567 748
106 197
525 413
260 359
272 379
648 180
661 741
480 94
19 174
746 144
323 776
251 95
698 622
81 414
783 369
546 758
764 351
23 664
193 182
498 4
536 780
750 626
585 591
199 729
152 380
606 623
592 634
374 250
203 604
399 498
559 394
233 177
769 304
634 773
426 386
180 174
113 506
34 104
748 179
102 14
221 783
194 353
18 82
22 207
172 773
665 743
388 605
343 164
580 62
63 515
166 116
322 363
275 700
287 92
139 727
633 356
700 64
309 150
764 2
335 341
443 712
686 725
145 578
266 363
330 81
32 148
428 767
534 514
617 751
704 774
46 411
50 218
172 780
167 357
349 195
93 187
43 28
731 608
547 344
471 258
649 306
431 102
525 68
541 267
176 33
338 125
427 402
714 112
658 12
473 116
662 19
247 520
600 45
730 576
209 446
148 586
322 154
262 75
153 115
101 287
252 109
97 208
9 442
521 132
202 211
110 228
311 695
431 120
732 337
616 542
583 546
172 367
107 333
482 169
73 647
13 499
422 409
565 347
456 78
310 192
151 711
628 112
188 787
787 361
42 385
245 441
718 370
319 352
49 472
135 777
38 177
452 96
146 255
763 367
216 593
230 289
408 389
694 25
528 212
752 265
754 74
542 115
744 512
19 360
457 185
213 536
770 331
266 436
427 602
497 597
575 164
618 485
67 590
424 30
423 275
653 686
597 114
18 61
590 134
515 64
594 676
24 241
227 556
474 603
263 185
742 11
216 45
104 86
374 764
94 7
142 349
459 368
508 663
224 138
553 456
288 44
751 336
341 387
484 29
115 417
98 653
682 621
651 358
296 101
530 666
280 130
669 437
134 548
324 145
433 463
110 304
206 439
450 461
786 111
349 686
644 701
702 729
468 509
279 685
738 258
86 737
774 438
135 36
272 378
179 766
414 518
312 389
99 527
528 17
158 412
611 430
210 93
138 91
313 18
366 486
517 283
663 150
58 127
298 137
402 241
539 262
32 290
635 442
103 224
207 123
282 789
749 713
577 494
690 493
690 417
118 203
197 678
226 102
740 10
372 456
286 403
259 555
623 788
237 103
476 375
107 340
500 189
175 9
538 393
214 655
107 281
239 316
463 526
736 389
747 51
423 774
705 451
481 505
507 419
283 454
717 236
242 229
596 409
100 409
229 181
640 280
762 597
19 685
318 679
642 398
30 747
256 325
478 765
208 40
121 731
161 646
573 68
578 141
755 97
427 55
172 769
467 3
213 533
534 77
