1234 191 628
511 479
510 462
261 1139
246 941
488 892
1073 670
253 935
1043 176
756 934
602 678
312 722
886 456
31 468
1060 1098
46 788
999 89
271 1202
1232 327
772 822
636 1013
1135 1144
489 1053
380 1108
52 48
995 1003
1022 644
480 894
1195 176
858 205
1013 224
328 196
1066 499
183 1216
564 172
919 1222
585 1143
1 150
526 158
438 91
725 440
689 751
1081 714
482 826
1214 835
1121 673
940 540
867 1073
871 375
268 461
459 159
723 582
479 77
678 20
632 886
975 770
865 1068
1163 1115
1184 184
1088 1073
670 680
81 62
574 114
123 686
16 921
605 349
858 580
508 882
857 1036
294 39
59 1012
366 461
1107 1001
775 1085
1101 703
1154 736
275 959
454 674
955 734
525 1010
576 19
938 114
9 622
260 312
1217 1200
913 593
713 501
659 228
177 430
911 1084
141 563
112 869
404 1094
539 900
196 144
480 768
762 728
81 334
518 540
561 1114
226 298
1040 1170
370 284
354 1185
75 474
105 754
1029 333
923 1085
324 187
1014 456
98 981
245 1134
168 448
670 901
639 12
194 961
243 439
1116 776
106 1004
227 1037
1053 294
774 848
127 126
524 54
1050 143
990 92
1162 536
436 1043
985 675
45 1028
964 339
1158 1143
901 348
1064 121
564 893
46 901
1011 325
868 1048
1036 128
149 285
669 864
794 1129
1007 914
694 143
1047 356
941 350
613 653
634 1026
653 977
905 192
912 1117
377 54
880 314
570 1150
865 724
672 584
372 236
534 214
562 1193
117 98
809 952
1220 732
570 538
299 1203
611 381
140 249
1073 389
884 615
504 274
839 861
196 692
929 1028
282 949
399 150
1046 1104
257 590
25 106
76 133
999 214
430 715
1209 328
161 88
73 589
1018 329
946 515
914 38
1059 769
381 778
77 222
1060 1132
484 819
746 818
841 1022
613 1052
919 494
647 608
543 519
110 844
298 660
729 38
858 577
731 230
84 513
783 1152
791 81
88 1179
362 668
1095 758
162 931
544 1025
1105 307
980 471
771 491
1038 991
165 1047
765 884
469 501
499 623
257 208
145 667
365 119
913 129
992 932
225 494
328 137
1078 424
854 44
952 1037
851 445
805 569
1160 1122
357 403
560 106
471 815
548 69
845 201
593 679
482 1119
1147 1018
381 745
44 257
1027 1196
1017 47
781 917
1216 660
306 759
922 453
645 96
109 1228
1202 799
490 884
557 1231
42 1116
322 990
218 897
1180 858
188 832
321 4
1041 673
1083 250
187 1225
494 882
1199 799
254 1118
473 1116
557 391
665 483
786 200
1046 996
719 34
825 401
346 465
1022 1108
1140 1018
520 1144
49 53
789 1085
270 199
676 724
18 482
6 277
685 781
526 104
573 887
1141 790
820 1095
1141 390
1233 191
64 987
976 611
400 216
388 1054
1159 1232
797 1161
471 162
819 1058
870 1080
112 614
393 160
398 1165
603 527
691 344
64 1063
1015 904
418 1230
1142 570
1181 1191
1040 808
1176 750
906 428
307 553
486 774
654 177
572 356
25 926
1081 188
804 1195
951 588
197 154
176 47
353 447
170 857
1208 373
1056 935
721 331
690 1036
883 717
310 999
525 566
115 618
501 727
134 1153
223 115
683 873
1205 875
949 546
54 394
216 730
846 315
305 1152
833 228
1204 555
702 354
607 196
611 1219
517 175
861 80
592 1232
552 1034
191 171
296 487
9 307
528 1044
542 115
352 955
297 717
626 172
908 767
1169 878
421 242
734 212
698 252
1126 134
412 203
367 528
436 725
335 97
10 416
1179 124
1124 1013
492 1061
612 405
827 314
1003 1219
586 1143
354 358
104 888
409 1227
806 236
846 826
666 1176
392 181
864 190
211 417
309 1079
460 785
257 505
239 850
668 756
1209 409
485 1124
780 852
547 526
285 1170
971 687
705 729
92 1210
343 288
1223 735
726 622
829 1173
968 361
1224 898
1145 567
653 441
283 753
68 266
52 1133
831 800
252 687
823 972
871 197
661 1164
1082 186
11 418
466 748
510 259
169 335
459 340
1221 345
277 1155
499 720
199 943
244 949
41 820
259 1131
1159 1176
251 553
515 1062
368 538
657 432
302 238
997 13
1125 1082
336 766
971 55
868 1134
915 1189
814 743
820 762
999 426
221 100
973 295
1168 295
264 1110
178 713
315 799
469 420
275 345
668 877
995 773
548 502
856 629
33 49
242 726
525 868
1150 58
1207 240
881 63
804 942
79 474
344 1126
246 215
575 214
1170 656
1008 1204
1144 945
693 621
411 1138
40 461
1025 323
717 176
147 1215
1217 1216
644 922
784 384
721 934
204 579
1182 991
375 1045
660 957
1072 1047
646 751
475 798
840 244
615 202
460 594
1219 544
1030 93
171 689
1046 950
1154 643
972 64
1148 588
1071 64
67 555
551 1007
873 206
22 207
879 1183
957 1040
133 1171
909 31
705 1182
1172 704
991 166
712 1124
351 151
241 141
496 427
833 95
1156 615
512 1101
353 821
615 756
635 230
268 586
1013 641
928 1083
733 683
543 24
561 735
1178 110
495 211
526 100
503 659
320 581
599 765
146 1070
509 1196
798 708
8 35
834 174
421 100
482 83
604 1071
1149 126
967 537
308 87
492 763
1020 925
1208 402
1016 809
725 23
695 442
360 278
849 462
645 61
861 641
686 194
988 3
935 281
1006 321
1186 927
141 696
557 318
556 444
391 135
555 810
971 11
974 502
132 723
195 131
961 327
623 1052
664 454
481 824
338 403
333 483
989 1227
821 478
424 231
876 878
815 292
1211 838
542 884
817 31
821 1174
50 1077
167 824
909 661
1082 467
677 648
113 280
824 601
474 138
623 449
47 193
847 1203
1148 1109
812 809
777 985
966 297
736 1015
414 135
12 147
649 741
584 682
720 416
632 494
502 82
1100 250
20 341
915 583
825 964
209 951
672 529
1210 834
850 531
697 241
430 217
448 189
210 1128
472 185
1103 1100
530 137
1136 133
203 50
357 43
126 533
397 1226
172 855
402 369
134 597
862 1096
1206 663
478 697
402 429
929 1092
697 80
649 1166
920 881
947 842
930 403
799 269
164 277
657 68
78 651
921 1194
124 38
889 713
627 553
280 1093
1040 1071
710 369
118 152
11 772
1059 40
977 596
852 117
335 595
1207 719
1130 157
484 76
306 221
625 319
860 680
470 178
1121 75
601 791
437 28
116 573
565 381
1080 19
657 79
666 936
26 457
1113 106
127 504
962 16
1168 1031
147 414
59 640
29 1006
560 322
1110 1018
394 119
90 113
115 383
891 419
1127 606
2 541
352 370
304 297
1055 106
749 981
150 639
650 944
1076 413
332 254
1132 83
458 1210
648 1015
78 257
1012 297
331 296
14 171
611 1124
952 301
1167 1071
1027 554
679 85
20 596
992 26
552 1033
1086 986
61 517
740 385
536 1041
409 695
392 1188
1143 868
376 537
710 1197
85 444
627 110
876 880
315 466
1146 384
189 842
111 1076
30 1152
467 587
697 86
903 1188
969 403
847 1156
550 5
1173 78
310 616
483 465
90 831
491 1067
596 294
232 175
968 51
1103 1175
324 1064
443 2
335 791
507 365
950 792
477 871
862 326
828 610
811 1130
476 307
650 522
437 637
359 674
757 1012
502 1187
666 94
363 415
76 7
539 779
982 559
159 50
880 984
953 242
521 873
627 355
896 572
360 458
1085 70
1089 696
813 363
600 267
986 1119
221 792
373 633
434 145
289 513
285 262
531 766
159 858
766 378
578 693
614 276
785 1128
171 273
990 658
609 1050
24 854
554 200
890 642
652 1173
948 704
761 606
711 1158
217 234
277 538
816 24
684 1230
38 810
1137 527
1212 864
223 916
1085 911
182 651
612 1214
397 98
581 37
194 104
79 372
5 221
870 471
41 1022
105 855
455 735
959 237
778 229
1189 195
992 978
155 1032
107 383
277 1030
157 803
433 1032
502 385
961 113
990 438
1055 290
872 326
425 76
278 925
259 120
554 1019
967 387
1111 419
3 185
882 671
160 580
232 793
83 198
1017 401
1021 634
1001 1224
1035 1005
562 10
134 970
1023 1077
231 380
1106 161
495 535
558 517
317 732
589 901
502 407
125 7
308 1151
739 464
474 1074
635 676
223 890
703 571
1213 390
41 497
1005 658
595 1042
402 747
994 568
22 959
1153 1183
1129 223
812 179
1065 493
753 1108
245 281
779 72
1202 965
374 724
410 531
336 151
386 1015
555 66
614 664
1112 253
998 281
1022 265
33 183
226 549
363 1077
496 139
498 480
263 640
34 1096
344 851
298 416
347 1082
1201 730
935 1184
530 287
1097 152
918 703
909 406
617 302
597 997
746 714
36 839
103 426
827 254
1011 1088
509 892
854 163
576 1177
866 1170
982 1036
1039 921
362 33
422 1075
803 1120
983 168
859 213
1185 764
830 722
268 907
27 444
356 1147
863 1102
609 1214
654 218
1172 709
739 29
815 260
396 864
964 843
638 1091
857 35
614 634
460 771
165 557
220 28
511 140
857 896
738 588
1193 527
666 373
593 893
189 371
373 233
491 504
107 211
91 700
394 1122
268 498
1018 69
1146 339
536 313
511 554
545 55
156 638
185 946
348 1001
1229 988
615 1108
30 258
1126 1022
1055 57
1015 303
135 876
402 443
1109 625
141 628
435 1139
1062 404
193 1228
859 437
1123 685
422 371
928 993
284 31
864 641
113 956
608 845
1234 343
1229 492
906 560
523 850
17 690
856 980
604 1155
126 905
1049 587
904 592
512 89
692 96
742 920
219 579
764 502
631 1073
1003 437
1120 205
757 801
374 848
857 493
1087 944
1219 1233
83 697
330 338
289 103
540 910
748 111
42 54
283 450
1087 219
378 115
155 885
1199 529
398 179
133 857
619 187
605 41
780 617
662 36
848 860
1072 153
394 415
867 114
505 522
142 439
463 1129
532 370
429 874
15 355
507 951
1218 357
26 1139
630 1083
477 682
180 645
968 735
256 217
155 418
1002 419
948 81
767 129
1021 1204
364 48
861 300
573 1208
446 470
1079 54
349 1055
196 345
647 659
727 1028
910 621
1019 1091
813 561
1180 539
598 122
112 1099
972 1014
924 685
1028 828
343 434
1201 83
285 404
193 771
818 555
1172 395
434 1047
798 470
555 947
943 359
955 1190
109 512
1144 160
1145 187
423 766
742 457
326 494
335 359
1025 652
489 681
624 167
240 1125
1221 902
917 1084
752 865
707 339
272 698
30 143
1222 71
304 350
697 451
1131 469
807 724
655 370
771 795
963 633
429 1013
254 411
99 500
418 701
982 954
1084 958
506 1031
854 452
70 702
718 491
536 173
402 1181
232 1115
376 46
107 1016
483 800
737 686
1090 205
889 839
276 847
895 556
739 466
218 775
276 457
999 382
514 778
1024 815
463 21
402 65
1001 836
351 699
834 1102
316 308
593 1060
181 891
151 337
247 33
138 292
919 468
659 782
252 1192
128 489
379 426
939 147
636 568
1191 388
591 802
45 255
796 1169
693 1138
687 1033
124 777
933 677
183 131
649 125
372 130
32 268
937 544
23 1167
663 1081
734 102
982 743
408 691
60 492
1026 975
1198 253
139 565
755 798
1036 1044
848 716
291 818
342 243
99 743
524 267
1097 1189
903 331
762 136
865 1070
1083 1229
324 65
1057 552
1009 626
101 75
506 74
319 582
637 845
85 1121
30 915
840 853
1231 802
1196 703
6 960
546 919
968 462
260 279
442 344
56 219
1106 837
478 569
27 1186
132 1000
744 337
489 873
620 362
475 108
221 760
899 1103
317 1224
907 282
431 644
293 204
797 504
939 979
962 570
176 579
953 148
787 608
291 342
391 1117
920 122
574 1127
295 201
684 559
706 167
3 330
56 235
688 297
732 250
48 233
139 617
311 828
354 320
1157 288
1051 382
976 286
612 838
1034 1151
1069 637
377 248
1205 797
502 516
197 1213
