2345 189 2154
795 1184
877 1104
1951 1121
490 1894
56 1634
1260 224
2117 864
412 1729
977 2306
777 186
1692 881
1207 788
439 2152
2153 2318
262 193
1410 468
1133 1913
2288 1618
1616 733
1586 1482
1677 680
235 1980
1895 593
1467 1742
706 44
49 1775
662 1245
1442 930
1205 2239
1621 1339
1291 1842
1896 1035
561 1104
443 47
407 2292
873 540
141 347
1551 1901
927 160
418 688
1882 1452
1319 261
1948 2212
2184 801
1925 364
2286 1373
1564 536
1082 2276
1005 412
1359 33
582 1663
1536 2203
92 1205
778 2272
1843 1789
122 2194
1169 258
2072 1446
2127 1517
1675 2200
2060 631
2035 1710
2342 324
1510 2179
473 2203
1820 2124
276 1236
873 1071
207 1022
2093 1671
2154 1371
1378 1645
1683 988
317 1858
1653 505
1306 1871
1728 2172
1670 1604
1022 1456
1623 2252
143 182
271 2137
1658 124
349 1582
1745 542
2055 1387
1865 1722
1465 1906
1915 1209
2133 700
53 284
1856 2136
739 2240
2204 2105
136 488
1906 766
2176 703
1639 1103
1017 653
861 1034
451 1081
303 1885
1266 1345
1090 1763
683 2019
1058 823
643 957
87 56
153 55
1808 1340
1837 845
470 567
2312 1078
481 1653
1186 692
1764 242
948 1833
2004 1471
1599 1585
2235 2261
1264 1950
675 1354
3 1206
1845 1082
203 1104
867 2140
1645 233
1125 21
416 401
930 1182
2146 936
437 961
1643 1862
345 1755
2265 243
1096 474
1267 903
442 998
1770 641
253 61
1430 1557
246 1586
2245 2127
1036 2240
1301 141
1468 2247
890 1155
1603 1494
439 1315
205 1659
1860 1480
2207 757
2324 812
530 1328
837 1429
585 773
1768 2205
1464 1151
551 1267
665 861
1281 1789
1629 509
186 1652
1661 673
2240 1118
1006 549
1217 1718
933 90
1226 887
114 1605
2124 548
1214 44
230 1818
1527 711
2071 1727
1161 345
317 793
1360 1029
2315 2188
976 2334
1230 1189
376 2150
1102 211
2219 360
1640 479
622 2238
633 1782
200 2021
2332 1480
584 320
230 976
1606 919
34 1774
1095 1102
1935 1740
962 2306
240 863
1235 1011
630 1190
895 1233
1115 1847
770 2034
605 1517
1234 1922
837 57
105 851
2115 1227
1877 1518
375 1175
2224 1194
856 2293
2028 1253
1389 603
101 1819
1481 823
441 1427
1953 1
1800 385
2286 2314
1987 690
1661 654
466 1566
2041 907
1615 528
1421 87
60 967
897 821
1130 1112
732 1090
928 1317
354 1494
315 111
1504 1654
1932 751
2069 1467
1074 412
744 1152
1573 2320
1713 291
1038 2174
599 720
463 1633
670 1796
1958 2228
929 1774
1886 2106
112 1447
1193 2210
2122 1951
538 1714
674 1252
1770 1953
679 2200
198 922
1846 204
761 487
2271 1898
1667 269
288 2146
586 1379
782 2305
559 842
723 1876
2154 2182
1887 1899
25 250
2266 1676
1203 1601
1368 1010
1049 1060
584 1070
765 1244
2239 96
388 1228
674 249
1964 1628
695 1221
1369 147
2205 348
263 987
690 1258
1991 246
1669 1592
1630 1296
735 799
369 1041
929 701
1242 474
2069 860
1903 950
9 55
2164 2060
432 1395
1222 465
487 725
912 978
2158 1207
832 1875
1495 2074
888 357
1472 2001
1484 2266
1164 1076
1239 1951
1491 1846
1282 1659
1722 2081
247 32
1617 1814
269 1998
1232 735
402 1324
2279 293
469 861
544 1224
1923 614
1182 2272
2333 332
2336 1678
1040 321
824 137
11 185
1302 617
536 478
1219 507
54 218
772 255
1418 771
1173 78
1777 170
1687 551
80 2279
2233 2069
588 1133
746 392
674 280
660 2232
1781 1691
1439 2170
98 1253
1200 2254
1747 1582
596 2176
827 958
2053 890
1105 1855
1269 1697
450 1209
2264 896
1254 2090
213 1888
785 1290
116 771
1234 374
822 463
1092 1794
1946 909
37 1646
2156 13
858 281
2265 1393
1943 1928
1444 107
594 1524
589 2252
52 62
937 211
995 2114
1035 292
1018 376
896 1353
1069 1372
216 1045
879 1379
1927 1924
408 482
1384 1276
1790 1942
615 1361
146 140
1973 1944
416 1858
2313 36
857 928
1954 1548
969 234
45 1584
97 179
1534 1271
664 182
356 477
1477 992
539 1812
1328 816
1161 1590
1178 1303
552 1676
2052 844
1872 1426
601 342
888 2169
925 828
270 2098
71 481
1644 610
678 1189
2159 1629
1704 119
2209 1684
2138 513
1086 1426
1372 1645
1268 1923
245 1137
2010 761
2176 1696
2335 1547
1026 200
1571 1233
636 1154
130 2255
2000 1994
1560 1057
1489 1898
468 2023
2109 2260
660 1014
2106 25
1388 1372
1970 2199
592 1168
1891 1012
2056 239
2134 752
1063 1160
1881 991
879 285
54 2151
1788 1443
374 1636
1293 1163
1599 343
320 1162
193 617
1673 1453
1009 713
1142 736
2218 1562
114 435
2022 786
988 2251
2159 2274
1319 406
2161 2051
1301 1312
115 1046
2239 321
2227 284
74 116
917 923
2340 1943
1868 721
1621 1307
1661 103
2231 1606
1952 1911
696 2001
1866 1948
1125 1076
1916 234
1532 1983
1611 1407
373 20
1568 1947
738 1925
1716 645
2183 2150
1924 543
2280 2311
300 125
661 1342
463 325
2072 368
2168 1047
1345 1591
2065 1690
1165 2165
638 986
267 708
227 1188
2216 1130
1086 1015
252 27
127 646
1825 107
1291 427
1711 2169
46 1016
2036 2042
441 307
144 1122
663 2021
720 957
2303 342
931 1186
1822 2241
588 347
1939 522
1200 1113
734 1583
2031 1318
1605 1516
496 1730
2159 454
1934 965
434 1684
537 928
1986 1148
499 1949
1216 1519
1238 969
125 636
2313 1781
1338 2251
2291 1270
378 1511
1543 2288
1458 172
760 1726
336 1424
1389 400
995 915
979 524
88 2062
147 1994
1672 420
1984 1326
968 2279
598 591
1539 1985
843 1148
793 958
1572 1569
1170 2059
373 1171
1670 1959
386 562
289 410
296 2172
30 2034
11 739
1279 1695
504 1098
821 818
941 1567
834 1032
628 1643
592 1757
2066 1615
587 1567
2092 2293
781 391
2163 963
436 1335
2130 39
2140 1900
1051 1077
1488 652
1230 1422
1469 568
1605 608
446 1611
677 1464
1533 140
874 744
689 110
240 1322
1035 1809
2289 2137
344 746
2326 309
1755 2058
1575 1332
9 1836
406 1000
1083 1361
418 1749
1642 1551
278 1857
2100 1479
1385 2163
11 1271
1769 1292
2057 1426
2184 1242
1663 455
1031 1796
980 1753
903 1374
1415 567
535 948
572 905
1008 2048
943 711
1532 1546
2277 115
2055 774
1719 1093
534 1165
1733 57
627 1
953 1921
2103 1704
211 1428
282 884
193 604
191 1628
2148 1558
2003 1072
1929 1282
2231 2333
1506 380
2085 1101
1907 1231
2289 111
299 1150
837 2272
1597 671
1584 560
929 19
2129 337
1596 878
339 2094
1785 702
898 1752
754 880
2139 881
1037 2017
1613 1122
1275 1129
2225 1622
253 1400
256 266
51 157
788 1710
257 455
1684 1150
359 374
1931 2319
310 282
102 2226
647 2310
2023 1804
1144 1235
2130 881
2170 319
963 721
1344 1197
811 1631
1433 2292
521 629
301 456
2171 1836
140 787
2315 1001
1605 773
958 2050
1567 1138
1109 661
1310 1534
580 1985
152 749
1650 103
331 687
340 2304
1797 1162
1323 1117
646 1513
1566 762
20 634
1885 1181
527 2070
1440 683
1871 822
1083 1334
1314 2281
184 189
487 1417
2093 475
2013 1616
2182 207
1045 1500
2101 77
945 1120
318 202
2102 1784
192 989
1352 1976
1743 1614
1353 1941
610 952
1948 1978
309 1647
1085 1252
1472 730
756 2135
2225 1811
1350 421
1393 2340
2072 1675
1081 2231
1049 2043
170 724
2202 1523
123 1979
1235 176
1418 1565
118 2248
501 584
1957 715
796 1472
1005 973
351 1411
82 844
1171 216
223 1879
1223 1627
1838 1106
76 1013
1958 2338
1163 730
2330 742
994 1543
2329 913
2012 2317
188 2220
46 1874
1530 1985
260 684
1621 286
1207 239
1762 2010
377 1336
1331 1751
556 859
2245 142
1971 2213
476 777
850 1725
571 1131
2342 1859
731 1250
642 819
922 1721
1717 1385
790 756
2302 1516
2294 1411
577 2307
1228 1328
2309 632
1407 290
1731 429
1237 1269
2289 439
444 498
538 914
8 1328
1401 1459
853 1197
1463 722
1233 842
763 1556
1935 1744
1520 2284
2309 1576
554 1438
1013 1535
421 1756
133 852
1907 1703
2109 1075
2133 1124
170 543
644 446
1284 1993
1333 978
353 993
2184 2134
232 2201
474 805
1374 2187
956 2018
154 150
1265 1967
2267 1871
898 1765
1369 365
17 1337
909 874
1952 294
2316 1407
886 1182
1188 2295
68 2162
1106 229
2029 843
1047 140
455 1990
1316 2177
655 614
1893 112
1975 1681
1835 2075
315 1651
469 1364
313 851
222 1267
1417 287
1465 2192
680 504
65 915
315 1726
464 2308
1633 1045
560 95
1436 918
1295 441
277 590
1759 1017
1156 1952
280 1734
45 264
406 2298
2128 801
1937 1012
682 241
1697 667
650 1702
264 1062
1363 2206
517 2013
1278 1023
1810 1435
1521 1053
1510 1816
148 1406
1908 748
511 447
1925 2063
758 2135
1027 260
1001 1569
949 2268
1604 1059
162 10
1178 906
440 283
2011 1987
161 1499
839 2044
1140 550
883 180
17 1833
1447 67
1479 849
1589 659
1977 475
482 1534
491 2036
1870 594
1341 2131
859 1420
1249 2256
1610 102
116 1279
1079 1366
874 37
1766 1732
2050 1660
1845 855
208 2311
1694 1237
1448 117
433 2164
1244 257
395 2124
1610 1316
1529 2217
795 1564
1334 593
1618 625
445 271
2049 1636
2132 43
59 1251
1886 657
1813 1590
2275 1452
938 2136
1701 711
2168 1701
422 1839
1444 1876
1096 1861
50 1464
1199 970
1291 1268
2156 917
244 1841
926 2183
1037 1596
2054 794
44 1356
1763 1276
427 165
983 965
1996 1366
2144 51
626 574
91 1748
462 270
2079 1384
447 2270
1652 81
1751 1203
1726 1111
1854 1502
1463 1697
960 1069
1665 207
934 569
2086 822
1814 1211
1179 2330
83 1939
1855 959
1310 403
1819 86
2196 2261
332 1774
554 1312
432 893
1169 1384
2076 1912
2344 330
305 828
285 1711
1711 1408
1192 974
1511 1430
1685 405
373 831
1963 572
426 618
180 776
1486 1636
1512 1188
1434 1204
2283 652
1698 534
315 1548
741 973
1798 2198
2092 1668
177 168
387 1330
428 1462
1655 383
1296 171
676 1480
517 1554
382 1891
30 2126
722 1025
28 1882
1840 193
485 812
1576 1489
1510 1686
1878 1734
669 1995
1066 1356
2230 894
1635 937
1831 1013
1974 184
745 450
201 1387
1128 1234
894 1317
541 1539
1519 2214
1991 751
300 335
1723 2116
819 1775
335 800
1147 1640
1609 1046
2083 1748
748 1318
806 1981
677 1174
974 1154
1987 1992
2168 252
1009 77
1154 494
1209 188
1054 775
717 1732
814 2129
1072 1969
1708 1052
182 1287
41 928
1382 1912
481 1457
2242 279
2219 272
411 2076
390 1273
2015 2176
1225 1848
716 837
2049 1787
1399 316
1033 809
869 697
1358 1772
1298 793
649 1603
835 1995
144 2202
791 2003
1552 22
2207 515
1324 1244
1070 1942
22 495
1877 2144
467 545
382 502
2091 2223
516 215
338 204
27 1294
1376 808
935 1544
310 1542
1398 1029
1052 29
2061 354
1737 1066
715 838
340 1522
1656 1887
1259 2155
2258 743
1399 1775
1227 1114
1465 66
63 381
1132 348
1369 1815
2026 836
1883 314
1556 1270
429 1440
137 519
1327 1682
1471 1540
1914 86
457 1823
1833 410
2182 1738
742 1468
1775 1235
1311 489
2110 2103
307 1544
322 1101
503 1632
1026 4
1679 1346
941 492
1406 796
166 2023
2186 2020
1288 2208
2132 855
2152 1248
1318 124
1283 317
1927 904
1976 524
2213 237
1404 1872
1681 1607
1565 59
149 223
2318 1240
1560 128
1348 1709
2084 43
719 1272
2337 731
1597 2211
776 344
1114 1639
92 1306
1107 1146
2285 868
1962 135
1271 229
902 1631
1166 968
764 1967
1988 117
1964 967
104 2249
1616 951
1916 15
2309 2111
1810 2287
1515 1633
1222 782
1615 129
714 1601
1503 780
1142 1050
1962 1151
364 1947
1847 325
1313 907
199 547
789 867
1215 1693
1381 145
1755 771
1022 947
1607 2084
1250 668
2200 302
1431 215
520 1593
1569 2107
2299 221
348 1862
1384 2008
1127 1319
1624 2070
642 496
850 975
2244 1690
1471 1613
1206 2113
1604 352
1950 634
1172 999
1293 1559
1233 1489
2263 1973
101 1541
478 70
84 1579
1158 2210
1136 1727
1365 1563
1453 239
1644 1741
1320 226
280 597
1767 1133
1958 2155
1627 1457
40 89
1108 2194
2335 927
3 480
1988 458
1566 27
1468 440
1837 1716
365 1039
1769 802
248 1631
100 1740
612 1235
1531 521
2071 385
1309 2161
1692 1789
1838 388
1541 971
143 1370
212 1080
196 682
431 656
2135 419
561 160
1743 333
2188 1345
1141 442
1195 1423
2296 1120
574 1519
691 2234
1795 550
2236 999
1595 1395
59 305
1814 640
2320 827
2106 1405
1485 1591
333 1672
944 105
1198 1779
1630 58
1174 676
397 1183
2196 987
1578 1282
1129 635
1262 1229
1720 2170
1979 1063
1848 419
2255 2024
565 876
1333 1261
141 2216
421 100
470 48
1019 1555
790 1538
1044 1885
1577 1213
1690 454
1965 438
632 833
321 1732
1498 758
2188 972
919 1735
884 1593
1904 1915
86 664
1558 109
882 1487
2077 1427
2166 1380
1661 762
620 207
1504 699
1536 1424
418 1646
341 2078
1248 617
609 1025
1803 2262
1543 1782
1060 581
1039 547
710 1482
1821 1929
1024 890
2197 60
1037 850
546 214
1810 2222
891 633
651 822
1532 188
676 205
2345 215
1761 516
129 61
366 651
780 578
794 1308
1854 2296
1535 220
139 130
1436 2246
2252 1758
40 2097
1509 1879
51 1707
94 885
255 1881
1561 709
624 1612
1644 1670
461 1334
936 2052
76 964
2027 577
512 1224
622 872
602 779
465 1091
1417 407
1918 407
1479 2195
1423 498
689 1835
1495 2130
1344 1008
1629 1203
1646 606
1227 1091
622 849
413 1440
2214 1068
710 120
1401 616
3 1043
1666 2321
1656 29
961 1020
1948 867
525 1424
1822 579
1275 681
1099 242
1855 949
1863 1454
640 84
319 2295
1607 755
1762 1507
986 1957
2075 1344
1366 161
1805 163
770 924
172 2178
290 1864
2097 65
1726 911
2307 1949
1616 164
1379 1402
257 875
1326 1501
1688 2287
1347 426
2011 1080
1321 1632
1693 1873
798 321
2239 892
390 1467
1097 737
2082 356
2005 126
1738 2285
256 2104
2085 843
1193 1432
1945 1706
1056 1105
1064 1744
2250 1793
1224 1792
2140 239
1173 1800
1336 1621
159 1951
9 1842
222 1627
1760 2255
1260 68
1708 14
1853 2170
1480 82
351 1634
478 1585
24 1982
1470 603
1038 1872
86 121
2010 1449
784 173
2141 817
1131 457
887 1039
2272 2196
2130 126
900 1963
1300 1231
2108 1440
2100 809
1034 1434
1888 658
1530 1588
846 479
414 2052
1632 2047
464 640
684 1167
1455 887
390 399
911 2046
1954 181
1496 2110
1872 113
2039 2115
718 1988
820 2151
575 2306
314 597
403 840
288 1351
2002 579
1343 2
235 297
1636 2325
836 1582
452 1392
946 894
1002 2117
1700 2216
1206 1809
1629 2323
2343 703
1608 1512
2110 1568
1224 2128
268 1926
431 931
806 371
226 533
599 1274
1083 1945
2106 508
546 2021
1651 866
2148 508
1419 1976
518 965
585 836
254 26
1696 794
1745 1641
1470 1425
839 1832
398 1916
1471 1386
619 2124
868 1297
2330 1917
2206 794
425 1345
1705 824
1087 714
5 76
1015 416
1918 423
2176 1739
424 909
850 62
470 23
561 803
1862 821
342 1007
1424 2309
191 1834
1828 740
21 1645
2249 1400
1218 2083
838 138
1471 190
1712 166
1951 1827
792 2146
1966 1060
1514 1022
1450 997
1173 1529
1694 661
1051 175
1909 370
858 829
2088 132
1132 557
549 823
633 1183
211 115
832 1996
1428 173
1004 1874
1034 815
1641 2002
83 974
268 1441
270 516
79 896
1583 1117
688 583
2102 2129
742 1513
844 1520
1587 1553
349 1372
2115 650
88 2058
1790 116
761 1890
578 107
941 673
1982 1343
99 1537
1462 1339
1510 959
791 1806
714 1544
69 2326
1058 1649
2185 1711
1388 313
2199 1411
661 1637
294 2256
341 1221
863 1220
1958 1463
765 1932
323 2315
2233 1092
2198 1864
1863 702
1414 2295
6 399
427 7
1306 306
2173 906
1884 2129
2112 1481
1912 1289
1399 1162
1243 514
241 567
1466 1932
536 444
134 1787
2226 1416
1375 1892
1055 495
2098 2269
595 1446
2027 290
1953 1786
210 401
249 1396
2243 1767
234 942
567 2310
830 143
1248 295
663 2143
268 1800
119 1278
1801 1333
1208 121
810 702
1584 274
1236 1588
1865 221
2201 1724
1432 2071
1911 1329
2191 1113
790 2080
1888 671
1914 277
2214 558
2291 2236
729 338
1256 1626
1339 493
324 1925
2136 310
2119 1508
1750 718
1083 1413
1799 2029
554 2018
104 243
73 1514
361 273
2092 936
1118 1412
686 1693
2301 158
556 907
709 2148
723 1139
1910 2248
543 265
2137 1786
1003 1909
1631 109
2009 849
2101 687
1379 561
1188 1437
1553 1859
1603 1030
2059 36
19 268
1549 1535
438 1927
1325 1654
888 440
2193 1190
1689 921
2334 899
992 1921
950 2277
858 1526
2012 1967
158 83
459 778
378 677
500 1908
1398 470
1652 187
1220 1715
1619 1106
61 691
913 622
93 1657
2177 346
1730 1206
1123 486
1813 1241
1614 415
1543 954
1042 1822
206 1493
1058 1351
1581 1487
1869 2174
1119 1853
654 54
943 18
1153 2236
758 1054
2266 1777
686 1549
889 799
1756 753
1506 138
1584 1694
1322 76
1643 467
2181 2321
911 599
1099 1270
1084 1212
1410 1926
1409 2090
379 675
1093 70
736 1265
1021 1674
256 542
341 38
1322 1004
666 526
1943 132
1250 621
618 2237
1467 1620
1890 825
2159 2145
2098 1855
2328 2035
118 510
2327 1833
947 2045
2175 505
1560 1049
2242 1862
4 476
22 841
1968 29
183 1740
27 865
2259 100
1999 488
1247 808
1014 1094
1655 260
2189 2190
144 2116
1991 235
1269 351
1216 1217
1459 1349
747 1107
2095 1349
457 415
1304 269
753 251
335 1545
1488 2218
1889 2213
1346 1650
1781 1301
1250 1875
292 750
609 563
404 2334
1333 971
2031 1149
375 2051
1110 741
2006 956
2256 433
2067 1596
678 1075
769 1729
2100 1080
915 2028
885 1989
2338 1256
1278 1699
1837 384
1897 610
243 510
2316 1826
1067 395
2314 26
1177 1235
529 1950
1681 1498
2206 2287
780 228
2012 355
351 1550
1849 750
1097 974
1015 1210
1713 1710
1187 1729
114 225
1617 1995
1780 2135
1580 1267
19 1570
1362 287
912 1392
1367 2154
2023 2035
1973 1940
621 2133
2173 162
1612 1823
137 2153
196 703
106 2310
918 862
2125 944
1062 1850
593 369
812 1077
1634 653
53 204
646 1403
1425 1028
1770 489
1320 1990
2223 1352
908 2265
524 1875
400 2133
602 1486
594 1176
2096 2028
449 925
1594 1762
2160 2311
1472 693
1079 1776
2032 2031
1863 30
246 2142
2118 1136
104 697
1382 1493
1820 1851
1202 422
1940 1032
1842 2016
1638 80
224 360
1763 1260
862 1161
379 2166
1397 1597
1920 4
794 1452
396 1132
2258 2284
2047 884
1163 1892
1451 277
637 90
1662 1412
799 1555
497 1204
982 1572
533 2312
1143 2078
852 359
361 2104
1135 1160
1474 404
1129 491
2197 2208
54 768
1984 1585
1180 1108
786 437
138 387
1269 2044
404 570
21 1359
860 1902
398 1738
629 1243
2278 313
1333 256
472 1873
781 2332
1157 1793
12 13
942 1408
950 328
1399 970
1358 430
2011 2096
1919 1066
2315 1664
2105 338
571 1465
2029 1972
1445 1206
1322 1880
112 2307
1950 1135
902 694
705 60
1788 1478
1492 426
251 24
2123 1844
710 381
1769 885
2253 1846
260 813
1231 1708
48 1602
1283 580
419 1528
1698 1391
1773 1591
483 721
108 1867
531 818
1194 2232
2128 1592
2254 1323
1121 1702
1144 1961
909 781
1980 940
1184 110
22 1807
268 232
1685 375
350 339
776 2323
662 2208
2304 1159
174 2033
2103 595
576 2233
1152 494
1088 2081
996 1202
965 1473
372 703
955 1997
589 1574
1640 1625
1647 31
2144 11
290 1353
1600 615
1824 553
815 573
1741 593
1588 861
1812 60
1065 887
2219 2340
919 2180
2275 698
1089 446
2002 1277
1869 178
228 656
2160 2079
1967 43
882 1659
1990 687
206 2304
1819 2221
194 660
1128 1971
356 349
921 39
1877 1073
771 1931
197 1055
1627 1272
1381 1623
2153 2319
213 600
99 181
151 1960
1554 1895
740 2325
798 1904
2096 1134
1614 1551
2146 1355
1222 2339
1267 362
1476 637
1734 916
687 1229
733 2070
828 990
409 681
1233 1439
1363 1201
219 832
367 255
393 43
298 982
1721 607
920 1285
1186 807
1802 506
189 893
1387 1936
858 72
1584 1680
1078 1884
1239 1257
2289 1044
1396 1771
1529 380
2099 621
2090 712
607 1538
514 1385
1010 2274
619 1793
1891 1017
2286 256
1428 989
944 2259
1988 1658
2087 742
1754 1450
988 1770
1894 1029
301 1974
301 253
2110 2260
522 1196
728 1299
707 513
1168 1767
2157 412
1061 347
611 1643
1392 707
1583 953
1305 1269
2339 1018
659 99
1738 540
472 1592
652 1868
19 1887
3 685
760 1140
2220 1640
1830 2094
1776 910
1218 1993
837 327
53 1116
1780 1100
2252 397
1772 2246
804 2147
1674 1429
460 1367
1869 1143
650 221
1765 69
2171 1156
1563 1049
2025 2086
2156 413
171 877
671 2252
669 1191
966 1792
1040 41
2176 16
2270 1619
2336 1405
311 949
2270 58
649 1687
2282 286
1042 1827
287 696
75 442
1390 951
1246 747
1961 1817
1303 146
860 2300
1219 1707
1643 1956
1788 1533
278 1806
301 624
754 1063
318 1874
1960 648
871 195
1960 1100
2030 1706
2156 1525
242 504
1598 644
1377 162
1357 1106
2139 1266
596 1505
436 613
1201 2295
806 681
885 604
1465 564
2341 435
764 1460
1955 660
265 970
724 1709
1084 969
1386 223
267 2216
1000 2217
1953 2038
1098 467
1629 64
415 1998
394 1130
826 275
1445 31
932 236
727 1183
1255 793
1578 854
1344 1886
601 495
492 811
317 2149
896 436
1218 1435
359 1682
1167 304
172 1322
1400 1216
815 1737
172 1632
1485 1145
1690 51
1045 488
389 1800
759 272
2202 2041
1930 1808
1053 1041
1904 1483
2253 2298
797 2119
2121 1350
1011 506
1666 1411
17 431
1671 1714
1332 2344
1575 1392
2020 1986
1972 391
1249 568
1829 839
1325 997
2194 2286
808 341
294 876
179 834
547 1309
780 1570
1158 767
122 1383
2312 2296
700 588
340 1383
262 623
2127 1938
1859 428
949 585
2232 1221
1363 569
1641 920
1048 1746
326 756
699 697
1723 2023
811 1746
1850 2172
394 1694
870 1254
108 1604
747 417
486 1192
1731 800
1466 308
131 1579
637 1084
1097 984
395 1800
937 1133
598 682
1537 1803
1397 302
126 711
2120 171
1919 1263
939 213
807 883
726 893
873 1050
2262 719
244 2196
108 906
1111 175
93 1841
236 1883
358 453
1812 453
998 1937
1891 2257
1926 155
157 797
841 217
2213 2273
728 2249
1764 532
168 1174
1771 1984
1416 990
1213 1662
2197 1787
1332 2190
669 857
1500 76
363 970
1477 2102
905 901
663 817
1093 566
1394 271
972 981
1644 1452
160 2229
437 225
1255 1072
744 526
2290 740
1874 847
1126 1073
1468 570
2109 2297
167 705
826 1290
1819 980
2066 2174
326 2131
476 139
1850 904
1823 741
2271 1280
2055 579
1499 1149
1475 1359
540 1716
217 553
1256 955
1413 2331
389 993
1685 704
484 969
825 713
1636 2044
2068 409
443 1041
2103 785
195 648
734 2007
2238 1207
371 874
1844 531
285 1973
245 2020
2306 857
565 471
1624 863
312 1290
572 1494
1909 339
2033 1648
35 798
1374 1445
1185 1943
1755 209
1852 985
608 174
199 1073
1010 1091
2073 372
523 2314
169 74
238 163
864 1936
1299 197
1245 848
562 280
2014 2187
2066 231
2126 1778
1340 153
475 1056
1596 1198
1490 1940
2332 541
804 1400
1053 870
334 2240
1524 209
993 1717
150 181
319 156
1497 1858
1826 1762
200 432
1892 1516
829 39
783 2252
1504 2281
85 188
370 540
329 1768
1829 2167
821 1492
1656 2089
2279 639
1756 1286
1758 1944
2321 2215
890 2040
1725 1167
1190 190
51 1185
1562 435
985 1171
1960 32
2064 661
1380 516
502 890
2034 1941
2329 1905
219 1841
1704 238
5 1783
504 772
850 757
1495 1165
2095 1048
134 1791
336 606
630 2279
888 259
1426 735
2173 555
1110 448
1842 1736
1295 42
593 1146
1796 1714
1933 975
179 1622
2037 2086
1628 67
152 2205
1198 1231
854 299
40 983
1469 633
1461 2328
1445 1060
618 941
1273 451
2322 1995
142 883
1493 422
447 672
