5678 2482 487
3310 4826
4753 4463
1653 2440
3856 4249
842 1003
266 1270
1505 2190
3555 1694
4341 5469
2725 3111
958 4221
3507 660
4127 4799
4588 3978
2201 2322
4990 1253
2419 1343
3999 3478
2932 1539
29 3159
5618 221
5677 3371
1617 546
1077 4263
499 500
1331 591
4184 2153
1487 1817
4538 4611
3764 5090
121 3439
1260 4372
1380 903
3609 751
4983 643
3409 4513
4718 1852
3028 1386
4580 3762
4817 4168
1848 1621
2893 1208
1656 841
3325 1796
2435 5029
3958 3231
1579 5656
2621 4879
3346 3852
1743 3382
3440 4757
965 2338
1028 3138
890 68
1060 2797
3552 166
2579 3552
3612 811
5044 2910
3229 2844
795 4
4721 413
2654 3628
1855 1955
744 923
3678 3811
5381 2642
3168 5373
1547 4779
5333 2435
658 4268
3834 3468
2173 1472
2490 2070
1512 3615
3008 201
2197 2129
3479 645
3384 1986
5051 2313
4815 4066
308 3720
2018 4838
2357 1296
3749 1764
1118 4262
802 2688
1545 2523
1881 3096
897 129
27 5455
4028 2917
1215 1228
2513 2596
464 4464
3189 2316
4732 3170
442 727
4473 5076
4169 503
126 3097
5556 4279
2211 5335
5538 4641
1382 3157
3223 2754
3425 4567
1079 3389
678 838
3831 3003
4934 3875
1521 3472
1070 1048
46 1290
5253 299
4629 1911
2827 4681
4996 2452
1138 4980
3329 4811
4748 945
3199 5421
2448 1806
4211 1289
3653 1038
3353 846
507 2314
2963 3009
4113 4637
2321 3868
1020 256
3158 779
2024 2455
3225 3341
4855 4941
3772 3577
1510 97
4382 4106
2064 5409
3514 4000
3113 894
5658 1726
3354 4455
730 2690
5064 1818
4747 4968
5591 1575
426 1574
3253 5542
316 4541
1857 251
4773 3360
4364 505
2588 5126
1101 1350
3354 4408
4665 1832
1487 5361
3463 4624
4322 5344
1676 3729
2711 8
1154 3781
4439 2123
2512 5046
4567 4077
425 171
5424 3707
2048 3068
343 170
973 2865
3201 662
5482 371
1413 2154
5621 2255
449 455
1933 2346
2834 5283
3588 1936
906 4040
4618 5246
717 5629
1696 3907
5231 856
767 3015
225 1819
4497 1645
4778 4576
2083 5195
399 5131
2436 521
5059 4628
3035 4775
5669 1292
4336 407
3237 3302
2456 5608
3426 2487
2076 857
4451 2150
2127 3520
1096 2918
5154 1878
4565 6
902 4516
4880 4798
658 4785
545 269
4014 5007
5214 2474
667 3038
271 3112
4898 2995
4238 2915
5410 2317
3348 3289
361 3829
2217 3551
313 378
1804 3234
2892 1807
4357 5675
2026 2436
4836 912
1904 4163
2278 4532
2028 5607
3131 2838
1429 2864
4202 2751
2619 3002
3240 399
4359 3936
2641 4670
5173 1959
4205 5553
1152 1343
1433 3873
4193 2169
4260 4259
3092 378
5645 2342
783 1116
3487 2826
2495 4043
4129 3569
232 5502
4483 2931
5089 3159
5606 441
789 3702
4706 2297
4661 1105
4385 2390
2504 4744
2798 885
995 50
439 5523
1117 2438
4639 4507
1787 5298
4032 2216
2758 1930
2886 2267
443 5252
2413 4587
1181 4236
2988 3081
1752 3672
60 3347
4221 3227
5286 3231
19 2406
168 2679
1675 5644
2365 3022
3733 2802
1476 1195
1947 4002
4804 2485
3588 3970
1298 4384
4928 5470
63 647
350 5034
2960 2688
4183 3639
2722 2218
2951 3133
2142 98
127 4915
1337 2423
4960 1641
2406 1003
4250 1106
4430 909
5057 1929
496 2886
4568 5525
2660 1799
2261 3566
3375 4636
5455 144
774 3923
4946 332
3917 3266
4733 4889
3232 5491
5326 2683
1847 4003
1681 2352
3249 3275
1337 271
2412 70
226 3088
3540 3505
3884 1246
5154 915
2650 5258
2314 49
804 745
4180 5466
1123 5446
2087 2968
1661 1251
1153 4216
1848 65
1732 1467
1716 2752
3346 1076
2414 3985
3239 3076
2326 5428
3571 2587
2333 4738
4976 4094
4946 5115
3677 42
1092 3418
734 3248
821 43
771 549
2970 4994
326 4743
3222 3031
2404 4437
4418 5455
717 3715
4570 4772
3913 5606
5483 3720
2006 1557
3150 2996
4491 2724
4818 1272
3164 2317
840 4559
2272 4537
5507 1752
4797 3858
213 2084
4903 3560
4935 2797
5446 1837
683 4176
1929 4703
3165 4629
5230 1451
5660 519
2890 4294
1411 3585
3545 1822
1931 3166
3901 4895
3758 2710
4239 1786
4578 2204
4773 476
4407 5488
3758 536
3864 2517
2079 3309
1542 733
4307 4969
3797 5449
223 2449
2563 4456
948 3229
3467 2225
4278 3856
2592 4788
3947 731
908 4206
2104 5578
5146 4585
5299 1462
1573 5639
3044 1190
4144 4348
2693 276
491 4838
1636 334
945 1621
3995 5270
3358 146
2774 520
1365 3440
209 1429
5168 3390
1611 4336
3941 2083
5258 2339
2846 5103
3191 429
451 3048
5105 3770
1475 1332
2426 454
3631 985
3059 211
3235 2337
5202 1137
4629 2243
1203 1695
389 2880
4893 2781
1116 5046
1159 1601
1488 5057
1072 4122
4129 1937
1367 67
3599 5138
3429 133
2680 1973
2336 1436
2953 4310
1552 2952
2609 5103
3072 247
1776 4438
3637 3305
2047 2282
2251 3320
2973 3413
1635 831
4202 1898
3444 5234
1998 3647
437 5462
2337 748
1828 600
5251 4096
1135 4421
671 2856
5412 1091
3320 3629
3987 2202
2469 2681
4329 4824
2478 736
296 4414
3716 3090
1504 1014
4555 5010
4283 3135
2348 5315
4383 2268
3415 4232
4429 5553
2994 4786
1237 1056
2848 437
4362 3371
4870 1158
5603 3341
241 1533
3672 631
3933 5268
3161 939
4949 2365
807 954
1189 1562
4756 4847
1370 1340
1693 1185
936 5175
5388 2705
196 4807
2292 4121
634 10
3275 1581
220 1075
373 2534
666 5148
2134 5435
3424 5278
1885 206
3332 698
2446 786
4194 1479
2737 431
5058 609
2982 4265
3988 3316
5396 5259
5130 1301
3739 1425
152 5615
2697 2970
4550 864
391 565
664 1722
2134 3859
1153 4894
91 1045
1644 1080
4797 326
1224 199
1805 2136
1044 2585
3169 516
3497 32
4294 2145
4526 4007
3300 1150
4426 1173
240 3995
5193 4381
2930 3893
3122 899
300 2708
1851 2488
5525 3008
4742 4622
4668 999
3856 5284
3715 586
4828 608
1191 1169
3480 1260
4871 699
5335 4111
4833 3608
2122 2827
1487 4591
3077 2101
4666 2725
508 5089
580 5308
3484 2058
1865 3387
4786 3396
2569 552
2002 163
2616 3924
1018 5558
1088 3405
4680 5238
4648 3095
3342 852
1781 288
1199 2394
298 1793
5570 2034
2768 5480
2859 2140
272 4690
670 4685
2606 5354
1643 2815
5510 3990
4947 1528
2814 2929
1055 1049
2518 3119
3141 3957
3902 5022
1938 4093
3233 3167
2765 4882
1661 2175
566 5066
3632 3810
1040 3960
3051 5590
2323 2362
3693 594
2213 3520
4848 5362
3388 3383
5605 3621
5315 4856
1830 1815
542 4040
5036 4460
3142 3177
3410 1221
3080 386
4166 4725
4966 145
4012 5048
2383 5356
3688 805
3230 1220
78 4202
4105 1670
473 3080
4462 2085
3328 1579
339 3159
5211 502
4562 2354
4203 1630
2382 4796
1448 497
4953 5378
4109 4478
5597 1862
3134 4256
2377 4148
5041 5207
2414 2981
314 1749
1575 5281
3730 3396
2897 2505
764 796
4619 3707
66 5255
4970 624
3710 2318
3311 4746
3291 2375
4931 685
3207 3408
3175 5367
5331 650
1014 5641
1368 1505
5296 2276
4762 3007
4419 2674
1482 1039
1692 5559
1826 1354
4328 834
4097 5026
912 2518
2358 1350
2125 4054
4110 1843
57 2622
5218 1653
723 617
3232 4981
5349 4190
1391 5323
3486 5410
4662 1570
5447 1648
4511 2444
3888 5499
5477 1029
1294 2141
4532 1686
1671 5624
3251 1790
5202 1765
2505 2144
591 2671
1606 2271
74 722
2334 4548
61 782
2225 4867
3017 2453
3898 3809
4633 1075
4220 1336
2340 450
2302 2383
1959 4130
3828 610
5624 1381
542 2538
2027 3528
5130 3904
1789 4737
2425 1463
1321 4823
2959 4104
595 4738
1261 817
3525 2368
4638 989
1677 3423
4358 611
5647 3576
1248 5192
2804 5146
2259 2432
3335 4358
5609 16
454 1589
2631 1165
5389 2575
3045 4303
2501 5104
490 5205
2779 769
3429 3868
604 1239
1543 3406
908 3144
3912 640
3558 1570
2574 4087
4675 2180
4447 3914
152 484
487 2180
5070 3061
2906 1536
3967 4196
3144 905
1902 1543
1180 1838
5183 4556
5321 5208
2655 3057
1442 1033
5060 2665
4468 4255
1370 486
2905 3182
5385 4175
5139 2717
5637 955
1178 2875
5098 118
35 2018
5077 5609
798 4855
4948 5049
1415 627
1091 5224
1399 661
72 4005
2628 4801
1145 216
5364 2570
4511 2241
356 3294
803 1519
1735 1960
4658 987
3432 1850
5 4816
444 5437
1782 5480
4389 1598
4926 4698
2544 1402
2015 3295
5329 3423
3761 3510
4604 1229
1264 170
2259 4816
2563 4080
847 97
2550 5081
346 808
3678 2424
421 1276
615 2828
2221 760
2100 4336
2074 2550
757 4242
3327 5008
4495 2935
1776 622
258 4474
2436 3273
3292 877
5308 3097
5580 1603
2200 354
3489 1723
1337 979
4922 1234
4880 2062
709 5437
4664 3784
3002 40
5580 593
782 1173
4030 3875
1083 2070
2142 4442
3286 2341
3976 4769
3166 5495
5588 949
3826 5349
1059 3901
1652 3130
1942 3754
1202 5304
4024 315
1794 507
978 2416
707 3676
1792 2845
5557 2168
3373 5617
1920 4845
764 85
2634 4753
3194 1832
2733 3542
1196 5290
132 3056
738 4837
1575 49
4942 1773
2774 4329
1257 5210
2336 3683
501 3460
3679 2323
1366 4937
3447 2871
5626 3871
1486 4796
4780 3675
5509 4006
4339 4350
620 4697
2853 3638
2500 1700
1753 3784
5174 5437
5481 1419
4985 5389
2163 2852
2532 5619
1729 4678
4142 894
1382 452
4615 3533
2062 3660
5498 5541
4291 3753
5657 2148
1489 4145
4354 787
210 161
1516 2132
1017 692
3602 3607
5126 2078
2564 4299
900 2869
5350 1967
3259 3039
2978 4124
5216 784
4004 2074
2749 4386
3387 4876
3493 4230
4583 1787
4164 4568
4127 2800
1886 94
1861 1567
4008 1666
3013 2052
4331 3830
633 3650
4695 3016
4790 5573
4356 3949
136 5567
662 874
817 4414
274 3407
5238 4945
5305 2151
4132 821
3380 146
491 4442
4002 473
3756 849
4873 4794
4370 1405
1187 73
4338 5375
1361 1636
612 218
2270 4314
241 3011
2293 4256
4952 2865
3816 4885
988 866
3542 4094
191 3746
1441 426
2387 1698
1325 22
4423 2539
3124 5586
5655 3270
3031 3655
4506 4865
3834 552
543 3895
5229 1420
3773 304
984 221
2508 5007
4520 4554
537 996
1738 3767
5648 647
1741 107
4311 1962
5389 3618
4465 3462
2377 2529
1666 1166
1416 5284
4234 1826
2754 5484
3642 1465
580 2970
1355 4981
1771 3871
645 1658
631 3965
1177 1756
4741 1391
2179 3947
57 2557
3960 5450
2852 5050
1613 5627
3457 2729
3855 4483
3750 986
4874 921
1569 967
4567 1497
4850 5558
5475 1815
3065 2789
4594 3893
4498 3499
3477 381
1195 552
3550 1656
2938 3533
404 462
4275 2923
3172 2499
3555 4251
4605 1367
5096 3581
4283 329
2881 2631
2336 1968
2982 935
575 2846
5119 273
5180 1993
573 1914
3046 4255
1234 3060
3766 2404
1564 3178
288 5464
3075 2625
3947 1880
5224 1950
5628 2441
2374 1350
5359 4573
4523 5207
2777 2558
884 1606
4656 281
5290 3108
2138 5074
5488 4284
4039 2356
3706 4099
2755 3397
238 259
4892 1097
349 4174
5497 4564
102 1737
5397 4293
3856 875
1925 5172
3299 122
1013 4123
1086 5472
1990 3246
3457 674
2861 3431
2678 2829
2974 844
4815 4269
324 3701
861 4680
926 2707
766 3968
3033 832
3870 771
2262 4257
212 1162
4101 615
2327 1196
2573 3971
2080 255
1797 3372
4888 922
5384 1515
4169 1695
1782 2168
898 5181
3277 1008
4793 4360
1498 3808
439 5371
4379 5085
1440 437
30 118
3864 5040
466 2052
418 1779
4716 1283
3629 1037
726 2807
75 5297
4108 5668
4721 824
4947 2893
2639 3328
703 1129
5187 1461
411 3072
2832 247
4863 1895
971 4795
2156 1071
2884 4192
1203 3668
248 5666
1116 785
2572 2268
2469 3327
5012 243
5072 1112
3553 4649
4922 83
1298 3083
3134 937
3936 2526
1455 257
1310 2960
3441 2996
2239 2815
1795 3363
619 354
59 2935
125 1985
1116 538
1349 4536
1207 2471
5324 1600
187 4516
2049 2315
5528 460
2544 4536
5509 4676
474 1374
2564 1478
3865 3893
3313 5546
4545 1261
2849 2900
1803 3226
3697 1558
4369 1666
1861 2814
2565 3661
5319 2695
5295 4479
2554 3705
4029 5571
162 2725
101 4124
1158 2547
3269 2525
4148 4223
2914 1900
3113 2520
5064 1735
3594 5328
5173 3690
5631 5005
3422 2466
3456 3860
783 4493
3451 1442
672 1233
1344 1243
1423 1503
2652 821
5275 4238
5445 5386
2593 3666
1077 85
2822 642
4061 2570
1046 489
3529 3314
2081 122
4204 3878
1064 1035
4616 3435
4608 1048
3496 1122
5025 5239
1163 4568
4893 4546
688 1341
1185 4648
413 2063
4928 1189
961 3853
1883 4376
220 3834
2529 837
509 2398
1786 2979
3082 3165
5019 4209
2044 4330
1571 3898
917 2291
3349 2405
4500 5593
1916 3726
5183 2838
2451 5498
2233 4264
797 4357
5530 3485
4604 2674
4930 4372
2447 1898
5369 4710
4972 5605
3572 3309
2621 1509
2178 2673
4887 2516
1693 2042
154 2791
3705 5087
3986 141
3628 9
3778 5083
1282 3076
4914 131
4577 2896
2945 2071
3671 395
3295 1168
2667 5628
5515 871
1590 2956
4545 124
3368 3205
4177 1881
3402 3914
1853 1727
855 2576
5091 4935
3006 4173
2019 2692
3070 958
4686 2798
4125 2455
4897 900
200 1963
340 3136
2766 5201
1730 3807
5002 3386
3043 708
69 5539
2558 4968
3246 1142
5245 2923
1814 5023
3074 3829
3667 5641
718 4386
2718 5540
2765 706
3231 3781
2693 5517
167 2254
1011 1431
174 5109
2405 91
143 180
3685 5039
3702 1328
5013 1501
2158 1953
4541 1754
2598 281
3492 5314
3296 113
135 4388
2211 398
4398 4872
3300 37
667 620
4360 1954
3352 290
1002 3021
5152 1122
5308 1971
2114 4407
1347 5189
1802 384
5106 2758
1709 331
5615 3403
25 3703
554 2597
435 636
390 1120
5280 3839
127 191
1246 5406
3371 5609
318 5460
1876 1747
3117 961
1082 2190
1565 4019
3745 2603
1106 4849
833 613
3847 1245
3844 2208
3293 3398
5571 3124
4045 656
3616 5667
1345 2138
1016 4192
865 333
2001 858
4757 3882
1835 1869
1111 2239
2578 3546
840 4122
3443 755
1243 1624
190 13
1500 2973
4633 5158
777 1582
3257 2984
1850 540
2423 2783
497 4788
5059 317
1024 1654
3188 5461
2841 3073
2567 466
1906 1595
4637 3149
299 1450
2599 1122
5550 3681
86 3239
1981 2965
3558 480
1845 3788
4169 264
2373 2055
1105 1207
548 5536
3401 705
3832 196
4007 1685
3430 3237
1333 1353
4831 4034
3948 2359
1939 3911
928 1919
2546 5159
3637 2481
4472 2071
1019 339
632 3552
2185 1869
3771 3670
3566 598
925 1878
1220 5066
4308 3243
5672 4297
3951 4878
2571 4159
3812 4853
2128 2439
2318 2978
1491 2135
2551 4832
1827 4161
2216 4150
2097 5640
4658 2301
4501 546
4450 2571
857 3466
4705 3754
1437 2379
1051 363
4319 4957
3846 2144
4018 520
3199 2452
5217 4108
3366 5555
4128 1484
745 1828
651 4507
2519 4604
5567 278
3664 1121
5309 1288
4867 2371
1737 4285
4958 2738
3651 1603
4776 4035
5321 2882
2301 5009
2941 3872
1263 4965
4000 2061
2269 4502
5477 1777
5575 3670
4574 3969
5475 2792
4957 5671
226 5056
5558 2759
1298 2618
1644 281
2376 1447
2543 5053
2794 2242
2699 4914
956 2676
2329 850
618 3780
163 940
1809 2607
3543 935
5083 4031
4776 4403
137 544
3972 3040
2782 1781
1582 3618
3593 5600
1181 5503
4028 3315
3811 2164
928 3438
2825 1568
639 2411
2153 4274
3758 1768
4171 5303
2309 2246
774 3233
3426 4017
1474 1563
4913 1476
5226 2971
837 2515
4316 5121
42 311
1526 3622
1058 191
5451 3249
2397 5196
5106 4210
2188 1487
4091 5631
1655 4103
3869 81
260 2132
1872 1525
291 3739
4522 5014
1588 1453
3020 1451
3652 1733
483 1021
5264 905
832 5614
5162 952
4682 2894
4412 3945
2769 2361
1627 148
5166 31
1237 4304
3188 5072
2557 3775
5541 2897
2343 3948
4741 3658
1026 380
2533 300
3373 1285
4349 2702
4657 5517
2410 1854
1840 3703
4121 1597
1282 5419
4010 2199
2185 4062
4135 909
417 532
5009 211
4163 287
4813 1421
3895 286
3833 5218
3603 4170
3579 482
4253 4987
159 3275
701 3229
3502 4455
307 4839
970 4077
1216 3911
2279 4044
2215 440
1890 2377
3198 4762
4387 5677
591 360
3921 4422
2950 4917
3720 5136
5473 1574
4459 3243
580 5249
3014 1182
2064 3691
3730 5031
2507 2107
2304 2658
556 3753
454 1490
5262 2342
1654 2703
853 938
2052 1388
1484 1460
110 1270
5273 4421
459 3168
3868 5098
5529 2843
2297 2376
4584 2709
3007 1723
4580 202
682 3884
3500 4877
1717 2946
3367 2363
174 4812
2057 1739
2089 1799
4202 3527
4213 958
2874 4881
3801 2339
5132 4404
1561 5642
1941 1965
2744 2834
3685 4019
3339 277
5186 4027
465 4565
3275 1254
1813 4695
3129 4287
4298 3743
3439 2942
1021 2745
3688 1888
1684 1701
3336 3685
883 2116
3254 2540
2453 4081
1083 3086
1969 530
655 3967
1791 420
4930 1286
1922 1607
5237 2533
1376 2081
5442 4147
5146 2372
2308 2388
3496 38
1624 4693
5196 4506
5634 253
2927 1712
565 3503
3241 2706
4086 5633
3193 1780
4379 263
620 990
3312 2011
4258 4208
5531 5190
1962 3222
1553 745
232 1351
3581 4367
5071 4798
2833 1085
1216 3408
2212 4389
4131 3283
4949 1092
3100 4688
4925 4291
2884 2655
5086 1241
1414 1000
2770 2467
3362 1884
4643 443
1532 3550
3552 3037
2469 1769
5232 1501
130 1406
2090 3059
4008 3057
2101 1554
4134 21
143 1876
4545 420
855 56
526 726
4956 3192
1023 996
2590 795
4944 2071
2337 2885
2581 3794
3226 4408
4399 5548
17 1338
5178 5567
724 920
1201 3733
1830 722
2162 5653
1655 2989
1927 4079
2309 1599
3813 477
5127 1623
3465 4425
4563 4628
737 4640
4364 1469
3694 4442
3720 1300
4121 4988
75 5221
2460 1192
2177 2443
1983 4676
3189 684
2008 1389
3771 5414
1913 3529
5511 4146
3271 4161
2738 4047
1227 5468
1195 1625
5446 4866
3876 115
952 3657
3098 2822
5673 1719
1084 5520
790 156
4711 2717
2082 4021
4250 159
662 5552
4171 5000
1614 1340
5258 2806
3378 856
4350 4635
1940 1713
1371 2095
3779 2425
3981 798
3084 2230
2683 4257
3390 952
1319 896
5237 4614
3088 2232
2901 455
4269 585
3989 1683
4529 2677
2137 1178
3125 5126
3722 4663
766 3639
4808 3440
1947 5369
2685 774
805 888
2464 2248
1013 304
124 1238
4414 4818
5328 2629
524 4928
1351 37
4691 728
4982 785
3556 1176
3069 882
4934 4587
1510 4435
3774 5259
4657 4400
4890 2245
3079 1526
1879 1649
218 2441
3496 577
3396 868
656 1096
2467 1204
4877 469
1648 4471
3249 2648
1971 1444
1720 2574
223 1410
3819 2409
3714 5515
617 2340
684 4423
3535 41
1634 289
5651 60
4225 4410
4740 3236
359 2312
4856 3980
5029 2915
1491 2402
5569 1077
1477 5100
1156 1738
726 3150
481 4720
670 3386
702 257
5678 4585
3823 4552
1660 4386
1251 246
3740 3219
143 2645
5054 3039
388 3831
1942 2912
1572 3127
5492 5469
4012 1679
15 4562
4683 2131
1470 5349
2889 4494
1306 1457
2184 1025
5613 3212
1917 2705
829 5545
1278 638
257 3996
4935 751
4913 5559
5091 2483
3809 3074
5130 2674
4904 2426
3131 2984
2134 4927
4717 1668
938 889
1828 4511
3503 5248
5670 2410
1253 2808
1727 2930
3992 707
4812 5413
3832 48
952 4638
1764 4716
799 122
3262 702
4226 246
926 1395
701 2139
887 4745
918 4415
5537 2709
569 586
3135 1422
5411 1474
2992 990
2700 191
1432 3386
2247 2119
4065 3532
3197 1884
3603 4347
4240 1458
106 610
1836 4371
2092 839
2285 3327
182 4908
3486 3109
4085 850
1345 5230
4048 2611
3967 4991
4783 4780
523 1742
4952 1440
1774 3687
2940 3222
3227 3777
3146 1576
403 4026
3635 4059
374 43
2009 1175
2643 1314
995 779
235 2573
2220 466
1028 2059
713 4886
4644 688
3224 5418
5088 471
5532 5384
4637 3253
4189 3979
1052 614
5315 1439
3408 2862
1273 2103
4247 4641
3526 3796
5278 5586
1624 1841
3490 2826
4106 5198
758 2280
687 5481
4123 2761
1682 1159
2263 4133
2231 3842
2274 3965
993 5225
2912 3636
4167 4836
4190 3502
4354 2779
5251 2637
3454 339
1532 4749
146 1125
5380 2553
4596 3018
4535 4431
2813 506
218 1152
1375 5062
5322 2260
172 3950
1895 181
2238 3382
5581 227
1824 27
5646 5599
4926 1538
3518 4736
972 568
5369 633
5220 2341
1485 4964
5019 3578
5037 4214
4372 5150
4942 2661
5149 4531
1206 2801
5317 2602
5110 1767
4172 2546
2253 3845
1789 886
936 5038
1502 4049
1885 3320
1757 3959
3085 813
523 410
2001 2711
3622 4523
2114 4610
3613 2330
5378 357
1446 1198
1526 5338
5165 5252
2693 3219
5664 770
3559 617
1795 1257
2675 5374
5223 329
5611 5256
15 5288
466 1540
3197 2159
4953 5424
921 3399
4784 5053
1577 5275
1882 2309
4385 4020
335 3576
2836 4748
3087 1344
4877 5566
1196 4444
4151 1529
2295 2191
1725 4293
341 2501
4323 4292
182 4560
5125 886
1438 4974
4831 4231
4476 561
5588 3357
1549 2450
5105 1612
2183 4825
1280 4937
3895 233
1212 5021
3499 1828
1626 2022
5406 1299
4444 1387
1718 4120
290 3731
2332 2552
410 4508
5476 62
700 1789
3772 2528
966 4215
4763 1559
3466 1017
1529 2470
5452 5461
4747 67
3115 1500
3664 1811
212 897
1766 5551
584 2521
442 3333
3450 3089
374 3547
5472 5612
5093 4901
2182 3459
1645 1447
5382 599
5383 2614
4243 3409
5325 5295
2369 5042
4252 4567
5655 3711
3121 2090
3743 1135
719 3437
4060 3756
3519 855
2754 4012
1633 915
4594 3955
1475 1087
5221 3649
3380 5634
2126 1566
4445 4304
2603 1113
4550 3702
4671 3530
2737 3337
5510 2905
953 403
2848 2649
2872 977
4337 240
5103 5391
3927 3630
2303 4970
2756 1491
3951 2985
5086 1110
5503 3143
2591 1685
2983 1366
579 1627
5013 1002
1676 2896
1810 94
1798 3925
4480 820
4770 3584
2746 4821
3552 5487
2740 2005
2463 2205
4899 5564
605 4269
2556 1805
4207 4037
5222 4895
3470 5549
3434 2166
767 5565
413 3205
791 3256
5098 1979
1236 3857
500 559
3252 659
2817 1813
4361 5533
2789 4514
5491 401
2114 1184
5522 1786
4690 1609
1607 4489
3939 4180
4282 4149
79 4523
4564 282
3843 3101
3176 4047
1207 1315
576 1983
424 1247
23 3474
5277 5604
4034 321
4084 5670
3352 3597
5357 1857
4568 2991
2264 1232
4852 1587
1153 5256
5037 5
578 3709
1776 4366
3961 481
4051 5017
283 4502
5385 3997
1407 1611
3799 3599
644 4404
2734 5187
4905 3484
3461 3036
1197 1936
231 3284
3599 4645
74 1110
2315 4291
2601 4746
5493 5615
1194 2843
4211 4578
1295 161
3284 3669
3562 4492
1721 1924
5662 4716
1469 2104
5555 4091
3046 171
2006 3979
1066 5156
4897 2371
3962 3093
5082 1180
163 1861
1323 181
1785 4470
2589 430
2556 1715
1563 1076
224 3542
4532 5248
2510 2071
3929 3464
5673 1615
5199 3573
2437 2236
4892 3468
4987 3038
1456 2322
5128 3038
2030 5240
4201 2847
1871 2971
1049 3958
2560 3677
963 5042
1568 5087
1551 932
5267 5194
5277 4359
2813 677
812 3368
3689 3483
2305 4742
2912 4375
1770 2728
1208 838
186 1139
5202 3841
3876 182
1669 2149
4970 1585
1696 1288
1607 4644
1029 2187
2584 560
3404 2302
1079 5099
239 2296
5562 1126
4739 849
280 4447
2254 2080
2463 1689
237 2131
1030 5290
3964 5650
5068 2898
1722 4033
4365 3732
625 2908
547 923
4310 522
1731 3286
644 42
3164 4764
2967 5393
4155 2465
3101 781
1604 4046
1454 1674
4088 3734
3890 4171
3304 4628
4610 4490
2712 4841
229 3093
3031 4997
4971 2913
495 2910
1015 142
5022 3319
5102 3947
5422 2313
1610 3611
1704 4736
4363 1514
2771 4609
2775 5608
3296 4488
5403 1388
806 811
717 263
2476 1349
2291 3411
2571 943
353 3733
2375 3348
2167 1795
2916 1099
5352 3337
398 4675
1829 464
376 1513
635 4954
4154 2112
555 1987
2096 4565
5227 5171
5164 3890
4553 4433
430 4098
2130 2687
3629 2608
2054 3247
3209 410
3323 2872
1548 4132
2463 3355
4155 2565
4076 968
3339 1161
4749 346
359 3067
5479 462
3788 5165
2564 2173
2139 1844
5272 1160
5415 1214
5246 5585
1518 4652
409 4290
3368 3427
591 2091
2919 3850
1790 202
3679 5491
4560 1187
1027 1835
3788 3652
3260 2746
5110 3748
2399 172
4873 2333
1382 169
333 5482
356 1801
4938 4261
4905 5653
1997 3481
4326 1589
1651 1329
2417 3603
1672 301
2255 1149
3644 4960
1408 3227
689 3092
461 2014
4093 1895
5327 1585
2059 92
5092 3863
4073 1665
2192 2573
1027 1232
2794 1365
2498 247
3004 2964
2012 2549
2306 2970
5133 1252
4621 3113
4195 536
2942 53
2535 4861
1017 2586
3251 628
3097 4351
3695 4166
5152 2226
5089 761
5078 4959
2638 5585
3940 3553
3625 3369
2294 2103
3254 1235
348 2868
2904 3526
1934 3343
813 736
3537 1818
1435 3445
3637 1932
384 2986
2389 1499
4150 5598
5462 4469
1005 4435
5535 332
2854 1867
4654 31
4622 1479
2320 621
4295 3184
877 4771
3058 2684
4138 1114
3283 383
2734 2030
3805 2636
4165 3591
100 5318
2920 2293
2082 5533
5228 5287
4583 3924
5646 3619
389 2626
4289 570
503 2803
177 2385
4304 4139
5219 5210
3025 3794
2493 3566
3506 370
2679 2810
2116 2154
5286 471
919 720
5456 3407
280 3545
243 1438
3183 470
16 1879
1121 256
3184 1714
3099 1400
4543 2553
2644 4295
4209 3879
159 2768
265 5258
5514 263
141 400
4070 391
1492 5301
380 4070
5442 719
1207 3471
230 1229
2993 3565
3715 372
3716 873
98 5292
2157 4570
1812 1346
3983 266
2612 109
3003 394
3600 4980
3862 3242
834 818
5204 4467
5169 828
4172 3641
244 3054
1067 5416
1283 1013
3444 993
2357 2256
1006 1124
1491 2266
1165 2085
5004 5484
2973 5069
2689 2919
773 1882
3108 840
3187 1434
5607 4551
2051 4374
4691 5347
4619 2430
2196 2250
4572 5143
5176 834
1222 591
4861 2954
1383 349
4680 21
2596 1756
23 4237
845 4911
3172 2777
800 5539
4 597
4324 730
1944 1240
1525 3641
2900 4418
1831 2266
2979 1514
3598 929
1858 3361
1925 493
2582 5280
3962 2298
2030 5215
1863 5216
3992 19
1984 175
693 2863
3954 429
4909 5235
5551 1092
1127 413
45 1783
3082 5108
4647 4794
2434 3170
1340 303
2412 242
4036 5530
4365 3936
2884 931
1943 1458
4998 3910
1684 4673
1969 3595
2335 4350
2445 5468
3652 2763
1211 3998
4384 4978
1053 4276
3667 2091
762 515
79 1174
1076 1613
4149 1271
1843 1352
176 1755
5468 2483
3849 778
677 308
1486 2070
3126 147
3854 349
2134 4728
741 2364
2249 2555
52 528
2761 174
1098 1912
1970 1589
3334 916
2960 977
2203 4082
1152 1223
1752 4329
2604 4900
1285 3823
4409 1423
5603 4550
4417 3824
20 2437
3001 1618
2371 4827
3766 2993
5016 775
4233 686
4684 147
1390 39
262 61
324 5490
4485 64
1807 2431
1148 3201
3771 4929
2702 1731
3654 653
1684 5303
3433 4503
3812 2020
4057 4537
5482 5587
1192 5556
5622 1468
2052 878
2099 542
2717 5580
1754 3930
2969 959
1135 1622
1580 2838
4936 4484
5113 4302
3186 4117
3116 382
3228 3557
1714 2646
518 355
2294 379
5090 383
1232 2883
4869 1268
4975 3292
2745 5453
4056 3659
2632 4404
3959 4611
1709 3827
4245 5346
5499 541
4617 3140
4742 4274
4787 2840
2000 2389
1576 2089
3880 380
3641 806
1647 5638
3645 682
2713 3525
3626 905
2747 5197
5343 5177
2369 3975
4745 5355
340 2351
2548 947
4219 365
3602 109
793 2498
3476 3975
1734 5649
1664 4642
336 2277
104 2068
3994 3657
559 3792
4198 4964
1801 3665
3038 5151
5458 1914
1348 142
1978 2347
192 2382
3308 3642
5674 3138
2307 1396
5264 2349
2891 4032
1064 2530
1794 1424
1798 5001
4765 294
262 2735
2235 3736
5601 2270
3637 2506
221 4920
4542 4671
4437 1179
4378 2286
1535 2069
1858 1063
2078 1823
3452 3674
1679 2462
4126 4916
3677 2551
633 2046
4280 509
5293 5298
2568 2283
5107 3844
5100 4405
4140 2285
1793 1419
4782 5372
1320 682
1250 834
80 5464
2120 2088
2511 3418
3999 5072
1198 1007
1089 1932
1369 3896
4055 1957
3132 2462
3913 3145
1916 1719
5301 3714
4512 5561
1039 4593
700 5588
4038 890
1477 665
1628 2174
3789 4251
4428 3793
1614 4334
4761 4463
5323 5120
5317 1818
5402 1244
857 2983
3561 2764
3790 4352
2905 2921
92 2637
4308 2066
2159 3948
3949 497
423 4674
2240 5227
1494 4830
3387 3587
1117 2481
777 4017
1218 5516
4620 950
3053 5338
777 1994
3477 3458
1507 456
3325 3557
1335 2394
367 1050
5366 5463
5367 3200
3843 338
2402 4883
2903 5135
1937 1334
1041 3885
3591 2224
702 2059
1637 4767
5076 4965
1948 5226
5657 5284
2735 5561
3795 2012
5500 5597
3822 4405
4899 3653
3657 1293
1464 2035
2408 1034
4288 4157
1347 757
357 2441
4646 5539
2097 5236
5285 2330
3700 4402
2981 5568
3535 5353
1445 1898
1466 4962
2998 571
416 1997
5259 3957
2767 2698
4731 4002
2845 4465
1708 1795
3706 3484
1563 1933
3245 1915
3809 2604
4946 3519
2898 5269
2424 322
2742 1195
3241 332
354 1744
4694 2399
3802 677
3436 1659
601 1982
200 5355
574 355
4434 766
1711 1748
971 574
4060 3747
517 1149
3286 839
2795 2155
2597 5433
5308 4391
876 5441
3434 4662
4443 3759
4241 738
456 5060
4597 5244
1599 5350
1253 2562
551 1893
1707 123
4201 3834
4214 4809
3606 3210
2274 4612
3261 2875
3587 4082
4901 3858
2488 2288
5612 2943
5173 4465
1183 105
3697 4239
5442 2421
5169 554
5345 4637
5396 4766
5654 5220
4505 1116
5370 4082
2743 1066
4571 51
860 4987
3074 4722
5632 2883
1190 5453
1780 3123
3974 2904
2234 374
1008 1857
523 1728
139 1710
1560 1892
293 198
2135 2894
4058 2478
1559 4354
2548 951
2310 310
3658 2368
5554 773
5602 1626
3477 3254
3641 725
2727 802
5035 2515
3759 4082
4504 872
3878 377
1601 4152
974 2503
1868 2354
304 1165
4631 2732
1202 5300
5469 2108
2130 2324
706 2295
5504 5193
1948 307
3743 2709
2785 3627
4861 2491
1558 1356
1406 4141
1493 1030
1089 4804
3910 3420
1281 3883
1416 5156
1651 1488
1602 439
3475 5064
5486 696
2385 1098
2926 5441
1955 1411
5663 4040
4432 699
3709 695
206 529
2461 303
3265 2597
4051 1128
2871 1028
5208 4570
4950 3018
4384 772
3708 11
3139 5044
399 96
5199 5003
5180 2415
1829 2873
263 2350
3869 3541
3542 2176
4030 3568
1780 5476
824 1438
2619 4095
3503 5291
2287 4138
3583 5618
5401 5295
5171 5019
3833 5416
4669 17
1354 5425
3312 29
4040 5664
427 4345
4875 236
2067 273
3206 4302
446 3459
4530 2666
2795 3350
1409 565
3656 4830
681 2609
1946 2113
1908 4041
3743 2623
356 2452
4468 2528
320 201
5471 155
3303 980
659 3436
397 2994
4025 3377
2420 90
3657 1249
2252 599
3769 2534
2667 4100
1846 3567
2696 4546
1629 5180
2966 1745
1778 1285
4570 4225
1888 102
5584 4759
3061 3812
2454 2907
4851 3848
3501 1011
3738 2840
1743 1393
5236 503
447 295
648 4907
1256 567
2018 4237
800 1891
1299 4043
3699 1037
3989 620
1902 3797
3514 2927
2258 4321
853 1
4581 2191
3682 2475
4147 4647
1197 4129
4602 888
3494 149
3208 1359
1593 755
2233 3271
1796 5355
1925 5369
2445 4107
4526 2188
5507 1544
5030 1353
1219 3638
2664 2056
1151 2931
1244 3279
4103 896
1231 64
546 4422
872 4179
1357 3118
1414 3806
2752 2266
2951 3428
2246 4719
5229 4763
1233 1359
4062 3474
55 1364
3748 3993
2313 4704
221 3196
2995 5444
1951 5412
3892 2223
3689 656
4528 3800
1180 634
2741 4386
1475 3101
2947 3040
3440 5527
2110 4534
4937 2472
2392 2155
4217 1215
4180 32
337 1940
825 2086
4286 2714
4200 4788
5116 3751
4677 4750
459 950
4199 911
5208 4687
1215 1313
1998 2489
2187 558
2263 3749
2351 149
4928 2454
4320 245
4843 1845
2567 3901
618 1489
330 151
5145 3434
4194 4868
663 95
2396 1433
2978 5029
1599 3424
1743 3359
2200 3594
3143 1408
747 1177
3282 4919
2430 1839
4219 2841
4235 1081
5436 1428
4582 3893
4735 958
4555 3217
3752 3363
3824 3518
244 3634
4843 3924
2615 3792
4566 1289
2625 3190
3818 1068
4278 5338
179 343
1118 2529
2635 2240
3218 1325
1412 1302
4688 1754
2009 4140
5406 4881
3069 1892
497 4675
2418 5399
4273 582
4557 1644
5144 1800
2536 1224
3433 1321
5324 880
1670 5545
4686 5226
3822 2788
344 2747
3593 3904
2799 5344
2899 3660
70 831
5331 2780
3382 5206
303 2757
4793 5638
5550 2428
4608 185
533 2491
1814 3751
228 2741
3274 4125
2531 4545
4353 2826
2603 3179
2673 3755
3101 2300
439 5286
2415 5388
2036 4846
1185 4572
1357 930
1005 2524
3686 955
3298 2936
1758 4513
4226 1552
4863 5484
5211 5623
2787 5635
2391 4009
2762 3217
1317 459
2765 5407
5563 4221
4381 4102
5675 2913
798 3144
3836 5454
1187 3984
5602 578
65 3272
3973 5171
5465 4678
704 272
2892 546
3461 723
4446 5624
1439 2542
5561 3916
86 1055
949 4456
3817 108
4779 1884
1691 3737
2959 517
1342 2405
1142 636
4822 5577
162 4588
4963 5546
3522 2448
225 3322
2396 1739
5477 5295
1821 3298
5385 4544
1675 892
3946 1209
3436 3742
4115 616
5219 4259
1224 3822
1876 5339
200 508
4695 2541
4529 1671
224 3620
488 445
3374 1543
1712 703
513 3490
5676 1591
3436 2516
3146 1403
661 2411
5434 809
4457 362
328 301
4635 2858
1278 1871
3823 1046
1498 2909
3048 3106
3312 2491
1793 1321
1395 1785
568 3108
3768 5623
2270 2901
3793 2853
1908 1215
4754 2402
2522 1074
4549 112
1718 4078
469 386
3063 264
1784 5207
4822 255
4027 2087
5008 5
2651 2917
853 4569
1646 3888
5150 5216
732 4369
4939 2075
2546 3915
1945 2089
3719 2884
4478 4258
5585 5117
5401 4672
2686 2277
4191 3798
121 4514
360 3897
4986 5098
337 642
1435 3155
3483 473
3782 2038
4343 3714
4153 1739
2605 2636
4690 2335
3078 1784
2372 5490
4460 4588
5560 1640
158 5146
1401 3783
902 1418
5494 4425
1248 2748
367 2944
5675 5170
1547 2187
4196 952
306 5423
4912 3837
5543 2515
4794 5402
4103 4014
3702 2265
4228 602
4723 653
3445 5190
2715 5153
654 3336
2951 2131
4663 3027
3026 4313
2094 1044
2599 2421
788 1914
1520 3824
345 1155
1338 175
1013 24
4771 833
3945 3579
5550 1852
3949 3956
1648 4630
5288 4782
556 1476
2815 5335
1363 36
1305 942
3356 1736
4286 2171
3695 1867
5169 4421
918 4596
1766 5410
1896 173
1075 160
1864 2594
2630 3963
2593 3145
1465 4653
5556 3184
3724 924
698 3763
4525 4905
1256 1113
1485 779
1314 1686
2829 1545
2850 3763
2404 1767
521 1269
1834 1092
1762 1265
2374 2048
2319 3814
2112 5398
3102 3042
3524 76
4260 859
5122 1772
4866 901
25 4665
118 997
1928 2584
1825 4654
1137 4703
3474 3576
3628 3495
2896 2106
2830 1622
3024 2167
4962 4921
1321 4491
344 458
1316 4520
4744 3624
33 4007
2699 4860
5114 2193
4222 892
161 4065
2116 5247
4477 5503
949 4891
2420 5584
1586 4345
2390 1738
3247 2380
5025 3059
2876 454
4566 974
5189 5415
5519 723
3071 88
2019 823
2143 4584
4357 4157
4241 3558
1633 1512
2165 3058
254 3260
5282 5067
2769 4277
2964 3840
3782 4121
4646 1176
2124 3893
3737 976
5192 5610
741 2079
5302 4963
3852 457
625 4302
3632 4066
1172 3236
595 160
773 3255
5669 3564
3615 4125
2642 877
1623 2769
5045 5565
1923 4373
5467 2597
479 4365
2188 5555
3798 2767
2662 469
374 2319
2439 2964
2858 1270
2203 3128
487 4375
3351 1620
4709 2274
189 3595
1804 3909
5154 3153
709 3585
4945 3319
4341 4867
4660 3148
4817 438
2962 855
5606 5363
1435 1144
2119 627
669 1128
621 4862
4118 3504
2957 3540
4951 4934
4059 5674
374 2407
5496 4615
4764 553
195 5612
5394 5239
2227 3847
3766 1099
2747 5299
4025 463
587 1264
3900 4143
3526 895
5061 5121
3857 4507
4448 785
3077 2851
1468 1429
869 259
3186 935
3775 3393
2458 4079
2186 2045
5654 4011
4286 3610
5052 1796
1442 1234
3271 4076
3419 2844
752 431
2379 5506
1644 3324
1483 3147
1495 512
4657 1842
4023 4114
4274 3290
4651 2522
3826 468
2123 4433
1638 342
2129 2679
5073 299
5645 3421
1274 2062
965 2854
5465 3128
5418 5233
3012 2514
327 2888
1490 2312
1866 1121
4382 241
4919 2812
387 5249
4420 3894
5038 2328
1722 913
4590 3870
5294 1644
272 5302
5082 5142
5429 4049
2069 5548
2633 4231
2581 3224
2669 842
3003 1985
4232 2376
2363 126
3185 519
1284 58
3776 4707
408 4015
1721 1361
4638 2762
3741 4313
3065 4113
5260 2515
5416 4714
544 1639
1373 2860
423 4406
2768 3721
5081 2477
3203 527
2730 1238
591 1054
1689 3493
59 4667
2241 293
689 4162
2299 355
2115 449
806 4781
4306 3449
2020 478
2733 3171
1662 5436
2623 3605
2231 4033
2915 5282
1300 2323
1473 4924
2405 632
2777 2149
4450 4324
881 349
781 5591
3673 5286
4778 475
2390 742
624 291
2443 5073
3336 532
1257 757
428 2948
3210 3834
131 525
3486 224
2801 3699
3849 5340
3322 330
239 3560
1995 3403
2879 1100
1829 4123
447 1297
4300 2146
594 5045
2488 1666
701 2093
662 1349
495 990
2581 3394
5214 2012
252 588
5390 4271
5288 1521
5593 4659
236 3082
957 1061
3044 3060
4999 3789
5602 1457
5083 873
1372 1944
1711 4611
428 2995
1157 95
2504 4986
1114 5193
4006 3491
981 1710
521 5134
3120 2966
4112 2187
1136 1754
5650 3266
2634 4495
3104 1433
2775 1980
2777 2160
4620 2666
1353 4214
2743 4064
2885 4271
111 198
814 4181
3622 1546
3964 1670
3871 3115
5287 2730
2646 1624
1253 1699
3934 1278
1145 3538
1490 4671
2762 5423
421 1763
11 3300
5048 3938
727 2605
1821 511
155 1033
927 1551
4333 4524
1772 3420
1292 3203
9 3588
4054 2728
1981 2890
1448 3930
4637 4806
1257 1856
2677 4606
810 1087
5600 2766
2595 3341
4056 1144
5279 2442
3627 4427
521 4759
4308 3148
5562 3547
3071 5245
3567 5582
3985 4069
1053 4544
1426 2147
4436 3460
4841 4103
111 4929
2901 2659
3526 1305
1281 4296
2356 4048
568 3974
92 1103
1102 2283
1581 4337
899 3700
48 4312
4787 4138
4153 261
2968 4781
2877 3130
4940 1216
3364 4963
4305 4366
3256 319
312 409
378 4794
5095 1430
4948 1889
1104 407
810 3951
1040 3478
4042 4048
2625 2209
1652 5420
2029 972
1859 477
3714 3289
3987 1044
865 1734
3005 5200
4452 3577
28 1165
1960 1579
3029 5318
2224 3992
5643 5088
4627 3349
1108 1515
369 142
602 3075
2704 2965
2134 1318
879 4492
5370 2501
1001 3744
1427 2452
1896 4346
4046 183
3370 2007
3807 5134
3592 3939
7 3036
4705 1536
5441 3765
3167 4948
5549 4701
5136 2254
4844 235
428 3528
4676 5636
1906 5119
892 473
4354 792
4451 565
5194 693
3681 3736
2248 1118
5259 573
3755 986
4158 3620
816 3636
5077 1406
3333 2065
1705 2955
3001 780
4216 5289
4560 1709
2778 5599
4990 4624
4529 4993
3088 5379
3575 2393
2554 108
4463 5584
5399 1562
826 3156
2108 3062
4220 2701
436 1997
5160 944
5217 2000
1485 4325
3939 5112
1347 966
5431 1296
5642 4998
2726 4514
4022 5195
993 5353
1903 3159
4494 1619
460 943
3615 1915
1258 473
2622 2196
79 1703
4625 273
4006 1172
5658 5176
2870 4340
1746 266
2103 1084
1641 4016
5080 5503
4042 3249
153 4110
1131 4057
3690 3055
4729 1823
5307 606
1824 2843
481 4702
3490 3783
794 5363
5526 4888
3579 2492
903 1025
2626 347
2102 5126
4067 3228
681 1601
3834 165
3528 5081
3013 2723
12 3478
1534 1802
828 5201
3004 3779
739 3238
1720 1218
3621 4665
630 5632
4053 720
2653 752
3728 4451
2169 4568
4074 1240
2755 896
2382 2035
1698 2597
4185 886
4396 851
4185 277
993 80
1786 1530
2878 5525
3989 548
62 2196
388 4127
4853 4588
1364 4095
3087 1271
5376 793
1394 2601
1504 4800
18 5625
2647 583
4246 1516
4886 1495
629 1680
176 334
454 2022
3154 4116
2546 4226
4473 759
1641 4310
4689 572
3497 2015
5243 867
2212 304
5514 2372
1040 5282
295 2388
2060 3624
5571 4652
4379 4425
1731 4720
292 700
1035 2360
4127 1275
2578 296
3261 4006
1205 2628
4335 5125
3482 100
5548 4875
998 3187
4251 1002
1334 1496
4496 2842
4642 679
3059 2197
3430 5627
3448 128
4424 3003
1665 4123
5149 4752
3898 3944
1550 2401
1970 2244
3162 3857
5416 5192
2502 4727
4939 1104
2986 2958
4124 791
1238 3990
4513 451
4856 1120
1810 1304
71 1010
3220 1232
138 377
3451 1943
2269 3635
5025 3318
3027 192
246 922
540 497
4123 2195
1277 3887
1666 396
1347 1280
1052 1200
89 4470
1022 1516
3143 610
2852 938
2518 4983
249 1050
4092 5457
3861 1270
1358 3725
279 4809
1352 2922
901 1416
5257 3279
5255 2450
1516 5213
5500 1007
156 2944
2980 4988
1015 5521
3544 953
4080 1460
1490 740
1462 5387
4105 2425
3779 3050
5620 2394
2251 5446
1749 1188
2605 933
3898 3113
475 299
960 5464
718 415
800 5465
623 3643
3216 4517
3176 1205
3086 2911
3178 1141
205 5661
2924 4252
3118 4023
2815 1057
2426 3582
3919 2078
4923 5012
1832 4317
5309 3063
1515 2933
2200 3282
1989 4286
4300 1761
2237 739
5101 2378
734 57
2997 1147
4973 1690
4608 1537
2583 5471
2046 4642
1715 728
4868 5572
3385 4328
2252 2009
4882 72
3515 2104
3846 5512
1170 662
5635 916
2222 2185
2082 217
5161 4814
5445 4791
3170 2370
5377 3732
2161 3268
2942 2969
2825 1607
2404 2824
1972 5250
3584 1640
1880 1150
1614 4836
1897 2278
5125 820
1899 1261
2712 3411
3890 803
3977 1031
754 1210
1137 3405
4846 2809
3231 3034
5573 511
1819 5518
1742 5144
2230 3844
5241 5316
5312 3296
969 5089
467 248
4076 2977
2961 3857
4395 5590
4237 5563
4304 4815
4562 3032
1024 541
1689 2129
4359 811
1065 3660
4517 4527
2384 2997
5336 2228
2174 2488
1970 2640
4467 3777
1290 1738
4020 2484
604 2686
2204 3025
4125 4416
4992 2458
2228 4256
4352 2659
2417 5123
1566 4921
2834 1546
2 4182
587 4571
5313 2741
3380 3297
877 746
1533 4989
1705 5109
4135 294
4283 1620
4733 4013
3350 2887
1138 2731
3338 342
2496 356
3213 621
2186 590
1761 2680
3603 2393
3512 4669
1297 407
2341 3307
175 1124
3073 4977
3349 1243
3894 1276
2472 2265
1626 1809
5504 3267
2262 4598
268 3068
2405 5463
5412 3799
3548 603
4691 3876
1963 434
1047 4426
4482 5187
4509 5649
1092 45
1621 3617
5105 2364
3286 2638
231 2206
2133 4143
1398 1710
2435 560
3156 4954
1310 3392
610 3845
2845 145
980 5267
5033 1976
2123 2198
576 786
412 1443
1654 4374
1209 2395
923 1247
438 5395
3887 5141
2467 4634
3623 1411
4237 5320
1908 3176
402 184
186 2612
5516 3211
837 610
5640 674
5439 1314
1151 568
4475 5355
3637 1038
34 3223
657 5568
4986 2805
2054 879
3896 2863
2060 3516
706 1326
2124 1274
2002 2167
1043 4427
4744 1551
5580 5119
1874 3311
4817 4765
4802 4480
4783 1946
5124 201
1668 1328
4377 3086
4432 2311
4918 2032
866 4337
4577 5283
4930 1524
1115 2884
3953 3030
1852 3925
194 5140
4761 3041
2151 3512
5155 1260
364 3793
5592 4837
4933 4304
1047 5334
5574 2894
4051 3137
3860 4475
2664 4435
3047 2230
2663 5429
1986 2059
2016 4956
312 4332
4226 2003
4323 2261
5622 4540
2640 561
2448 2041
5311 3160
755 4011
855 3757
4235 3057
3412 5352
316 395
2676 3153
704 3643
1523 4096
951 3416
3565 786
3837 472
3681 5043
1648 836
1357 4708
2126 4364
3111 318
282 2791
2870 3286
811 207
3877 2374
2903 5241
1667 5232
4682 2401
2391 461
1886 2785
4481 5161
4734 1895
4028 1894
2344 873
2963 1084
4339 5330
1836 5163
348 2851
1009 4507
4382 4244
2577 3190
1221 3255
5434 1032
887 4490
4996 2257
3426 3150
5221 2997
3850 3613
158 3922
2626 3456
3906 2885
2457 2171
3505 1041
5316 2126
4243 3867
387 649
3991 3047
4856 1311
3992 3176
4598 312
5336 3389
5417 301
1786 5131
3276 68
414 1592
5589 5542
957 2084
2498 5474
4051 5457
1459 4647
4588 3631
4829 4592
2799 4131
705 4628
3072 3498
5037 3362
727 806
3301 4376
4164 2353
746 4011
5574 1379
5448 5361
5501 3200
2577 5124
2785 4730
5046 3976
1360 4713
2937 39
5508 3472
2821 1265
4412 3379
891 114
1499 5341
3351 1453
1760 4654
3770 1655
2610 1888
1502 2528
530 1786
3549 3445
2416 1226
4433 1949
3454 1669
4448 3332
3677 5418
3014 2082
1875 3296
5093 1015
1156 368
1012 337
3908 1361
4659 2036
100 120
3281 5380
944 3938
2784 3558
5646 5002
3383 1308
3090 2545
4906 3386
1770 3549
3166 181
4443 4288
4461 2400
571 1900
5673 3140
827 572
2749 3941
2103 4355
1935 4536
5050 3947
1728 3224
545 3480
87 1935
1713 3564
2583 716
1148 2922
551 1204
4342 4701
1100 1578
2261 5046
4623 3139
1591 4537
4659 197
5431 4233
5665 4529
2433 4350
3383 2429
38 3507
5543 5386
448 2482
3799 5078
4368 815
2756 5261
5340 5543
5003 4761
1724 4841
4539 5403
941 2505
1141 632
4742 3389
3683 4833
5220 4995
2793 3946
4212 4533
2378 4896
4179 370
4552 650
3867 78
3803 1588
2422 1901
1386 3614
4123 2771
1763 3216
4126 1707
1303 827
1751 430
5276 3471
4578 3761
4543 321
5025 4449
315 115
5386 2648
158 2515
1186 2586
3400 358
1517 1344
3947 838
5544 1891
2606 5231
1116 5075
1199 2125
4474 1052
22 1753
1814 3291
2352 504
2915 4354
2434 3173
476 3705
5299 4402
1669 4320
2987 1267
1688 2354
3531 3010
4722 680
1213 191
2452 697
5470 4344
1992 2116
1243 2101
3914 4106
2415 2693
3006 4392
5205 3296
1376 4129
5401 3713
4391 385
3633 3634
5182 2820
2818 500
626 4794
5271 181
2965 3094
2367 5618
4126 729
2409 5233
4550 5625
3931 3544
105 1997
4305 1385
3745 2353
2279 1324
3724 5653
3308 3187
5242 1414
4315 4592
4118 3019
1762 4321
4967 1109
2679 3865
1041 5649
2212 3664
619 1750
2342 2172
4112 4751
2753 4177
2377 3444
2758 5478
5496 5279
4700 1704
5513 2511
5106 2021
1189 3536
1909 5417
1905 4615
5383 343
3822 3154
3789 4327
1142 3445
4693 5517
584 2665
3538 2353
3404 4927
2058 5140
201 1171
2537 3454
872 2180
2156 3350
2085 2045
5489 342
4501 4036
2889 1434
1633 3811
3861 2657
3563 3560
2847 863
4574 5643
3684 5247
2991 568
824 4156
240 2061
1430 1919
4137 4597
1095 495
3716 4270
5633 3052
4083 5536
4107 1964
2940 4035
2592 260
1133 3674
740 3356
5060 4176
4431 4509
2959 5306
3103 3046
4099 4884
3857 1870
2011 5639
290 4466
367 3950
5384 3746
1162 1918
1180 5591
689 112
440 3820
3399 548
3866 2699
3986 2108
3868 433
2816 4939
2623 2004
1481 2514
1376 3214
3457 1255
5652 3172
3929 3482
2695 5167
4692 2141
5275 2050
2356 5485
234 275
3064 4141
519 3204
860 4857
5651 2428
2849 4575
963 419
5359 946
1385 1032
4724 4865
555 2675
3998 5458
2308 2833
4895 3551
5442 4059
4641 5095
2109 5424
4143 2040
3785 1262
1980 5009
770 1302
4679 3696
2440 5101
5274 3212
2828 3776
5384 1405
3336 2251
5147 1460
4583 3935
2297 43
484 2765
1077 5100
3110 855
4792 1176
4487 2520
48 4097
2194 3818
4486 2419
5540 4339
5332 5601
1966 2133
4038 4175
1371 3687
4244 1078
3494 285
3522 4523
50 4533
867 947
3012 3112
2783 3301
808 4699
575 2796
4820 1907
3785 2032
3636 519
495 1093
4467 5063
4558 3444
1793 4441
900 3856
1875 3777
4672 2449
928 1443
5574 5296
696 5381
2562 3646
4692 2945
4837 2365
5055 3389
3444 3247
5311 340
2616 5348
3762 5012
5312 3215
2988 5178
1431 2421
1377 3719
2249 4786
3789 1930
3630 3737
5311 5040
2410 57
2339 65
310 1933
4984 4349
2192 5058
5006 2418
3891 1933
2692 5179
4108 4278
448 725
5161 3203
2722 4805
5276 4069
1511 414
4848 5664
1867 715
453 1628
4830 1846
770 2427
1143 3226
2509 370
5104 607
5514 501
3785 5339
2492 5058
2286 2582
204 1390
1024 314
3329 2811
2695 2435
3875 2051
1 4938
2086 419
2540 5579
4116 1747
4635 2647
4982 3985
4348 3479
2121 1247
4910 3207
1417 3431
384 4137
5086 4333
1226 2785
105 3513
1443 2379
150 1541
3982 3186
3915 267
4476 5524
4112 4183
3903 3509
1123 4049
3293 255
1506 4874
881 4301
504 4120
1500 2308
1167 3091
3587 1999
914 984
4458 3465
1395 4235
746 4879
4411 5416
1130 233
2862 2034
4550 2235
2984 2999
3586 673
2350 2107
277 3839
3823 1981
2867 3198
4715 1520
2782 2037
3015 392
3847 3313
2117 5482
1574 4193
3486 996
4551 3613
1125 3123
5501 3547
1010 4057
784 4404
2871 5084
1000 3555
920 3686
1764 4694
5279 4281
592 3011
2474 4547
3349 2849
4967 2662
3932 5011
4292 352
4698 2284
4010 3636
1480 2841
668 3877
2981 2624
3473 2102
4824 4472
2285 1031
5568 5125
2740 2780
5193 3278
2022 2221
4791 2773
2265 2600
3765 2680
2841 3957
3237 5576
563 4088
3645 5306
286 4300
1162 2138
2677 4589
3023 398
3052 4986
1087 4101
3185 2439
854 2296
5040 4758
2142 5553
4812 155
4468 2271
3133 4519
5659 4022
2247 414
3770 250
3601 1365
4549 687
3183 4440
325 1317
4949 3198
628 4695
16 5437
3479 5300
3306 5099
1396 4234
3823 773
4654 5136
5020 1792
2450 3612
1745 606
4175 11
3899 813
627 971
1404 1288
21 2384
345 2575
5408 4880
1059 5345
1555 2736
3921 3370
4184 3734
5628 4689
4176 2458
1605 3505
832 5097
1896 5094
5381 5230
93 3370
564 1590
1440 910
3675 358
3142 4961
947 2301
2408 188
1073 3956
282 535
394 3376
5360 1392
5498 888
4567 4673
750 1156
5420 362
3213 4480
5456 4086
5309 3174
4811 1182
1237 559
1434 711
807 405
1717 1218
1512 1531
1519 1291
2343 5404
4186 1820
2116 5137
5470 488
3346 3331
214 499
3534 4860
5488 261
4955 435
2705 870
5118 4166
3970 3815
4603 379
1606 3574
3634 2984
2270 3422
4420 119
653 4181
4120 4602
4373 3538
5148 5611
691 2667
1743 4413
5341 2635
4637 2053
3717 5670
1884 3151
5585 1498
4678 4397
3658 3773
145 1678
5286 3881
2967 3572
2773 5398
4775 2850
4915 1495
554 1471
1239 1743
5028 631
1958 5658
2152 5235
2972 4770
3912 4720
5443 4870
2450 1988
4918 3163
1551 1642
2341 14
4820 1800
5266 552
1035 5111
4581 5638
772 1823
2928 5033
2072 4605
3218 4358
836 1389
1239 659
954 571
507 3017
4979 5526
134 4005
1916 2803
1284 4033
5203 1601
2068 1591
843 596
1998 4130
5666 2785
4909 2673
4195 5347
3062 4190
432 4878
4568 1507
1354 543
4929 3611
1964 4266
2422 3195
2264 361
687 1697
3880 4545
4243 2274
502 4267
3026 2012
4187 5618
4623 3848
5180 1961
2672 1601
5240 5667
4506 3929
2786 557
485 2997
3280 3071
5577 1631
57 5592
1874 2096
3735 4847
4312 103
4952 3870
3508 3434
3202 4288
4243 1482
157 2528
4129 4524
5066 5439
375 783
2190 4236
3932 2739
3586 4794
85 3712
3140 140
3952 4506
2776 2894
1894 4938
4268 212
5364 2561
554 4280
4520 1530
2998 3573
4808 1904
5656 4380
4527 5505
167 134
5122 2023
4713 1741
5306 4440
4420 1653
5123 2381
3343 4082
3554 5092
1860 2410
5129 3213
3264 4482
3419 1488
1777 5132
5249 2461
203 1143
3277 2055
176 3889
219 4853
414 4518
841 3311
2322 2677
5054 5318
5335 616
1134 5161
3508 5504
2602 1065
3925 2494
498 5074
1673 3449
1619 4555
4203 3114
3171 422
4983 4601
3842 3906
2715 5563
2861 3137
395 461
879 2922
83 3769
4353 319
1446 3723
1754 1259
4978 4439
4924 3105
2208 1132
1134 1075
936 4641
928 3886
952 3943
1685 1094
3446 2818
3785 3937
1123 735
3287 4293
1892 4825
2869 4063
4 1101
1146 2280
5438 3381
4198 7
982 5614
3923 1449
793 2403
5633 3597
4199 1239
4252 1338
4385 4992
2925 1929
3869 3231
1397 4332
4452 3258
2580 3453
5516 2401
4141 215
6 1603
5177 2629
5461 2361
1210 1840
3580 1383
1255 2480
1950 1576
513 534
2822 3596
266 2736
3607 2819
494 2168
4134 4037
1746 2486
3469 2452
1624 4306
1596 4764
5479 3203
851 3727
4075 4509
5582 507
4698 2950
410 1702
2170 176
4160 2715
3550 3728
3663 2194
3463 3931
2283 5578
1858 4080
222 963
4573 4499
1508 4603
4461 809
3330 4695
2738 1910
787 4817
419 1473
4043 2325
2837 1188
3980 2941
5582 3953
4398 3399
892 1653
1035 4138
406 390
3578 4229
1512 3066
1358 4864
5313 2960
2115 427
4580 2857
4894 262
3297 4003
1446 991
854 112
2304 4084
5499 1556
5321 826
2790 5047
4137 3085
2481 1650
3932 1991
3754 2206
694 4654
2111 4674
545 4858
511 5171
1290 1339
2263 3001
5294 3206
3578 5238
201 4800
4889 3504
4805 5243
4943 4658
3509 3484
1725 1750
819 5044
1533 5427
542 3711
2589 4194
3533 5457
4548 2409
5326 1977
5044 4803
775 2163
907 2138
906 3308
1478 1788
2821 3121
3742 5056
1490 2912
1728 5263
4989 2189
1062 2634
46 2682
1267 2355
5545 3718
5314 3240
5290 3571
822 3284
1177 1542
5307 5387
3876 2500
3686 964
952 1217
649 1055
2221 899
269 4032
1778 3455
1720 3250
2827 2290
5449 2046
5671 436
2047 1933
3443 3648
3295 2770
5493 4248
3254 1708
69 2955
3391 43
514 439
3068 4136
902 5253
4432 4659
3887 2072
1429 774
5582 5342
4783 4325
3883 289
835 1857
3642 3453
676 5614
1976 833
661 4770
2491 2013
2151 1949
4478 4071
1115 588
5109 4182
562 4266
3010 5241
2095 4725
527 5143
1279 2802
3267 26
1627 2686
2413 2719
4424 3288
1356 4416
1242 3293
2865 1002
271 2490
463 3093
1014 1107
872 1038
1973 1278
1240 77
1975 2330
100 4186
5059 330
893 4225
3966 1643
2229 2402
1976 1740
667 4760
1741 1181
776 3377
2949 242
3773 3101
1421 4111
4543 391
4254 3239
406 2731
4453 3165
539 21
2747 929
1920 4572
4181 2653
516 2440
844 1660
1978 303
4868 3835
2665 637
4966 2409
4755 5001
4650 3674
5032 1742
2577 975
5178 2325
2525 2600
4911 4060
3662 4834
2470 2531
305 4727
1604 4280
1674 5635
502 3827
5616 1166
3680 1755
531 3206
2808 981
452 5640
4267 4599
3663 2580
2932 1119
4789 4788
3470 4446
2716 1167
5594 1170
2473 1166
3495 2479
5209 2522
1926 3816
1887 663
4722 1373
2616 5079
5453 147
476 1036
4771 3118
1687 3219
1935 2561
1844 1616
1505 4390
522 2105
4632 4492
3787 5255
5531 44
2789 3072
5430 891
835 5405
2699 729
4337 4835
4112 5431
3117 752
3461 5511
1646 510
1517 3314
2839 549
3161 2151
3962 188
3659 2617
1004 1245
3548 5244
1287 193
4038 1170
4917 4541
3372 294
3481 4555
2017 3038
4969 5661
5392 1236
82 5479
5008 1695
5065 5528
1763 2886
5456 4714
2705 1775
3692 4265
3478 5011
2664 3686
1224 1871
4539 4355
4455 3459
1135 3412
5212 2943
3635 1327
3774 589
2458 5254
3308 2033
5024 503
4072 3951
3637 2949
4148 4258
2645 4052
3044 5293
1052 5309
3263 3003
5051 2171
381 2367
5413 170
2207 2419
4959 3422
634 2934
1312 4597
1388 2972
4204 3613
366 5382
3849 5534
851 4536
4681 293
4307 2474
4586 3507
3682 2323
2575 4138
4155 531
4038 1133
4170 3704
1206 227
2957 5359
210 1555
3365 48
3258 4607
5109 3760
3921 5316
5169 2028
4403 3768
4318 1853
2213 2352
1763 1808
4397 1090
3890 323
5351 960
2039 4613
224 3892
1210 948
4346 987
1261 641
351 1890
3883 1919
649 2627
1812 4272
1641 3571
923 1677
113 5489
3180 2239
2610 4454
3759 549
2281 662
1486 265
3836 3386
2086 1652
1017 2522
4875 4415
2335 4561
2713 597
999 531
700 3244
1648 1662
2170 2618
1560 910
3404 4644
5646 1835
4126 4696
2497 3915
3825 2927
1992 4923
749 4112
839 3316
2468 432
4071 3909
931 234
4197 5444
1452 879
5408 5400
4804 5096
4329 3813
4931 1445
4769 1374
4515 2565
5346 5649
2893 3102
762 3472
2358 2987
3127 2662
106 3142
3838 5129
3511 1390
3589 1615
3667 5182
4712 836
4442 5630
975 5215
4325 994
971 4332
4932 3566
3889 2750
5677 3840
5646 3497
892 3604
2459 3629
399 5430
4707 2866
625 1541
4880 3523
5001 4731
1230 249
1218 5236
5076 1952
3712 1191
3048 5428
646 5115
5188 4309
3320 3967
1706 4986
2387 4227
2939 710
5360 59
2620 4881
2790 464
2355 528
3829 4912
1324 2418
2369 2397
4312 4291
992 3810
3337 2668
2895 2823
376 4127
5414 1877
5624 4270
2095 2593
5595 83
4578 2902
5440 2886
2691 2716
5018 5664
5093 3399
3547 4942
743 2981
1512 2826
3071 5477
4068 5031
1849 108
1812 1174
5157 3004
214 835
5670 1873
4819 470
3096 1026
5260 5018
3345 1234
2098 3441
1520 424
4362 2564
2835 656
1378 5198
424 3885
2214 528
2566 4518
3338 849
3116 3800
3791 3120
5049 5149
1850 1362
2311 2978
3678 2275
2291 3406
2386 1736
860 1815
765 1867
47 1909
5443 4276
742 2147
3652 4890
4966 721
4593 3058
2091 2219
5129 1439
1637 5156
762 3455
1608 2149
4428 669
3862 3683
1268 2831
4537 5358
4090 5131
4435 1100
950 2984
3192 3696
1266 2715
4585 4178
3616 5375
469 2180
4531 1975
1722 4522
4030 1584
4374 2236
4884 5545
1100 3926
4150 2527
1616 3520
618 4179
2222 5250
1680 3678
3353 3391
2344 1663
4516 903
3568 2366
4452 4076
371 7
5547 2070
4489 3378
786 600
3285 3455
986 1490
1751 2292
3152 3360
1322 1846
36 566
4616 2283
4548 1177
3928 2474
1305 885
4372 4614
208 1605
2011 2774
671 2604
2345 3803
880 953
2813 934
5267 2565
550 3913
4239 383
4452 690
5015 648
1948 2746
553 282
3921 2110
209 2120
275 5530
3303 2158
3926 4761
5444 4970
714 1776
4619 5459
2661 2010
4579 4480
763 412
5613 2195
2073 1349
862 90
4293 2210
1411 3880
4374 4810
1916 2585
3567 4649
1920 4001
2967 2859
942 2422
2297 2037
3049 4332
2732 857
4600 3168
2630 1682
881 1890
852 1518
4310 768
4626 4435
2160 5409
1292 408
4789 3614
4507 28
3429 737
4836 3676
919 5145
2619 3275
2837 954
1219 1199
4829 4419
4644 2621
3181 369
4826 137
1377 3959
2331 190
1051 5392
1309 1697
2808 1921
3975 302
4799 3005
5626 4327
5470 1575
701 2539
1240 4943
4958 3056
4444 815
3268 4839
4117 407
4664 855
1361 1732
291 4688
1953 1464
5215 818
402 5337
1169 728
841 3040
1164 4807
1069 2671
3288 3786
1042 5568
2289 2829
3872 2687
2313 1860
1874 880
2694 3590
738 1513
3941 2901
5310 3279
5034 705
2738 238
3727 3089
2960 117
5351 1590
1029 1657
5563 4902
2937 4144
2711 146
3344 4703
2541 309
2006 347
5068 4923
2975 5631
782 3414
4068 1961
4050 4862
3821 420
4520 3804
2724 2497
455 5184
2020 4726
4019 1569
3539 1327
948 1453
1427 4247
4627 1530
4777 1109
2858 4850
251 710
2498 4098
4893 3942
2613 4024
2133 5311
2008 3208
3607 437
3640 1201
1193 467
3579 1329
5590 933
4630 4784
1874 3133
5272 2653
4896 2043
1300 977
3143 2721
4029 5583
4714 3381
4521 4540
3386 2670
4449 3448
5533 3231
117 848
1909 1986
608 130
4383 1302
4886 2492
1818 3918
393 1571
3488 4671
1690 3440
1423 3057
627 3905
4179 1480
1981 4392
1974 5379
3561 2679
116 363
5504 1252
2197 2031
1619 3570
4854 3470
5201 756
3555 5482
2559 4510
830 790
135 2836
2177 4879
4106 3
1817 5201
284 3258
4401 4245
1300 2842
1440 164
4062 1621
3093 1385
360 3816
3524 3765
418 3289
4224 2631
5109 5365
3608 2260
712 5132
801 1348
4415 4554
2936 4459
4339 3758
2351 5273
5014 4275
4418 1545
2445 212
3191 5665
3911 3527
99 4693
1193 2836
2044 1987
4840 565
598 5515
4210 898
3461 1632
1895 3920
3081 5191
5631 3517
2049 3107
5358 4602
4859 2091
404 3631
3114 3356
2691 5665
555 3036
4208 5504
1587 3736
904 3524
4557 4287
3861 2193
3114 647
1941 1417
4307 4814
701 3640
3214 440
1297 2025
1257 1225
5153 843
5453 4936
1661 2370
204 1886
4288 1594
2641 532
3833 5062
3221 253
4749 3521
5391 408
3442 5250
3120 5597
3375 670
2439 5097
184 3333
2381 5556
3395 305
3662 2009
4089 1598
2039 2213
4387 1613
5525 2237
1833 3638
2160 864
682 3047
5265 3360
4530 1358
2077 2221
2920 2976
2735 642
2811 3851
3352 4297
1209 4926
226 4962
1849 1212
4768 1619
2992 1022
563 3596
2499 2760
4739 1449
1359 3144
645 2855
753 2563
2050 213
675 2491
3043 4451
528 2823
2532 616
2685 1157
3742 1912
2831 727
3793 3350
2647 1146
4531 4956
2945 4756
5168 4510
3326 2493
983 4434
5583 2576
3183 3000
1119 2841
3317 2885
3914 2664
297 2511
227 4220
3800 3278
1400 4768
3882 5561
4394 2398
1566 1367
2665 939
5268 536
3948 3590
867 1414
1759 982
4136 2336
5208 5155
1681 193
3045 5132
2273 1568
269 1307
5471 5034
928 5567
3698 4359
356 2744
2506 4118
4842 3347
1522 3061
4727 5470
2230 4507
969 2656
5185 3683
4911 4371
3283 5426
3369 3152
3147 4651
84 344
415 3830
2612 5015
3874 5668
3092 277
4655 2903
3075 4774
5368 1195
178 4442
594 1384
652 2522
1147 2699
4582 1140
5620 4309
3203 5643
4085 2936
2951 1956
454 492
4128 4552
4393 4916
3417 2872
4119 4381
5544 2095
516 137
2199 4314
5179 1836
1315 962
2646 582
64 4348
4820 397
4316 940
1431 3942
3833 5612
2181 443
2690 3915
2371 557
4809 327
4152 1001
3321 1852
2052 1561
4025 2954
232 3421
4608 1345
559 4536
674 13
3085 330
4035 2332
3721 2809
1996 5070
227 4188
2703 5130
2772 1668
4595 3086
5447 5533
5031 2857
1856 5635
570 3819
4815 577
40 4677
1308 2746
4071 2111
2714 1343
2763 5373
581 1023
1310 71
54 434
1671 3501
434 2193
5305 2118
1952 5340
1982 3446
270 5284
2990 751
1197 5328
5596 5352
331 2754
1527 2878
1445 3863
4809 2938
2143 4218
1657 5636
3946 1330
4548 2566
3464 831
1567 5027
3693 3246
4697 4214
2720 1794
2885 3286
2698 4915
2780 3630
2790 1583
1816 3009
5231 1957
3340 1989
5432 2827
1822 1864
