9109 291 7759
5005 4165
8316 2565
8853 5554
4691 1737
990 7034
1067 123
240 4620
6238 7750
5405 2945
6779 5994
1136 629
3381 64
324 7560
37 814
6084 4740
6996 5086
63 5312
718 78
4182 1264
8327 1070
1847 8033
2200 5703
7713 3703
5278 1783
8445 1425
8751 3096
6579 5799
3851 6338
6511 7980
3209 1835
8377 8528
3793 1145
1473 1197
6271 3177
4547 5014
8522 2252
872 3612
7502 1826
1938 2153
4421 4718
7188 4710
2503 2319
8926 3371
7189 7765
5129 1800
4233 6810
3172 2729
795 7768
5959 778
695 5155
8908 7182
7332 4842
7119 1224
3403 2624
1399 8627
1840 2133
3734 1770
3862 139
8971 7521
5793 1224
1594 2703
6443 1983
3263 2352
4519 3094
3533 6048
3474 3845
7888 7083
997 8048
772 7776
6871 3749
4545 1039
4375 6473
3710 7840
4838 382
6784 8967
3739 2480
4615 3588
2343 3992
2777 4074
5155 5011
3977 84
7861 5962
2442 7196
1234 1304
8099 6039
4242 1604
8517 6843
7933 3403
5417 5917
8287 3055
6680 643
8703 8828
2637 2160
1619 4376
1754 5328
9046 6523
2551 149
3632 2979
9021 7032
8073 3816
3756 2409
5472 4878
6997 8863
1732 7314
2883 3424
1816 6549
1154 3613
4890 3700
2157 8082
6489 6964
7756 9040
8263 7297
8542 925
5103 5607
7373 8365
8636 3169
3546 3098
2048 2193
3085 2110
7546 1190
5347 5647
7375 3052
2152 524
8632 2420
8127 3246
4887 7136
5455 996
3989 1479
8615 3805
5446 6732
2691 8297
7630 8048
5241 5065
6325 3825
7097 3147
6552 2706
4481 4465
9013 2664
242 3223
153 5383
2597 6982
1067 4685
2369 7329
7597 6619
1345 257
2825 944
8349 1266
7778 3330
3950 498
2718 4597
9064 160
1977 3650
6090 5456
6713 6296
3144 677
8433 773
89 80
3277 3816
314 5664
4596 4868
599 8313
1897 8372
2630 7005
2887 6951
2907 7329
7040 3491
47 3766
6414 4916
7877 4166
4027 5909
7577 8821
4662 1468
2580 678
6880 3811
4914 5856
5955 8794
7316 665
5768 2506
2965 4156
3967 8092
5093 4686
5797 946
4478 528
8224 3525
1585 6607
4489 4997
1404 6830
4134 594
5831 2908
1134 5691
5822 1189
6883 3050
6218 4143
6375 6371
9068 6281
5621 5179
5779 1760
4352 4638
9004 5250
5158 2116
5055 4945
5203 2418
1567 3483
6375 1423
1715 5675
207 1026
4639 1346
7128 4959
3086 2134
751 4580
6936 8354
7012 4464
4605 8639
7660 7568
8679 7643
4282 4685
8969 8167
6666 2382
3235 4783
4167 2275
6861 4614
8438 5407
8873 3741
3080 6525
3496 5894
3224 1786
2242 6698
5401 5510
6773 7445
3988 3864
353 4855
2541 8721
5969 4457
966 7323
2653 325
323 7781
7635 7388
6478 2369
5788 958
4800 3286
8027 2710
6932 7078
2025 2553
3134 4588
8068 7934
9 1225
995 1153
1893 6494
6215 6257
839 606
4935 9054
5243 8637
1827 5357
8516 6580
21 6549
7640 4894
7369 5583
4351 6097
5388 4254
7328 5622
1031 5998
3542 5350
2805 2464
5661 2216
4865 8588
7605 5170
6579 5434
2126 6509
2041 4124
832 5076
9024 825
5107 3941
6022 8677
6067 1014
6909 8518
157 7594
1492 5688
6624 2564
6837 4217
6353 4544
1268 6213
5136 5037
790 8241
3686 8749
8197 2374
2202 7108
578 4157
5637 1445
2033 8933
7849 1398
7741 4789
3684 5878
1479 66
2596 6341
1935 5418
8589 6383
673 786
1152 943
4343 2143
5211 2122
1799 8203
7610 4200
5985 3646
337 3618
812 5222
3979 5709
1170 1597
5766 3412
8517 8933
7501 7505
3283 758
8889 2298
749 1496
806 828
5004 1227
5460 7384
6993 6851
2538 5396
5644 4079
399 4937
4601 1648
8244 8463
4189 4180
2665 3974
3561 6719
7915 4424
7655 9021
1115 8993
6580 6432
3224 7547
4604 29
1033 1680
5895 7817
2126 590
6513 8630
4485 1783
7247 948
7885 1628
474 6852
112 264
5393 4431
7237 2762
3681 1265
8854 3936
6476 4648
3084 3744
6761 1359
5960 1496
4196 1851
5333 8498
362 1663
7641 5566
589 4147
7121 8187
7193 6139
2748 8172
4541 4996
799 389
303 3883
351 6961
6389 6409
6313 7343
712 6053
8688 6706
7211 3578
1036 3718
6061 3809
3479 4985
1114 6255
6671 2153
5776 7724
8614 1586
935 5175
2704 8763
6152 7533
3644 6462
4057 5679
5364 4738
6824 2335
3512 3568
8120 7599
4395 5890
833 3002
1690 5444
4740 5870
8576 7091
3027 3863
1962 9052
5019 8763
7124 6578
6720 2544
3750 1120
7355 8232
8283 4433
1690 8446
1395 5373
7731 7310
7602 4309
2595 4315
46 8916
7120 259
6834 2631
3603 4896
3664 1540
1725 2974
8842 5488
3792 2755
4024 3964
4201 3017
3964 536
6322 6237
4439 5050
3067 9026
7910 28
679 706
8113 3749
7327 7363
205 3675
332 8546
8470 6480
6671 5250
1841 2808
1190 992
4978 5211
2880 2845
6535 8345
5588 7484
8886 4013
3798 7858
7660 3575
2278 816
8389 5032
3295 7079
1767 1081
2887 1695
484 3107
1812 8062
7262 4702
961 8904
6636 6256
5637 779
7834 1022
3339 5458
3912 6252
6011 4769
7555 6330
3666 8777
6166 6562
6805 660
1940 4640
591 5654
4456 1869
2426 6278
8552 3122
6585 544
1311 3936
2828 8710
3461 5315
2667 6189
6516 4365
8453 2861
2289 3467
1397 6436
2486 263
1088 7683
1715 6157
7069 8171
5300 7117
3026 1350
4643 1758
6470 8173
8905 1852
3930 8149
2152 7030
1310 6895
1565 1210
3014 9
1601 6914
783 2869
7866 3444
3282 236
6508 543
8308 5969
475 40
1285 4631
8250 5736
4705 5776
7478 5884
5446 7319
2044 5043
4022 2726
4340 4621
7001 2282
6804 43
8800 3480
2507 3948
3217 3584
1392 4278
8563 6467
356 3785
8449 1044
8510 3924
2968 7835
4371 6070
1947 4833
2791 88
93 1295
8891 2283
4819 2646
7536 4397
4810 5058
1340 5914
268 2928
7757 8392
8886 6472
1863 6350
7208 4936
8803 696
4354 2859
1442 6390
6362 5292
5997 5755
8248 7267
6718 6915
6911 2355
4100 3759
4101 4735
29 452
7973 3570
2434 5329
4651 4490
4292 5591
6217 224
2184 7914
3441 255
3877 5474
2604 6848
4030 186
8739 2934
668 9093
6275 3075
5392 5771
1807 6375
85 477
3533 2263
2638 995
700 6821
5946 7504
1696 6663
4949 685
6887 7985
721 3843
1583 8338
5733 8142
5160 7665
1133 8704
7168 1837
449 3904
7289 3966
6772 7513
6435 9074
2549 3691
5939 6094
8640 1831
8219 5857
5154 2158
3911 4628
8646 1798
5629 564
5062 3406
5396 4436
8448 5996
2449 3840
1736 1193
103 7607
4521 6282
5054 1326
6784 917
2012 9047
7028 4689
4665 1874
7293 8213
8350 3697
1978 4733
1689 3274
6877 2316
7271 8917
3780 4777
4384 8128
6853 8047
3753 3861
8032 5681
7111 7332
5273 547
189 3447
285 852
4826 1127
8488 5885
5711 6121
7072 1481
3426 673
7241 625
7539 1495
6090 365
3606 2626
2539 7615
5840 8606
6154 4130
1161 3363
974 1436
1912 7409
4220 1440
7088 5665
3525 4924
4823 6761
8117 3243
6115 784
6322 7576
3029 1111
2866 7024
4164 2576
8163 6522
1810 8725
1848 4359
8941 6564
5657 6379
8064 6453
5447 4402
6350 5013
2946 7669
5687 8180
6515 2126
3898 9078
710 4387
5756 7531
2341 2120
5160 404
1979 2679
6722 6466
3126 6885
8342 1237
1052 1676
3858 7538
2009 4949
32 3176
2083 981
4478 7193
4665 4391
8746 655
1144 8580
2114 7632
3479 4988
6374 8399
7599 1401
7939 5941
7616 8107
8685 3261
2603 3264
3980 4970
2534 2752
7276 6006
723 2269
4368 5999
8559 933
2971 3836
14 4027
5224 8088
4627 374
2780 5988
5149 556
938 1154
5787 8091
6563 5377
4586 5156
7613 8054
4589 2058
2371 7399
3809 2645
5329 6099
5028 2621
3010 6686
3245 4865
6665 516
8354 5073
4929 2928
1933 2448
3579 6037
7364 315
3205 6251
7732 4736
3136 10
7946 1230
3399 4082
895 7734
2799 4840
5687 874
4955 3041
6658 640
3792 8300
598 1687
6312 6168
5530 7234
7636 6591
4835 5877
7038 8360
320 5279
3331 3626
482 6405
4984 5517
3446 3792
7183 5623
7518 7423
7508 6624
9005 473
2034 2256
3784 7046
7042 8328
1720 1912
8778 3120
6491 5044
2664 6994
1073 2834
1021 3102
8257 6967
2886 1952
6709 3140
4881 6172
5067 5497
2552 1408
4856 1741
1015 6091
2741 2839
3077 965
7393 675
7796 681
4244 6357
7190 6256
5145 7412
5948 5984
2082 2258
322 277
9103 1963
1314 620
4740 6197
882 2493
8486 7937
584 7709
7767 3370
2647 5944
3164 291
3668 8438
1270 7912
8138 9057
4207 6710
4070 7912
4356 1388
5138 5988
5367 7098
6631 7701
7736 6590
113 6858
5110 572
1900 7791
4930 8863
3049 197
7812 250
4817 8511
3072 99
2886 2784
265 4709
1130 2647
6495 4270
8583 2772
1261 7555
2856 7896
7389 9004
949 6813
5523 7710
1040 8530
2253 3115
6411 2203
6611 3397
8932 419
5489 8851
5022 6276
5411 5113
1064 6971
1140 8188
4193 623
4898 3772
3206 4048
7567 2124
7102 8510
6467 2017
2193 3856
911 5102
3647 1777
6459 6228
2097 5047
2157 7588
4806 8042
7070 7265
8268 2519
4697 7342
68 4289
6846 1249
6968 5623
7813 5903
1166 3664
8239 949
7596 6360
843 5008
5245 7586
229 2614
826 1773
1532 227
5386 2745
7918 3800
2762 4499
280 7128
7580 2059
2850 4526
8447 3126
7725 179
4228 5220
2960 3451
7254 6798
2840 815
346 1401
2210 174
8477 959
2208 2095
3850 8531
5351 2314
63 564
6384 3272
1296 4570
7350 6103
2909 7609
517 7592
2757 8276
5895 4248
8154 440
8980 979
3844 5238
4754 2999
336 5102
1833 517
1 1370
7296 2808
2695 5899
267 1119
1334 8142
8384 1679
5356 1482
4471 8226
8697 37
3874 4043
3228 3131
1933 2635
765 4610
1398 7469
4058 6493
3265 8379
6758 4643
7275 7887
6933 3707
6402 1539
6171 4237
2038 2209
2323 7787
5642 1144
5596 3194
7911 4669
6396 1126
7122 5098
5611 7153
6286 3981
6539 7554
2473 8828
7820 5497
5695 7051
1902 3789
7094 2762
8768 8160
2455 4687
5446 5554
9010 1039
5906 4307
9029 7789
5511 7924
4553 3954
2467 3082
3808 4824
1051 6223
4377 6566
2944 3680
1715 3631
7814 4665
4613 1484
4066 3593
7375 4503
6735 7311
3472 2612
8539 4725
1583 1675
8119 2381
8817 8135
3272 2856
9032 2765
8333 3647
158 2110
8806 8102
1098 6711
615 2885
7490 6926
733 7228
4341 7277
6118 3200
9005 4995
3460 6623
3200 6406
6592 6679
764 4992
3837 7025
2206 5262
4703 1481
5556 1087
2831 4452
5975 396
8456 8934
8408 5973
2117 2498
3268 5988
8870 824
4412 6562
3532 2009
7686 3246
5418 6095
7928 8736
2011 811
4739 111
3673 643
2901 5802
92 6739
5101 5983
7555 117
7116 8414
5993 8695
3502 3378
740 2268
4930 4237
2536 9031
1047 4096
1255 7891
3426 5302
6511 1973
3596 1788
1146 1563
3946 1135
7079 1430
4712 6562
146 2043
6526 6724
2740 2590
5405 6418
5372 7597
3102 1000
9019 8181
4708 3297
1534 3090
5462 8737
666 2912
7535 7237
4946 2843
8089 2667
3744 70
3522 4153
5097 4927
2175 8840
7421 6765
4459 6748
1333 7718
246 7670
6557 2316
7142 5888
7686 7908
5477 1884
5903 4889
6811 3450
4286 6916
3947 180
1661 360
1537 6950
5492 2760
4621 289
7472 454
8716 46
191 8437
7920 3500
5553 6805
2126 3385
8835 207
6906 2999
4601 6359
1480 7826
6769 5858
2742 5737
7815 1387
8793 2670
6208 557
91 972
7069 433
9068 6930
1814 6803
6976 8062
5388 5707
3407 7527
326 1741
5197 5701
7747 5160
7139 1906
7927 953
3845 6605
7221 6187
4969 5839
2052 4286
9090 7309
5641 2189
1162 7092
4927 8482
7217 7439
3188 4184
8478 4349
6871 6086
7455 1552
527 4375
8106 2309
4373 3057
4530 3506
1222 5868
1921 8061
2674 5264
4655 7189
2802 3313
7651 4693
1707 4939
6479 4728
3341 5659
4803 1871
7207 4106
5806 3875
7237 8506
7233 7285
2146 339
1736 5333
7633 8734
1444 8491
2752 4339
4844 8983
8869 5596
8538 495
8397 4321
8635 2876
2592 4261
581 6696
6184 6486
4568 7878
7890 5726
8087 812
6516 6457
594 8199
3371 923
6992 2379
1755 2772
5471 3346
3847 1312
2092 503
4796 1830
3337 3170
2313 8117
4324 6921
2133 4802
7070 3262
6146 3214
4661 3413
5775 2162
9055 4921
7998 7683
3760 31
8949 1376
7078 7084
233 1834
332 5991
8437 4623
7036 1175
4640 5463
4541 8049
3401 4058
8116 8137
7522 6431
5118 8819
3587 8169
2350 5250
2739 1892
1218 5582
8853 344
1900 8095
3070 677
3120 7208
1920 371
1168 2754
7577 1632
3509 5192
7101 3752
651 6466
3373 6330
1793 6221
5493 6875
4136 7041
8575 5353
1589 3418
6227 6711
357 1921
4834 7584
8700 8773
3995 2285
3071 5356
1490 3774
2236 275
2046 820
6634 168
4316 2879
5089 2201
2261 6654
289 3304
1908 7160
7489 2337
1647 7886
2481 136
5801 172
4842 2617
6761 835
5587 3937
3516 7919
4517 91
2304 274
2071 550
3945 788
1856 3571
4180 479
7679 485
5355 4818
6273 5668
3142 8639
1970 563
1472 2487
5777 2088
7312 4480
249 7751
8515 1452
1077 8014
7300 4606
6071 6231
5047 6825
5321 658
2034 3576
3799 311
3949 8716
6309 4364
4925 389
2017 8551
964 7635
5915 2282
8769 2174
2098 6155
413 6814
1104 5307
2687 4942
4616 746
7989 3514
4868 610
8846 5697
7581 5889
648 1233
8781 5086
4600 3339
3251 6520
1865 6982
7497 290
2449 1482
8472 6380
7916 3669
5212 739
8753 8699
5864 3185
5752 4896
5202 8720
8143 7400
6553 8849
7274 8321
8385 1797
5625 4426
5037 2280
1270 8822
6999 448
5662 2008
7827 1457
2915 6655
551 37
5743 4663
8140 4100
3292 8838
8371 3414
5026 4170
4451 3061
6914 7707
7678 4548
5951 2422
2702 9023
8795 2197
8494 5274
1516 3260
7460 4536
1601 4948
482 4488
1756 7554
7357 1083
3093 2786
4999 1246
6809 2998
6303 3292
8523 7074
3571 1662
766 1412
1553 4403
5682 2257
3192 4241
5404 3268
4383 6620
930 5185
8271 2997
8647 8928
4545 645
3571 8400
5681 6660
1478 3174
8257 4945
8412 1038
9032 4301
455 7263
8242 4036
8828 4903
1023 5627
5994 6667
4210 9020
4160 7354
3880 3667
1035 663
6201 7193
8330 3986
554 7237
3649 1885
6715 8852
7898 8319
2237 1165
6508 1839
3382 8435
3898 5194
1377 7209
1034 309
6182 3655
5467 6210
2647 9092
3891 2531
7583 8826
8780 2501
1004 6150
6943 3456
6525 6010
1830 1280
4335 3683
2307 1330
6632 6177
5882 5480
5056 1945
3487 932
4317 8293
4962 4233
4524 8124
5524 7325
5995 7944
4658 2972
6002 8398
3430 5704
3880 7397
169 6126
4275 2932
2716 2964
2450 5756
4073 6611
5021 5626
6306 7532
7492 5812
2538 6863
6379 7374
930 1731
1201 1520
1568 8038
4206 7050
7238 100
375 6806
7466 5166
1616 5374
856 299
4634 1759
2931 5842
4298 1317
9020 4820
3139 8521
4185 2923
4720 3106
5251 1548
6903 6361
2240 1268
4751 6481
1022 339
3520 3025
6141 8426
5603 1093
4512 5410
8089 568
6697 4486
8523 1974
4284 8938
5115 5904
7223 3088
7822 2335
2489 7378
6684 465
668 4801
8897 2453
5077 4388
3894 7621
6649 6205
1455 4320
5689 5430
2395 5751
1181 1876
5682 5348
2457 5565
8381 7580
4129 3356
4426 6295
5420 2454
4074 2578
1534 8955
7752 5666
1103 2416
1831 1508
2793 4653
8095 8646
3252 2825
5222 7350
4906 5429
2867 3097
5691 884
1730 9034
7179 5715
922 8502
6162 8028
7802 1871
1648 4976
292 371
8626 2441
4967 1535
2537 476
1873 1019
1624 6960
5301 6651
1773 6617
4329 3925
2251 7336
794 6380
4739 3610
8350 5311
7790 715
5874 6240
593 7368
4956 3418
8177 2386
774 7504
258 968
109 6875
4904 8158
3643 1328
7147 3003
2009 3550
711 8611
8404 8394
2150 8592
8258 8668
4678 3363
5701 3029
319 4392
3266 3144
2606 8771
8484 4091
76 8010
7465 6225
483 6252
7235 4970
6528 3112
6309 6776
1893 8591
7225 6136
6727 3425
4668 3226
4898 4700
340 1033
1769 3501
7162 8886
7361 5455
4637 1527
535 6311
1306 3248
296 949
7118 4825
3224 227
3430 1303
6378 2357
3879 5537
4213 3952
4784 1090
7943 1011
4759 3507
7029 7762
2921 5784
2694 3533
5697 8198
8318 7684
4155 7009
4120 8026
6987 1625
1920 9001
4491 8309
1685 337
2074 5323
1083 1045
6857 6437
8544 5523
316 5167
1806 3819
8821 6352
2175 3252
3328 7497
6555 4606
2379 3846
686 6455
480 4833
8946 8805
7836 7309
5451 6231
6932 7531
5312 8363
3876 7138
8930 6178
6255 6253
6700 3856
4452 7707
8855 4558
7134 3047
1934 644
6916 6438
1082 2077
752 2750
4341 2312
3209 2923
4980 5166
2803 2862
2693 7020
6026 2566
9012 1221
701 7339
7081 756
6675 6862
3832 6460
982 8674
5034 5963
8385 5189
5435 2976
7299 7903
960 369
2075 7116
2497 7090
2207 237
5798 689
6116 4133
1522 3524
6915 5876
4691 1516
417 3471
8714 818
4379 8394
4662 1223
2119 213
2137 9034
6801 1688
3757 16
5528 4537
3299 9083
5423 8184
4646 1079
1198 4020
8544 7520
1919 7821
672 5666
547 5294
7540 4900
4460 6105
607 3993
7073 6483
8219 6862
5381 4541
1771 3352
4139 6350
8361 4888
5036 5100
4739 5825
2917 4257
7705 6571
5269 8240
8210 3232
8240 4999
4108 2280
5850 1173
6909 5925
7056 8598
900 3599
3125 8430
903 7506
1124 2555
58 9009
4812 8662
3515 3042
735 7790
5885 6939
670 6977
6636 8253
6243 2862
8502 7425
5950 707
1498 4592
8988 3890
7430 5416
7268 5323
5565 4721
8104 6928
650 5601
3107 4771
8312 4821
2775 3606
4321 4976
7485 3665
6481 5246
309 5268
5363 8616
139 6774
3763 6183
2533 8030
1268 5627
2480 1958
8386 7264
1973 3471
2365 1698
7921 6994
8892 6197
5180 2371
2889 1654
5284 3741
5838 1807
5271 5260
2012 6638
7317 7704
8106 5937
6018 4372
2896 2247
6185 7987
7930 8401
1679 8899
1733 3728
424 6740
3124 5783
5928 6124
8620 1505
667 4649
867 4870
1101 4435
8961 2573
6307 5043
3732 1649
4732 6998
6074 4294
8336 775
3430 4653
584 758
7876 5015
7488 7867
4564 4518
4680 1037
2471 7042
4355 7512
669 8595
1251 5768
1569 1199
3005 4349
5904 5989
5562 8722
2373 831
5813 5820
5236 5032
4635 6819
4751 9070
2745 1386
6846 2359
7733 683
1848 4
2188 3600
7471 2901
3049 1980
4560 4130
983 7776
1183 1717
5081 6186
8052 4528
7170 5741
1559 2769
7578 5020
2618 6814
6646 6260
4251 3358
1663 2626
6191 805
1568 2752
8021 6588
6972 8906
8128 2900
8152 8932
7944 2464
4546 7111
5726 5232
7541 6208
6261 7160
7997 961
209 3683
7635 8501
5468 3141
3684 1516
6523 6567
317 5337
582 1747
838 7853
3885 1700
2419 272
8205 7959
1509 2078
1046 2783
4490 6225
2568 4312
6239 8553
2523 4894
4423 3273
2696 8231
342 4474
8415 4021
2557 8165
8921 8693
673 1593
3281 3726
5495 5169
5018 7411
8979 4732
7738 4909
8153 8580
8234 6444
3138 4583
8738 206
555 4513
4947 5261
448 1189
7416 8296
3051 8538
6200 2401
2927 7004
3205 6324
87 1565
1407 2789
8209 4966
6901 6882
5349 5067
8918 6416
219 1893
5971 2621
2784 2082
5089 4327
7054 2492
2550 3137
1336 1803
2380 8017
5122 6264
60 5360
7720 2933
7033 1773
4587 4764
9020 5242
5150 9109
7612 4742
8709 4420
4730 7477
2241 1600
8335 40
2048 3592
3513 4620
5557 6484
4890 2806
7743 1399
962 6676
7219 4378
3220 7248
3768 3913
6123 1251
2763 3206
54 7514
4480 2664
4595 4775
5564 2716
653 4917
4314 6587
4079 1880
1072 4183
8201 4317
3972 910
2565 4041
4186 1532
3362 2708
5583 4113
7862 6212
5237 4908
6310 7261
1116 6012
2377 9097
693 7016
2586 4368
1410 5610
346 8721
1941 6332
357 7989
3951 7574
1481 6372
7215 460
6872 7972
2422 4885
3081 7815
6214 9073
3457 5106
569 7925
7299 2782
3986 8199
4163 466
787 6294
1936 6520
2660 7948
5584 2297
7891 8052
3519 453
6065 7754
1853 6007
3116 8885
8616 8191
5503 1545
3743 5910
3729 2903
2477 3562
3855 6603
4682 9008
8214 55
274 5279
5305 9097
911 822
1361 5980
32 1674
1338 8979
6498 2796
7493 315
928 4376
2937 5364
8841 2658
8340 909
8746 7091
680 3633
1063 794
431 7650
3388 6762
2089 2394
2291 7986
9002 5949
2000 4334
6093 3893
1517 2281
7468 5728
6016 8200
8820 5999
5596 290
3393 3135
2762 8898
2232 7400
888 3524
6388 2741
2646 1931
7115 9084
6369 4195
8688 5454
8292 743
1020 1617
1720 777
2850 1966
8613 5832
7475 23
2747 4705
5816 4504
4974 3965
4565 6526
7461 9100
1236 7604
5207 59
3142 8764
8579 2691
8745 5721
7489 6754
6527 48
2811 8641
1821 2321
9001 6747
582 5946
2839 6584
1512 4610
8755 5624
7594 8782
6446 9061
7369 810
6195 6172
6151 1037
6586 3957
4432 8103
8178 893
8241 4451
7756 1549
2278 1886
3264 6711
2084 5259
3287 2805
5704 2211
836 5738
4049 555
8259 6738
2963 664
5353 4499
6850 8667
391 6874
8080 2935
955 527
369 2127
5001 5881
8556 1914
2285 247
2460 5643
2513 4489
881 5686
5635 6391
7060 4790
4328 2609
2220 8726
5091 578
3054 6758
2519 7634
3886 8473
4772 5629
7643 1532
7101 6719
1441 3979
7340 5832
4853 8657
7845 3228
665 3151
1626 7118
5493 2016
4876 6017
7462 7952
3591 6238
2760 5484
718 5773
8815 6894
8822 4140
7778 7162
6529 4897
4978 2573
6934 7807
2590 8692
2584 6382
5361 1866
5894 2812
793 5799
4431 8272
2441 7598
2467 66
2480 7622
955 939
5888 2425
6112 2827
353 8597
1391 287
3306 5144
8054 5370
6346 6936
750 5405
5580 3235
6283 710
2438 2772
354 5831
1151 3801
6413 8686
8343 5230
4504 7558
5614 6421
6815 2084
1191 2556
5938 3689
2004 5056
1956 4455
4353 3076
6314 1078
2356 7407
7185 211
8832 7977
1752 6383
2620 7738
4644 6822
3882 4736
382 437
5927 802
2831 1950
3840 828
9019 1869
5758 1996
6062 7336
7103 8829
2867 4654
3595 8565
5911 4699
5390 5889
2731 3381
8868 3799
8788 6398
3312 5831
4207 2334
859 3352
2069 7603
156 7273
732 4434
3860 4415
2162 2068
6029 6533
4463 3657
5471 1009
931 3464
308 365
2727 4110
3459 560
4734 8649
1714 8253
6766 2819
385 8979
4583 1505
3072 8187
323 4579
1358 6970
4300 794
8073 5543
5694 3621
7665 5577
5693 7499
5164 2383
2688 3474
1410 6909
4238 6594
1200 764
262 2755
5430 1632
6718 2360
3442 8486
6260 5351
2436 1728
3190 1515
4373 499
984 1764
7984 2116
3009 5480
6581 2551
6472 2221
4909 559
4164 8908
2231 7158
3402 7895
775 4291
4730 7518
8706 3700
6072 8428
7605 1934
3040 6851
3320 3241
1554 1497
3908 795
2873 6221
2045 5239
6419 8290
2468 5742
4758 2311
8080 8949
1838 4833
2429 2449
8857 7702
2147 1614
4466 6075
7584 4159
6449 3075
1740 1560
6933 1281
530 3
8565 5868
5850 8877
5782 5862
5856 81
3615 7959
434 73
3460 4647
926 4254
5320 728
6650 6756
1367 793
8110 2488
7570 637
6488 5497
8949 2401
8132 7169
7473 7290
6969 6257
6288 5422
7584 5297
8949 1440
1404 1324
8208 5432
3263 8376
272 3150
6420 1561
2419 8391
553 4970
4725 2163
9098 8861
8738 3448
823 4309
6369 4133
5727 5338
1096 4121
6104 881
7148 4657
6826 7126
6446 5736
4981 3495
7563 8650
5311 302
7697 8511
1795 1531
6297 2816
8446 2520
6430 4987
4684 931
1025 8122
2936 8048
4937 4344
8053 494
3162 988
6001 8669
7019 8149
2007 5829
4662 7702
2595 3905
2696 421
2286 1824
7689 8466
2316 2490
5074 5989
7194 4327
4318 649
5791 2717
7975 2009
2264 7823
3919 2909
3368 4671
6725 5991
2601 2806
3995 4900
3422 4602
1940 7634
5924 8038
8915 3449
8678 6013
4176 7331
5760 6882
4749 5156
8441 7559
5950 7536
2493 6892
461 3623
4287 893
5431 4984
4406 5353
5392 4186
5914 1057
1390 2841
8874 1478
3725 553
8815 5824
6110 1855
7075 4814
4332 8573
1067 9083
5729 2550
6825 8365
9030 4222
4224 3374
507 764
9084 6800
8987 2741
2981 8714
4633 8383
502 1499
3484 5201
901 4449
1990 3078
501 3439
687 4812
5094 6739
583 2168
6651 8086
3664 7487
5213 6699
1235 2021
7631 8100
5853 1990
6448 2106
1954 3614
8330 807
4674 2100
6945 4822
8595 4975
1348 7245
619 7641
8121 2782
1718 3487
5849 1209
7139 909
7395 7163
5783 3720
1706 8096
8962 4830
2904 8256
350 1757
4681 8678
7083 4739
231 7070
8602 3123
8766 2289
8978 8558
8775 3955
3305 2980
1826 8888
1313 1017
7510 7545
8508 8382
8023 3823
1605 9095
343 4491
283 1204
7222 5104
2078 2571
623 7317
6464 8945
343 7168
1942 8105
7995 2482
4151 2128
7424 8552
4187 5769
4383 6367
8015 3084
2489 5197
5875 653
3027 5466
1846 4967
3379 6712
7846 2970
1396 4247
8999 2385
4137 918
6192 6949
1295 6604
6938 2345
6371 3666
2169 2273
3753 2174
5604 6664
3536 7151
3368 7950
6238 8176
4446 1184
8592 8064
6487 4771
4886 4553
8857 6531
1339 7723
7578 808
1970 1592
4842 5574
2257 6685
2044 3290
7238 5177
1456 7600
8196 1585
2386 5676
1664 3477
461 3055
5328 4449
7764 8466
6702 3272
7582 9015
5974 818
2295 3418
3558 1559
395 3358
1787 2804
1178 6270
6394 2359
2845 336
5507 7698
5557 1130
6224 8621
2276 7746
7589 2182
4268 3145
6331 1599
3642 127
8003 771
4385 3841
7524 3377
5756 2798
3295 6383
6380 3580
2285 8460
3696 2369
3028 7438
4142 7459
4214 8697
6701 5588
881 1149
1845 5428
352 3293
1375 3852
5520 155
1826 2795
2272 8025
7284 2347
5778 6470
8065 2610
1073 5025
8419 8076
1525 2261
8303 346
8205 8984
6875 5872
2622 5132
7437 1183
691 4798
1761 4938
3036 490
5558 7519
1393 5290
4282 4991
5742 1205
5743 3125
254 407
6725 6099
9094 4239
6876 8568
5326 6175
3909 7256
2583 1382
4629 4084
877 729
7956 3326
5059 3063
8661 8266
1276 4410
291 5874
3420 6197
8341 2022
4432 531
4797 5801
4631 588
8513 4468
435 5090
7335 9081
5809 2213
3601 6360
2106 6899
1188 7261
8057 7302
6665 346
3521 2270
3878 5804
1622 2778
2043 1523
1670 504
6439 1461
3797 5449
3997 5516
3546 1909
247 5616
6716 5336
5286 797
7314 248
2565 9103
2293 3885
4505 4113
33 5562
2314 3540
6254 3869
247 8912
7784 8070
2746 2570
8924 3299
7630 2532
3444 4115
659 7468
5272 8491
3301 7848
3500 7430
8638 1215
6958 4498
4469 632
8453 5180
286 7317
3342 7952
2611 7475
345 4475
8998 7196
6706 7365
198 2961
5270 1850
4583 6130
8439 8178
8963 2581
6596 6929
2476 5171
6266 7657
7443 4383
971 8574
1776 4720
6064 4347
6979 8018
4447 3449
3838 6889
3291 5794
8878 1071
2225 7077
7377 32
6126 7753
7643 1030
5762 5207
5560 8887
34 1434
2270 2625
6188 628
4881 8814
8418 6034
7330 4795
5384 5011
7396 8015
5589 3381
8824 2253
6528 4730
3934 2360
6615 8330
7104 6960
7441 942
276 3478
6140 1970
7757 7378
200 7012
2560 5854
862 4054
4428 6490
5889 6179
7640 6840
224 3454
7983 5272
5265 4867
1076 4974
8681 3454
2963 457
8939 7745
234 5530
8971 3564
3848 4313
132 8872
6164 6280
5714 1160
225 3902
426 3577
6253 293
1425 21
293 5349
2444 101
5412 2010
2308 4081
402 9050
5012 6377
693 6185
5563 8230
656 6696
8090 7269
4162 7724
8702 6460
8589 3721
8982 3925
5494 1511
5382 4479
1110 2140
8673 2355
7016 6318
1546 259
5139 3407
2041 5903
1812 5582
3720 1401
567 3876
1695 3060
4953 1834
4550 218
3364 2300
8765 4054
1139 7479
4512 124
4058 7245
352 5282
5245 7442
3707 750
9052 834
261 5675
2452 1363
2599 152
1988 8204
3357 6242
8354 1199
5341 1757
5034 3352
3647 5228
6353 6979
4308 8810
4685 8531
2804 6241
6454 8574
393 6039
5560 6598
8036 6928
3562 5728
1977 7970
5187 8519
3323 2258
6867 2710
7857 3145
8310 5139
4047 8264
8516 2792
2371 5307
3544 5510
1923 9094
7589 6132
3251 1652
5244 8895
820 4279
8936 5902
5432 5531
7852 7039
5477 8729
5225 7974
7530 4851
3748 4157
3892 2523
8301 6770
7801 7007
7657 3865
4606 4342
2272 5595
4539 5069
4919 1036
5331 3440
7448 1865
7366 3702
8629 2794
3285 4149
384 5956
5956 2118
8782 7747
4794 5115
3415 7146
1709 8746
2413 2833
778 8677
6507 667
4815 6842
1827 7257
3103 3527
1055 2205
562 8068
3362 8638
5124 3353
880 3811
7781 2464
8700 747
7105 3316
621 8105
7498 8355
4766 4940
8 5633
5770 1452
8567 4239
7155 7587
6711 2700
5309 4627
4222 1704
3716 5455
1926 5094
7669 8279
5436 5695
3329 2944
7094 3370
3720 2378
8248 7696
8789 7881
4465 23
5742 2960
7289 6500
3116 6145
5605 4233
4836 4145
6488 8508
2398 2618
8866 3770
2766 3315
7108 4210
7996 6588
2289 8328
8874 8215
3037 83
1928 4369
6647 8677
2766 5478
1064 8065
2234 8111
4702 420
8218 1771
3121 3797
2249 6927
7380 4584
8291 3007
4830 5039
7659 8241
8086 7569
9038 6893
3493 6118
3505 1984
6804 3790
7065 7010
3941 493
5601 1490
3944 7568
3514 1680
4694 3394
5165 2148
1842 4538
541 7224
6851 2666
1100 6537
6881 7459
5192 3953
6391 5764
3387 2465
1998 3524
6713 124
2816 6516
5563 5949
1322 3197
6340 5634
3354 5465
8278 3871
6203 6741
3682 2017
4474 2649
361 5836
6832 6283
1936 2062
4398 2625
4764 7910
1409 1442
8423 1857
8291 1347
2662 4208
5775 7993
2759 7519
7419 6855
7188 5531
4202 8918
3277 6482
5574 6369
82 4679
7438 8114
2571 3505
8696 7790
2624 472
5435 2537
945 7150
6969 3690
5005 3564
4365 2597
1567 1986
7217 6639
2511 1040
8001 6311
3688 1561
8847 1651
6346 8904
6035 6962
1808 664
8590 4657
4100 3713
3329 1078
2923 1732
8446 1422
6422 2014
4389 4436
8482 1770
7710 7587
1499 576
8913 2937
8003 783
2573 44
5996 3295
6194 3164
5049 8919
6410 7557
5567 6487
2494 5216
2615 5205
1819 2493
7359 4060
5133 5231
2965 4547
3939 3789
5541 1777
1388 4055
1006 4986
6212 8436
5581 6819
2229 8358
3725 2135
6277 5955
2015 3960
3358 4679
3402 6431
1262 1035
7792 4586
2055 3293
7654 7935
243 4930
8407 310
7063 9090
3350 1341
3248 38
7013 6561
736 1299
5558 1766
329 8317
1671 3239
2039 2842
13 5134
954 7346
6004 5113
8138 7921
4467 4516
5625 3600
7027 559
6241 2884
3786 4843
3627 1815
416 3256
8023 4364
6234 4877
5013 5031
6230 4543
4620 1032
5694 5550
799 4518
5448 2904
1452 2099
8942 7250
6448 9006
1770 572
1722 5922
6059 3376
1142 7740
1012 1264
8086 1338
2574 633
4859 8226
1459 7294
7 4698
438 7811
1368 727
4754 2346
1739 5492
3438 3708
4715 1000
2190 3130
8183 1407
7308 727
2642 5869
513 4751
7273 2552
6060 2058
5511 1702
8142 6547
536 7727
8320 5004
910 3676
5992 6177
2000 1846
727 6020
8457 7648
4893 1689
1821 3428
7579 7713
2962 4944
3830 5740
3828 7175
5082 3077
375 3155
4350 4357
241 5654
5298 6035
3056 184
9018 2716
8028 2210
3012 1582
518 1724
2397 4950
6000 785
4020 4946
3 4177
1941 5025
7653 5501
4567 1369
3263 3100
3230 9033
3931 1338
8998 1679
1374 4175
3617 8579
6301 1726
239 6409
4682 8698
4983 1504
6743 3260
1446 2243
7041 8582
139 5929
6691 2132
3482 7684
6579 7241
6643 3257
1399 7226
7707 4258
3159 8777
8008 2748
1156 906
6237 989
933 7402
116 8426
5274 1907
440 8461
643 2732
5270 6160
2608 730
5380 6737
3272 4384
4761 2092
6857 5544
2880 3988
2310 482
8261 4333
2914 1876
573 4424
6408 4369
6045 6957
7180 7771
163 8609
2701 1060
2593 348
7134 7450
633 908
1536 2563
8516 261
1969 3497
2893 7852
4830 4500
1881 3934
181 8244
5489 3034
8994 7187
4695 7220
1351 2719
4847 4694
1818 7112
2885 7985
361 6392
8761 183
5342 3109
4425 7146
4297 5744
4812 8918
851 4405
7281 284
908 12
6489 269
1259 3701
5142 5193
2860 2678
7002 7101
60 1341
6267 8202
8363 7118
4453 5066
4970 275
7443 4848
5225 4482
4061 6228
3847 4369
4833 2453
5485 2130
2469 2013
1256 8852
5951 7451
6549 3967
2739 4591
7527 2778
4804 6062
444 2839
6909 8275
2668 4993
418 8872
3278 2508
1929 4065
1916 2889
1356 8152
735 7288
3523 6701
7433 1937
3410 2588
4264 8220
1459 8942
7867 7009
8291 6492
7387 4841
5825 303
4935 143
1420 9004
5140 4260
4821 2670
932 4017
3003 7164
6806 1701
969 4865
5638 3018
3297 6734
4421 2105
517 7719
7194 42
3298 1683
2295 5912
4606 2175
3406 4737
5943 476
3970 6333
11 644
9036 4695
6727 2212
7290 1398
2529 4197
5932 9053
1125 4835
3662 8981
5970 468
1548 5912
1512 4320
7430 1513
2035 7410
6167 6521
3893 5669
3795 5951
264 4439
8609 1857
8422 6716
5066 8643
3554 6580
830 41
6742 1967
7344 2895
201 5293
2809 2929
8006 2531
705 4917
1406 3139
8020 446
7956 8665
1304 1927
8388 4943
3559 2018
1182 349
4905 2168
948 973
8275 5851
6856 7397
6087 430
2821 3419
5429 934
3546 1381
316 4808
4352 4938
3382 5490
600 6450
7815 6441
2364 7971
8950 3290
7955 5222
2544 8779
2880 8819
825 9036
2474 3663
5970 7957
3384 8523
1526 5094
3055 882
5375 2306
5458 4245
8882 5848
5693 7739
8864 847
3776 7186
1213 5846
8802 5162
5865 3565
6216 1927
8412 2304
6571 2460
1121 3421
5280 7169
8953 3389
2617 6947
4063 5258
5116 6027
2261 6449
6524 950
6923 5587
1203 6222
3179 4924
4390 8560
4418 2610
5995 3554
2240 4413
4470 295
2677 1394
6117 8155
6248 6669
4484 7703
1592 6834
8031 2792
6084 3555
7644 6381
729 6778
7636 6589
8200 3013
3237 6008
3582 3086
1215 4750
7386 7298
6799 2653
7015 725
2312 3959
896 3269
5335 1178
5768 8907
5553 2794
7159 4013
1103 3700
1786 5314
3398 8654
1057 1007
9107 360
3316 3391
118 7752
6044 2770
931 2733
2096 7281
6827 86
5667 8194
679 3923
3340 7428
2153 6954
4947 2525
5619 4232
1577 850
1028 8338
8765 5225
7827 2460
5113 8424
2518 5200
4713 8250
4158 5485
499 8923
5829 7979
522 6281
5819 5481
2428 1751
2447 1553
7142 3529
1226 6528
2100 8940
1578 3126
3099 2484
5373 5967
730 1277
1225 1323
1158 2144
1743 36
6051 8292
6438 5461
8201 1975
4272 4822
4779 4290
5108 3015
2057 2160
15 6443
5152 8707
4597 8577
2063 3785
1810 7149
7723 3042
3805 6002
5688 854
6497 4434
590 2301
6675 8734
2494 7432
5529 5830
4966 2689
6652 5317
6090 8956
5029 6776
7044 5352
961 7136
8290 2482
5763 6991
2691 8353
7733 2724
2060 2111
717 6579
4880 371
2639 114
2257 3679
6298 7680
8388 2521
2377 8569
7946 4748
498 8921
3298 2583
3250 1800
7449 3727
1182 6886
3103 6362
7541 8235
5409 487
8214 3434
3348 5867
6254 2036
888 3553
635 4852
1180 2678
6744 4172
4961 1041
4375 889
2338 7537
6896 1630
2074 2815
2257 4694
8587 5274
5389 6182
5815 847
626 8081
7543 6326
8779 4057
2651 5901
8166 2324
5724 7899
8471 5920
4543 4878
7750 1911
3576 8436
3524 7618
1570 8050
5257 6291
4270 192
6404 2248
5892 7911
7656 3785
1890 2281
2993 9011
7437 2196
6474 7057
7271 5885
6625 7303
5526 7089
4365 4424
6698 1918
4306 7107
4945 1483
8918 8676
2712 8956
6759 4697
5605 4066
5942 7633
3271 7639
4808 3901
4302 3165
8826 8015
6681 4787
5505 8794
240 5770
7096 1539
4955 8470
54 2393
4237 6121
5109 2173
4401 2243
3622 8742
650 8550
8893 3620
3258 1502
6320 5590
4328 8637
8156 65
2485 1230
1142 1296
3853 6203
7988 2290
3929 7648
5326 2435
7599 872
6818 3007
4987 4566
1436 6704
7284 2569
4449 2012
3848 1027
8169 8689
4233 492
4103 8582
6580 8152
7255 1171
8688 8714
2576 418
5732 5263
2584 9086
1702 2613
7571 6502
155 8882
4548 954
3431 6491
5894 6153
951 3089
2739 8236
2741 1789
210 5849
8975 5842
4524 7667
8659 3829
6288 1826
5058 7305
6190 2518
6866 6523
1220 4069
8728 4134
7748 3206
8032 6124
8984 1702
1048 4707
1908 981
8308 4084
4645 5712
5710 1903
6787 8688
2780 1327
742 117
7705 3154
8153 3021
1685 3685
5045 8421
7940 3554
5643 1661
2984 466
7895 5263
5065 4559
1705 5208
6324 5527
1872 3900
4325 4072
782 2301
6018 5077
1646 4358
6607 7406
3083 8134
4941 906
2335 6011
7938 833
2571 260
3427 2197
230 2112
7123 8615
3976 683
6077 4906
6407 3233
7229 7840
8958 704
6290 1655
6892 5060
5501 2032
4524 8375
2037 9014
1619 2899
9077 3827
7978 3643
5061 6499
3839 148
2233 3305
4864 7684
7467 1132
1641 5612
9061 2483
2046 2916
7675 5795
6812 2558
8244 5150
6391 7607
266 3866
7553 8774
8516 976
1584 170
4868 609
6447 426
6802 6752
1165 5687
3245 572
5359 8243
6661 1012
6974 7918
870 4748
6564 14
2890 722
7026 1610
4551 4164
6651 843
8022 5465
5112 6631
4199 324
3429 8408
3915 4513
1030 4467
6603 2382
8067 7465
6369 8590
4064 6127
950 4061
6051 5532
5173 2885
3558 4410
5678 554
40 8776
9028 4190
8530 578
1403 7106
6886 5857
6513 4033
1243 4988
2606 6387
8696 1411
6067 207
2322 7144
5998 6458
284 1486
4437 2898
3637 167
125 131
7287 8347
1734 1404
3108 555
7969 5199
4232 8986
6874 241
3133 3555
4923 3713
202 905
6368 8247
2571 6940
8171 4826
3857 3889
3218 133
5128 6540
5388 698
7543 6975
7804 8006
6566 2061
6927 187
3799 3658
3835 2593
3525 5855
3833 3539
1063 7684
841 2065
6626 6254
7844 3424
4638 7453
7591 4246
6690 7835
6149 5569
584 8219
4892 3377
5943 2930
4553 5818
4458 1132
890 1844
7304 5300
8802 7242
7955 5326
9007 4769
576 2245
2939 4535
4783 8399
6066 3699
9080 1504
6526 6727
6979 6003
5430 5888
5336 1880
728 8452
2766 7460
2442 3486
7931 3897
5470 8035
7224 3212
5838 2684
225 6423
3013 5239
6749 3531
3279 7755
937 4940
5439 2303
6191 8301
858 2589
9073 617
5757 4334
7176 8016
2217 1541
3597 4629
8684 5391
6370 4209
4849 4821
731 305
6876 6962
3480 142
1250 7918
1313 2930
4419 2142
8628 7530
3683 2088
4542 684
2694 3416
1454 2119
6432 5310
3062 982
1698 3804
7084 8937
9087 2245
4968 3159
4818 1989
3444 430
8237 3035
9060 2289
8831 3131
676 3915
4910 5618
2083 3149
1642 8475
4552 2787
2047 7496
7481 8534
2081 3704
2599 307
5289 5305
9098 3321
292 7699
249 8808
2197 3118
5783 5642
3091 6316
7128 3009
81 941
5763 21
7152 8730
940 6067
7551 6077
7303 1635
2555 4960
3079 5413
1987 5644
3275 8273
3379 3468
4322 1121
6220 1643
3054 1913
8715 6984
4321 1528
4244 6927
8016 9088
2776 7856
6885 4205
3722 7239
1928 6292
212 113
4723 820
5353 6895
4014 6991
4136 8890
8478 2485
7234 5896
8269 6366
3405 5421
3578 5057
6975 5032
368 8612
2604 3323
2201 8160
2319 936
8654 8045
627 1952
3164 2279
4159 8315
6013 3254
2257 3914
2789 3024
612 3120
652 5323
8215 7842
8731 5761
1231 8525
3711 7998
5325 4673
7287 6949
2384 3990
4613 2561
1460 8094
5585 4270
1614 4312
5460 5981
2986 3244
5009 7591
1401 1613
6260 6314
5951 6090
1692 7110
3516 541
741 6299
1038 8735
7258 5506
2663 617
2041 5513
7773 11
7231 3191
7194 4879
6126 1203
6589 7256
5129 6238
3723 6057
8924 4954
3491 7884
6114 4857
297 5115
1204 1554
1588 4722
8103 3326
8590 1166
7145 5221
1458 6521
8512 423
5261 2510
1499 2447
4146 2158
3720 5016
5083 1790
1662 7719
7493 7644
5460 847
8952 6015
5014 4994
980 2233
4147 6159
1168 6636
8658 1006
2946 5198
4134 378
7258 1053
6754 3762
4296 4513
6419 1938
8623 1470
8372 7000
5052 8029
5259 534
6507 2383
4888 6162
5413 1066
4577 6579
8141 799
8406 6687
5896 541
5322 6949
3021 1722
4773 3968
2485 6852
180 7629
4518 2634
7838 5879
6616 8387
414 2647
2344 2194
5923 2005
947 4890
8746 3104
1727 3874
6374 6241
3740 8389
835 2505
1865 1658
3066 1088
3877 440
2391 4815
6501 6306
3996 5819
3158 2823
502 253
2436 6517
8822 6425
4397 130
2664 7549
4215 5271
5346 594
7099 2764
8623 6601
5645 1377
1260 6490
4627 3472
1325 2399
7644 4775
6740 5718
8479 532
1195 8586
6227 8262
5199 7749
3577 6763
2012 2705
8297 6736
9017 8505
4558 6656
3053 35
5210 3788
8463 4240
7996 5891
2562 464
1764 5758
784 4302
4723 5775
475 7655
4737 7009
5168 7307
9109 5382
7889 2643
734 5416
7710 7942
4131 2316
1503 7900
9077 8063
8194 8455
770 5456
383 868
884 1485
3189 219
2267 8567
6619 3556
121 2699
6872 3722
6186 4713
3223 483
7668 1335
8514 9026
7585 3421
1949 8398
7101 177
6834 3661
5835 3936
6710 7538
4040 8851
4815 1639
7802 8341
1020 94
8778 4483
5843 7880
4252 1543
5514 3533
6249 3645
6312 297
1350 3489
484 4430
3332 4290
1060 5754
1796 3748
4348 8831
8278 4100
206 7784
7776 5202
7110 6128
379 7851
5490 222
6343 968
6139 2039
4392 7327
5597 5270
8286 9071
456 3284
6644 4626
4150 1625
6548 4646
1447 1954
6207 3517
5512 8634
8010 2164
1899 4825
4276 8298
8968 1808
6950 4699
6986 8666
5551 2432
2496 8742
135 3891
1591 6346
2633 8837
2736 1047
3546 4790
890 5095
8822 4281
6522 1844
8683 3983
6517 2382
4588 2922
3461 3336
6154 8965
1267 2343
5053 619
3181 2074
1364 5378
6170 4236
7103 6648
7647 7768
4790 537
1189 2108
3435 1590
6465 5792
486 4658
6830 4047
5999 751
4533 2401
5383 8147
1748 7965
2852 229
7351 2341
9016 8373
5674 4313
6681 485
2070 3325
4473 7280
6231 3140
2354 575
4265 5043
427 73
1537 6766
6302 2669
6077 6187
2519 8175
4901 6318
7983 4737
589 7367
2188 7957
7132 4868
8606 6888
3045 4741
1277 1015
2771 7250
7169 7051
558 6335
509 6013
3531 5571
6270 8599
5172 2024
1744 7577
6734 4363
5294 7181
767 7085
7828 8358
5565 3216
3692 8613
8549 4554
8536 6049
2849 2761
3153 5732
1447 853
7508 4195
5133 3291
434 6871
2761 1982
2365 3010
2888 5982
3000 5164
4656 6004
5876 1644
2940 795
1392 7007
7945 4869
5878 8567
7726 1792
3669 3226
2056 6061
3465 3972
8251 7323
675 6422
2125 7380
75 493
3663 8074
6621 5916
3074 6707
7673 34
4816 71
2556 432
2624 408
5299 7640
3570 8145
4896 6803
6460 2309
6401 5854
8492 8607
8669 1311
2507 9081
7013 6078
5283 1493
5483 5602
4246 3357
462 3548
7881 2544
6808 3219
5290 3022
3808 5044
4899 6689
718 2147
3853 5617
6290 4782
9066 8964
4581 3945
147 8674
2606 1703
4615 4992
5150 8129
4245 3137
2235 4030
1861 4549
2076 5368
2942 4375
9059 58
7909 7496
421 1402
5407 6855
3921 7721
8838 3676
6169 4676
6831 3102
7981 8503
7264 4019
1660 5916
4707 916
3716 8798
2672 1217
8645 1314
7258 7260
8037 1606
968 131
2301 5120
7829 817
581 4733
65 5890
2766 1610
4620 8811
6738 2824
1232 2617
5505 6399
7337 300
2774 8468
7456 2453
2626 6001
8797 515
5620 2846
8719 3583
3310 7049
7832 7293
4875 4320
1952 3463
5340 2790
8281 2230
6013 6220
4390 754
5285 5994
8943 4502
5843 8799
1263 7483
2820 5837
7727 8440
6468 2782
6637 1566
6654 4019
1314 3674
4634 2473
1580 8299
4168 1615
7181 6023
2518 1329
3629 1254
8540 4471
4039 8487
4437 1259
645 3895
7555 7925
1897 3883
7702 6335
6036 5078
2032 2629
1016 4551
2526 1174
2370 1861
4498 542
8254 7401
4964 7900
6540 2877
4064 6100
355 8173
4085 791
9090 6620
6424 4176
6541 6411
5573 8170
2275 2365
370 8114
1265 8228
3764 6253
2005 3002
4116 2866
5291 6056
8950 1003
8067 5515
6596 4990
6204 4385
3765 4696
2663 8448
2532 383
7810 270
3070 7286
8006 753
1184 9045
3223 2430
6065 8104
4423 7371
6881 2582
3166 7106
1048 4991
1673 7908
8106 4428
7878 3703
5178 6433
4428 4659
7951 2500
5440 4267
1451 2217
2770 7418
1448 8653
2220 145
1646 8248
7090 8694
5937 8385
6304 4050
6767 8690
9033 8550
8781 9035
1119 5281
2627 2697
7527 4414
3063 1111
8757 930
2402 9030
2119 8909
2246 7023
5781 2768
6726 8322
3023 8457
5072 964
7627 3836
532 2177
5149 4427
8063 8420
2802 3961
6790 7291
928 1366
3310 5789
4148 5223
4752 6914
2299 8309
2902 8669
7127 3743
4329 8881
2413 1745
6767 7391
5002 8190
2712 4882
3239 1549
4763 793
5767 3587
4361 1372
4932 978
8860 1352
289 4411
3602 3858
5218 3477
3441 5419
3485 3273
7398 5907
7385 3654
4326 641
6770 3343
4192 5387
8779 2376
1638 2217
3922 5048
1969 1089
421 8211
179 4095
4412 7513
4569 7779
1967 6120
4590 4278
3440 4683
5576 8883
630 7383
2377 8474
1802 8146
412 1730
7217 1602
6050 1352
398 6785
477 2424
3857 8274
6900 9076
1808 4120
8972 5813
5898 5332
3594 7213
6710 1659
6748 1474
2373 4022
8030 4105
5913 8936
3820 3476
4753 4738
8238 8716
8951 6512
1055 5550
7904 2138
6375 8009
1178 7962
1710 2643
3620 1406
8164 6074
4144 5991
2947 3662
5822 5722
7232 7821
7907 3969
7048 7733
7991 2848
4700 1309
7242 6029
5827 5320
3616 7744
5502 6021
6112 7637
1537 4827
2618 2951
5334 8166
8151 6336
4562 6178
8025 8468
747 5209
6076 5195
8544 6463
1946 7167
5966 2159
511 5912
2874 2359
7318 197
8747 5899
2182 598
5196 8212
6938 5615
8713 4976
637 8419
952 7253
8325 7238
7528 3026
5091 7015
7668 849
3240 824
8422 7219
7006 8421
469 5846
4974 7008
1475 4354
1746 7415
7447 6371
4743 5863
1396 3620
2804 14
3059 4254
7899 5503
1431 4815
2296 614
3248 2924
5931 5198
8546 1277
7629 1890
6839 6056
2524 8325
2491 3770
2448 8845
4965 5978
5206 1054
3754 909
7923 298
973 3936
6104 803
541 6096
4354 4016
4342 2283
4370 3892
7525 2132
6861 801
1656 1160
1590 5866
5731 4406
6827 2989
5652 6739
4192 4056
7314 8936
561 2546
8117 2594
7090 4277
3496 3451
3068 3500
3692 5013
1280 4547
1467 8976
223 4916
4062 1413
7401 6986
3718 714
2278 5099
230 1676
174 3386
3040 1005
7220 5585
3545 4330
7970 3224
1631 7339
8748 8023
7669 6771
7037 4297
6235 588
8695 5582
7216 9043
5418 8432
708 1932
3119 4732
7357 2133
837 4749
8496 5213
3857 400
5252 7490
301 3591
8625 3895
6706 3077
6355 8631
3988 1713
6327 1985
4355 2255
4303 4335
7759 4930
1180 6913
8707 3020
8537 2362
1155 4640
2403 1207
6349 8826
7998 351
5265 1836
5656 7711
658 4761
2990 335
3204 1062
4724 3415
1432 30
2720 1830
3897 5067
7789 7927
2854 290
1227 4509
2500 7126
6337 1108
7853 1243
198 6213
8407 4359
824 1875
5418 8255
3333 3957
7538 8053
2933 1267
9015 2836
6326 4050
4528 6850
5852 713
5849 4430
6714 903
5395 8918
7249 3391
5671 1289
2690 1503
224 8342
7860 3699
5433 4280
3030 480
3508 6133
1286 7779
203 3930
8431 1981
7673 2320
3787 635
5952 4293
1403 3831
4786 4009
2577 8714
1603 144
6637 1521
674 3357
3316 8878
3546 3161
6750 501
4880 6038
2956 6844
6379 1581
2883 5222
1042 6331
6408 4031
823 5664
6444 4727
7532 5064
8225 8654
2809 8539
6036 7758
4916 2092
8054 561
150 2057
5977 8080
6436 8906
4701 7434
5583 3377
7602 921
4959 8341
7886 6684
3 232
3217 7492
4476 2150
8763 3711
8948 423
6068 7777
6726 7197
7677 6278
5024 3971
2057 1861
7970 7480
3930 4337
8011 6107
7140 7734
1050 8809
5909 7954
2768 963
3252 1416
3638 3987
3867 3751
7746 2470
6812 2031
5521 5796
1507 6168
538 878
7450 4489
1133 301
7871 6350
8898 5559
5715 6833
5422 5561
2396 6245
6699 4282
8126 6748
5421 779
3582 7949
6820 1112
2981 6394
6396 7305
2838 6912
8359 2829
7595 1864
8411 5046
18 1939
2836 6697
8533 6104
6436 2904
6423 5441
5710 8036
7618 8443
5380 7444
4409 7453
2325 7468
2337 5147
7489 7178
2236 4624
8585 5352
1247 2553
3794 1817
4034 568
4507 2101
2920 4272
4577 6680
6790 6635
8596 1071
2332 1578
4052 4589
4196 3824
5918 8893
7831 4950
6910 7511
179 5134
5489 3896
7497 912
3197 5844
4753 7597
2457 7342
3253 4000
520 1429
8843 2502
6120 8749
2640 6195
1120 609
3222 920
3458 7083
6595 8000
687 4302
8242 4563
3580 1744
7407 4587
2002 3346
3127 4817
3416 971
8968 8235
4457 2871
6113 3823
6051 6366
3310 1731
6743 7413
5200 3719
5774 605
8452 2364
1562 3811
2593 4363
7812 3420
3256 919
7744 5063
4384 2934
3628 3024
9027 795
1291 4201
1073 4346
6944 8859
991 8555
7620 7044
7202 3926
7543 3113
4983 4150
1650 5319
7839 4461
449 3972
3600 6565
6623 2813
3854 3939
4396 6070
2725 2287
2016 6054
5158 6055
52 3341
4324 5158
1799 3649
288 9107
7695 4621
7590 2789
2087 7110
2242 3064
5327 8574
7765 3359
7932 3885
6463 5678
8172 3388
1365 1795
1019 8952
2189 4839
5203 2648
3185 2336
5673 2119
387 2511
5578 3049
8477 2739
5924 986
894 6510
638 1808
7505 2546
735 8687
4321 2368
9075 2914
7885 1509
2738 8539
6846 7690
1451 155
4017 7407
5099 336
8144 4620
5535 7846
7289 1645
4576 3499
7663 8944
7082 4359
6997 4021
637 7323
2327 190
5137 6515
2013 8428
2565 8101
4305 6119
2142 4863
6438 1404
6258 6864
7887 7936
5886 6008
222 3596
5161 4631
8564 2102
7649 1670
960 1089
7430 5774
2672 2555
1712 4502
4045 7685
3793 9072
5747 181
6824 8332
7708 4438
1115 8616
6029 2649
7014 60
2136 3273
1923 6474
8997 3114
1828 679
8867 6147
8176 935
1781 2912
9062 6429
3751 2308
7158 7169
6202 6561
1258 7345
1736 5274
5486 8982
7505 4670
5395 415
3016 1453
2606 374
4848 2090
4800 7991
5613 1131
1869 7929
2224 5024
1452 8646
5379 2689
5301 3395
6085 7980
3867 1344
2892 7947
8562 5735
7275 4001
184 8885
3526 2711
8951 7616
1149 1863
5339 654
7685 3589
8763 8337
376 7792
640 5811
6756 4177
1077 7209
6490 4361
7150 2637
7645 2199
1603 5840
5382 8825
8707 942
6073 2122
8518 1811
943 4330
345 2811
2737 4267
736 5833
5838 4218
2543 8013
5463 8518
2257 8723
1986 4608
4420 2978
5802 717
5347 899
5850 3642
3396 5483
8925 6219
1833 6211
8022 4816
4010 7051
5695 8620
478 5009
7313 998
8051 1895
8811 2817
6729 2892
6180 420
8164 6576
2342 7509
649 1111
7614 4003
3165 2388
8652 2954
933 8055
4150 7023
8326 4759
103 6363
5584 6804
6193 5678
440 4181
6403 3262
6901 7595
2283 8313
7358 4027
4304 4906
943 7191
5240 4082
8654 368
2028 7917
3965 3722
722 3581
5677 7610
2347 5871
6190 2176
3981 6321
884 3464
8500 6818
201 8970
7782 6854
3963 8958
4722 922
2760 6753
110 3317
2612 5328
5022 4713
1884 2181
7227 753
7343 8619
7785 2912
7076 2013
4582 7575
2469 5830
8409 4041
4028 735
6338 5090
7318 3342
7561 8589
283 2745
647 6624
697 6524
2835 6265
4137 7885
6292 8348
1152 3890
19 6329
2798 7949
7357 7323
7581 6226
2027 7369
7043 4729
4521 321
3369 3647
935 2229
7456 1877
7772 5221
6606 2593
6893 658
6285 1357
1202 6124
1945 2449
8340 8098
5597 5397
2458 699
8367 4200
803 7859
5616 5450
2556 6542
5855 7793
3022 520
6136 3237
4833 7628
1815 8311
1163 8990
2449 1935
518 4109
1461 4647
6751 618
6952 1186
6939 1334
1717 976
4269 7587
2997 3415
2179 4656
2472 1889
5418 2957
2926 1335
1199 8641
1722 3902
7558 4742
5223 2525
8502 176
1666 265
5248 7696
6886 7353
7236 8651
7204 1586
1398 8495
6589 6522
7957 1637
9011 7499
1094 1914
5173 7242
8572 5408
7315 3309
4448 1489
5980 615
523 2011
5680 2230
2737 7322
7420 5751
7456 6795
3534 5181
1839 1184
4365 6182
5713 758
783 7445
2003 4347
1468 1439
593 7041
609 2023
8812 3498
7786 5161
6779 6136
9087 759
6797 3870
6318 3567
8324 6252
705 7636
440 7297
5485 7989
4512 3636
2602 7964
2262 6582
2611 3317
2975 4421
1292 7348
2908 2590
7776 7854
7154 3764
5843 8642
4516 1829
1016 2215
8971 4289
7321 7461
3397 8261
6134 168
5639 1914
2121 1955
2407 5268
6061 5719
2684 5847
3854 2753
3194 8742
318 955
1179 1020
542 6366
273 7901
7313 1917
7397 1415
2814 5403
5936 2665
256 1587
7295 2955
231 2953
6293 8017
5600 4829
4550 3082
3938 2661
6097 5295
8359 655
4853 7291
3023 6460
514 4590
4543 7029
500 3649
2011 8365
2436 6032
5155 2622
2294 6643
1648 4645
3709 341
356 1776
3814 1207
1718 8115
8752 426
4526 4578
4969 1924
1551 7694
7926 7493
6636 4915
2702 4311
6847 786
6008 2653
7679 602
5082 6541
1294 1555
8858 6517
8130 2942
8959 5570
6319 5380
8327 6699
2265 5282
8323 6024
8088 8363
3869 1871
3680 1349
5232 4280
5358 2511
20 3817
1379 2677
7265 1363
5546 3421
4832 2676
3140 3933
3128 2594
7198 7887
4075 6694
4683 7254
8965 6745
4989 4535
6173 3531
2326 8004
8229 8265
6621 3227
6382 2136
181 1753
6728 1359
2892 8868
5991 6325
5766 3462
7514 8366
1474 1691
1553 5260
8154 1846
6753 8012
6145 1271
7608 6751
3290 1295
8079 8770
5599 6616
3569 8600
6126 927
6221 7381
8402 228
5354 51
3735 8865
6045 422
1076 3229
3689 2365
3483 3678
8954 6982
3046 2651
3410 5355
6135 7536
3237 8150
2312 3990
7716 1362
8624 8660
4612 8992
1087 3975
6360 7980
7247 706
8237 6556
5745 6530
891 403
8723 5049
1584 5846
1421 711
5766 1100
6489 5884
4792 970
2122 5598
4912 6184
1240 7548
8000 8469
1376 8751
2387 1461
7811 1247
4122 3071
6152 832
1289 5898
3869 4808
4843 4301
6080 4260
2452 1564
5632 2340
5191 8289
1212 2935
7752 2976
3669 4965
3834 7294
4139 3683
8516 464
8754 2054
1912 595
3542 5758
8990 6247
423 873
5666 1976
7556 436
9004 8216
4384 32
5641 8538
7373 6040
1393 3025
2557 1196
3607 5428
6518 7440
6031 3219
7285 8834
7963 3908
9069 8268
4690 1891
3104 5568
3333 553
8699 8698
6212 3555
7687 244
2623 557
1162 7303
2632 4528
7865 5143
7823 4531
4891 4858
7408 437
3729 2784
2524 8467
3830 5109
7437 6891
6848 4196
7299 621
4301 1989
2315 7689
3322 5918
3604 3459
8242 5077
1543 7305
8929 45
4603 3123
69 1437
3957 844
977 5338
8689 8686
1668 929
4939 5959
3383 31
8421 3437
3089 2635
7579 7780
5940 4400
6306 9089
5365 4826
6135 7240
3031 5038
3675 4463
1366 4760
4727 512
7257 3413
6612 1597
3898 406
7818 2102
360 9099
326 6458
1988 166
105 1454
3069 7820
8483 5178
807 1059
5247 1322
1207 4961
899 488
540 3329
2746 1472
8401 1514
7566 266
1665 7996
7178 6519
648 5853
129 8835
1571 8995
2260 8368
3481 6264
5685 2897
7737 5914
905 5092
7172 7436
5807 2495
2832 6237
6850 1596
8507 1112
5154 1872
8407 1571
3659 526
6080 8336
2758 863
7839 2785
6009 1335
3915 107
7379 1962
5906 3414
1074 6167
4755 403
3023 7279
5364 4360
6368 7190
6725 7863
4345 3394
8831 3569
6666 2019
1045 171
4410 1862
5473 5565
6769 5805
8276 1362
1750 2139
4159 5010
383 2041
6319 8911
7825 2030
2935 6908
2113 4175
6677 8186
6896 6144
1075 7312
1288 7501
3383 6084
6468 7021
291 2332
6220 959
6935 2007
2353 5820
1965 5873
6468 5692
5056 616
754 7772
7333 7097
70 5306
3579 3659
3935 8991
4382 2329
6550 6956
4943 1170
6317 18
3037 3351
565 4178
1310 4039
6757 4131
6823 1313
602 4216
3507 2936
4059 1177
3395 4006
7414 6668
4519 2089
6504 1581
226 8214
3526 3588
4064 7353
3303 6077
5981 2407
4063 432
7054 5744
7036 5226
3891 7754
5708 4398
724 8482
4405 2576
7681 2290
8809 6400
5560 450
6461 662
2629 8417
3918 7715
4118 5604
7477 951
8988 6335
5939 2575
2094 4048
4097 6684
6387 3982
4046 8581
7877 4133
1178 6072
7459 7058
7716 8870
2677 8249
7144 1692
1832 1947
6730 1890
1918 4286
2499 3497
8379 1964
519 2618
3088 3411
8910 2886
2114 849
8031 3903
5494 7593
8836 2528
3936 3568
1192 1750
2239 5574
6431 2588
104 1656
4416 529
5497 70
7677 4328
8442 6630
4666 4439
786 6648
7206 8330
3860 8706
348 1894
3405 1767
4273 3104
8226 2636
133 6733
1277 2186
3826 3910
9016 1605
1969 7623
8763 6682
1956 6794
8810 2394
6714 8732
7605 7022
5171 7515
6167 5664
6334 8119
7091 5342
6087 5475
1688 1068
6030 7328
8441 127
5453 2715
6527 2488
9035 7815
3342 5918
4957 8083
7438 7646
5921 3931
7252 5345
4907 8648
6845 3780
4103 2351
441 1336
4420 128
2374 5759
2538 4265
4350 3966
1557 8464
6036 3636
773 7232
8529 3196
8493 2183
2036 6522
3782 7922
8270 814
4688 8941
7244 7985
5270 5730
4355 667
1419 5116
5593 5498
7923 2596
1780 5485
7035 4284
4174 7782
2382 8409
287 4540
6505 2047
3745 721
3523 6503
5953 4590
7556 7386
3262 1887
1868 7253
4638 2345
710 526
6778 22
1743 8326
6223 699
8145 5550
4589 6948
7336 4883
2123 1477
571 8850
4220 6137
5545 7483
4029 1570
5396 3334
2357 3617
5477 8563
5114 8327
5820 4262
3639 5924
4792 3303
1206 2536
3467 5607
2390 1089
8359 8535
1158 673
2040 6675
3257 5785
5338 4871
2928 6920
5980 5849
6552 7773
6734 694
4600 8090
8437 2269
1511 7843
168 8560
4419 7725
755 3709
970 4299
2607 6592
7509 6762
467 94
3799 1501
2280 204
2223 1306
8831 5492
773 2067
5640 7443
4744 7315
1859 2623
8284 5049
5026 7564
1227 6872
1128 8284
1418 1479
1583 7968
7448 7692
1159 4235
4643 5251
1577 6922
1657 6058
4550 3604
8721 458
1837 6044
7588 2372
3907 6493
8421 372
8396 2427
6434 3706
2521 2390
2080 1622
1972 3380
263 8261
4756 6385
784 478
2453 6543
8206 8524
7895 8785
1377 429
6092 4441
2446 429
8349 4531
8711 5356
4508 5459
705 7911
3098 952
3714 7044
3436 2106
7935 5975
4453 2560
7407 6018
7687 2891
3404 5019
7226 4996
392 4737
4438 7805
8273 2298
6642 2119
4655 6840
4217 364
2888 8966
4062 7299
7890 9039
749 8566
3828 4617
196 3978
4477 8747
7763 498
3466 6049
5623 1228
876 326
3235 7070
6173 6868
3831 5808
3557 5682
102 5665
4784 975
5878 133
4141 1785
4507 7803
6298 5738
1449 7817
726 878
5785 7760
1544 2272
6854 5250
3893 5199
471 844
6866 2177
6151 3337
6578 3238
7995 131
6574 3672
3576 8174
1409 1969
38 2985
8186 5933
313 6600
1599 5828
4070 441
6426 487
17 3136
3037 8615
7326 1244
7154 3990
8306 6047
6291 8705
8505 1059
657 256
1187 587
6031 883
6792 982
3425 5435
835 3643
5206 4266
2806 4092
3126 1139
4618 1054
2994 8806
4322 100
8862 5189
5157 2278
994 4438
5032 3677
1772 4275
2501 4407
8573 7534
3143 7991
1907 8796
7712 3735
3859 3221
5021 5153
819 2967
6035 1971
5377 1085
1595 977
6596 8459
4292 5304
7677 1999
3165 3400
5142 1984
1339 6878
6095 8594
4194 6429
911 86
6678 2843
6469 9042
5423 4230
2404 7852
6158 362
6730 2673
6968 6021
5723 2534
6050 6839
6120 2865
7675 5488
1315 2320
437 5635
7662 8817
2676 3345
1723 8461
1489 3892
9104 5078
3276 6152
1371 6276
5696 5034
7185 4369
1431 5101
1681 6602
29 7340
804 1772
6965 1408
915 2048
273 3213
7169 4911
6019 3574
2803 7975
4641 2472
3810 1633
443 1279
2714 2615
5802 4714
311 3984
4446 72
3203 5350
1268 1092
1706 6990
2206 4116
6693 1416
8902 1869
3156 5602
1369 9003
514 853
2390 6796
471 3944
7224 946
5805 5088
6573 3434
1787 3183
2804 4179
101 30
7834 3101
1013 7420
1341 4408
216 227
5199 3434
8876 5524
2837 1363
6184 4746
4767 3812
7622 5656
2458 5283
929 4407
1375 161
3726 1281
2414 6910
3954 2129
3850 4642
1570 3841
4511 220
5169 7344
3120 373
3496 5249
3958 2677
1141 7620
2542 1484
6954 7301
1992 3205
4023 1354
856 2737
1988 7921
4571 1265
26 2304
1020 5387
5717 9007
6628 5800
6660 4492
3887 4442
7440 6763
8516 6777
1272 5500
6539 5147
9000 4841
5508 6701
4234 4928
2030 5070
911 3967
4191 298
3763 5313
2740 4004
5579 1449
349 731
3293 856
1842 4212
4371 913
6226 8077
1911 2941
7203 1886
4284 7789
7061 3501
3729 4023
7703 1719
1716 839
7511 575
5509 3198
8842 1029
2509 2604
6103 2659
3335 3675
8310 4756
4982 7592
1265 327
2853 3353
3802 5490
8005 8815
3590 6142
3221 1594
7055 1032
6457 2973
5670 1595
2299 1137
2198 3624
4213 1424
4209 2320
448 9000
1071 3172
5087 4331
4440 6952
5076 3603
1563 7834
7865 857
5919 4862
1450 397
8901 90
6942 6707
7530 5859
382 7400
3358 1836
1951 3306
5369 690
6918 5171
5454 489
3435 8748
1302 3423
3280 4838
2924 796
5018 5295
5976 3868
6916 5649
8695 6043
4038 7031
4823 769
1866 3501
3943 466
8633 7239
8330 7567
800 4806
5883 8796
3712 4024
5694 2528
7325 7825
1109 2404
3815 4765
5791 5535
3050 1347
1300 6351
6862 523
661 1711
3637 8414
4504 5851
5876 142
6522 6435
122 7800
4652 1093
8672 7341
6025 6259
5419 1359
8441 2940
4766 4973
3819 3478
451 5499
4001 7139
7816 1125
6714 7410
6280 8961
8196 703
2606 5923
2340 5234
2952 2605
7068 7824
6799 4550
6822 8377
4566 5504
8651 707
7166 1590
4560 766
3808 8709
3905 4004
1909 5457
4098 8647
4770 6287
4148 7618
6255 3574
1783 4359
1368 4726
5775 5529
7644 3406
3614 4012
5167 6981
7684 2599
1384 1686
6934 6726
2947 254
4785 45
3813 4895
6878 8056
2466 5820
5810 5952
8259 5969
5957 2965
866 5907
1383 3906
1466 7038
338 1169
6860 4068
2274 5003
2474 6161
235 3858
6386 5915
6170 8833
5168 1965
7576 8732
3589 3793
5520 6393
1153 8377
3746 4929
8351 8404
4377 8631
1438 50
2345 5843
5457 4778
4839 1477
3477 4905
3046 1248
3321 1029
4033 4002
2108 5316
1636 7550
7666 1998
7507 7665
6709 8417
5707 6547
2394 451
2672 109
66 5587
4299 402
4125 3049
4408 5618
7372 4408
1 3692
518 6004
1729 1339
5261 1389
5562 6361
6752 8815
6735 2875
4470 916
3428 3927
1719 2725
5988 7783
3011 6753
5207 8266
7274 6595
7276 900
4525 2449
5867 1293
7114 2200
907 5788
5078 2645
4913 4407
6907 1812
8307 6095
3653 6569
1573 5215
8905 8576
3414 1541
6585 4112
8783 8116
971 7041
4141 7791
4639 6082
3531 7902
3085 4087
2948 8248
3872 3403
6632 6831
590 4578
8364 8522
6731 8617
8719 7501
3764 4745
438 2833
1239 5492
3750 7986
6728 2906
7613 3771
7532 2878
1738 2759
427 8805
8551 7427
8554 460
8570 4858
4286 3791
3808 8388
6720 5926
5206 2692
4358 9051
4270 2743
5745 6300
5756 1318
997 2576
7485 5992
8784 2443
4902 6680
2415 1383
8480 5592
4951 590
3857 4500
3004 214
3360 8246
3606 2266
4733 4652
352 1858
7608 8690
3381 7004
2833 3228
1433 8314
3203 2287
1373 7808
6330 6374
465 1518
7665 7675
6904 5832
4077 511
2294 3674
1551 2858
1741 8710
2969 7078
3170 4625
9076 8920
297 7457
7894 6708
3159 165
4399 1866
1019 1910
2228 2394
4341 3215
8906 6918
7199 8641
2029 5360
5302 7829
1642 4066
2908 4271
3970 8854
4766 6256
2686 2011
7001 2543
1951 8069
2633 4622
1599 7310
845 5682
409 7892
7825 1533
4051 2016
680 7776
709 5089
8774 6396
600 8616
1873 5107
6849 2400
5552 1163
2467 4731
3672 4771
7826 5233
7314 8923
3114 84
8371 1343
8602 6395
3440 2224
470 7363
233 3282
192 1783
3177 6090
2882 5086
8148 3710
1107 4819
2033 86
4071 2981
6223 5667
347 5334
7516 7403
5123 885
4046 7766
7979 3523
2728 4990
7388 8605
3129 2982
4793 7577
3939 3806
2339 5759
3993 3920
8627 4351
283 6532
6885 8949
4327 368
6636 4936
8775 1883
4780 4478
4767 274
2025 8927
7693 6358
4472 8489
5459 4866
962 2466
3218 3211
6185 8085
1867 5503
5258 5690
7875 4954
1154 4037
3349 1517
8622 2382
4598 7137
6163 5141
8124 7992
3971 2792
7873 8121
4230 1166
3481 3670
6723 5161
4097 3830
6320 852
8981 3031
2345 4458
5112 3683
1419 6561
4475 8185
3366 5321
8026 7307
1401 5196
1114 1805
679 5705
3511 5200
4729 528
4608 6455
7482 3705
1219 7383
8433 2521
1936 2954
2992 2400
1564 4460
2789 5915
4132 424
962 6534
515 5647
6025 1955
3731 7505
8824 4443
4768 3715
5544 1346
2682 3788
7763 8339
7769 120
7165 485
557 6597
2617 6585
16 7928
294 1780
6246 3837
1835 5194
5312 2534
1514 7341
6364 3390
1214 2268
2165 5891
3167 1061
1646 6356
80 5349
750 8007
1531 5572
3548 309
3598 3117
2825 20
2455 8871
5354 353
8544 5842
1215 1205
1459 6766
5224 2294
8777 7571
5415 2377
2585 4906
5636 2288
1619 3585
7523 5647
3039 3300
2408 5217
4783 3537
7354 7898
7847 7674
188 6113
7856 3559
3756 2285
7830 4799
2483 4288
1317 5186
8884 4831
8380 7083
8096 8850
5755 8060
5742 8013
805 2671
7243 6852
3080 7386
4671 224
3894 3756
6801 7306
8846 8272
2244 5745
75 760
8287 5169
6551 2461
517 8118
2567 9065
2117 2138
5411 4556
2938 1284
8316 1084
1010 1094
8476 5008
5204 6023
180 1049
7202 5335
7839 2459
8078 2957
8725 2440
122 6767
3864 5631
559 3356
1402 104
4554 4290
817 3269
2454 2172
657 1572
454 2644
1903 1018
576 2973
7358 366
2421 6896
610 4573
2516 7721
2533 7190
4644 1241
761 4557
8113 116
5674 3708
4135 8656
3484 6079
1136 2553
25 2101
2027 6570
1581 425
5371 7541
3981 4959
4698 6773
1510 3192
6772 3029
326 3231
8701 4639
1438 1600
4313 425
8026 1220
1078 7891
418 8141
254 5618
3008 4212
8252 8325
3647 2230
1319 7147
7452 6614
1896 6394
736 512
7074 6651
2891 6105
1082 7135
226 4039
8175 8481
5511 8136
2109 2420
6602 606
600 3821
8985 4290
6391 1624
1029 5184
3279 752
8927 2271
6339 267
4438 1701
6422 2103
1285 6430
8809 8608
5356 2010
8777 1283
3424 1197
1187 4243
6375 1382
3103 1779
3936 1524
8688 3886
6254 925
2221 5525
1651 7838
8381 8657
7150 2599
3573 3779
8131 1439
5338 6410
5650 6359
2096 6490
2042 584
3237 5817
6439 6448
4473 4003
3206 3202
5978 8249
615 1629
3058 7706
947 2783
628 7251
5135 7726
3561 57
1269 8432
1906 1131
8019 5235
1268 2919
1227 5107
7468 4984
8724 2628
765 4213
9009 1062
4881 4717
1502 3080
6091 2581
7602 6402
2597 5499
1201 3957
5772 5953
3230 8360
4620 3652
4904 685
3210 5231
2966 511
4514 4951
249 4740
3898 8251
3572 6759
4143 4713
1210 3822
2668 204
8195 2727
7437 6902
4022 8008
4988 6411
8427 1985
5463 1421
6354 235
6683 8545
5264 8085
3442 875
6870 8017
891 4019
400 2504
5935 1979
4924 2967
185 4480
2104 8955
1469 3074
6228 1025
1603 1253
4486 4026
8051 4127
6256 8548
7062 4323
4953 465
164 8802
1124 4197
6143 3519
8171 1708
3499 88
6688 162
8661 1906
7962 2788
99 4957
8816 3229
8259 3660
3528 3496
4269 8450
731 4611
7137 6937
4358 8322
579 4853
8827 8290
3590 5765
8262 1710
8899 7567
5784 4599
5684 4388
13 301
6072 5826
2130 281
2214 7756
6674 6443
358 3958
6913 265
8084 4078
6984 338
7174 4260
6815 108
5804 4271
3439 8807
4656 1150
7458 1502
1287 4638
8778 7377
890 641
5337 8164
3392 8538
356 7257
8823 2836
4884 5968
1513 8537
7404 1681
7781 1125
7403 3910
8805 6444
268 744
6660 5912
2302 3161
6347 8394
7278 1118
2516 7072
6451 6827
7153 131
991 6885
1144 3530
914 3792
2399 5007
8046 1592
2123 692
8553 6321
3313 7402
7130 6661
8872 3466
2738 2958
5394 9076
4860 6231
1301 1071
352 2950
4232 5126
1364 6428
5361 4692
5092 411
5646 7388
4134 1002
4107 2209
4979 7554
1450 2571
7861 1004
3083 8205
8217 5922
773 7696
7775 5336
8185 3962
4061 3450
7579 2444
6632 77
189 2602
8756 8292
4035 8819
2410 4173
6845 4702
3530 6653
8179 4396
6174 1359
4312 5651
8124 4090
7120 9025
3932 6245
6055 4672
6445 8519
3347 7530
7090 1704
2906 2722
279 7302
8373 6985
599 2771
1367 1948
455 6190
5279 597
1024 991
4689 3354
7230 2989
6734 1898
2925 7760
4783 1517
1465 5702
151 3900
4591 6729
275 8408
2338 1866
2639 6176
7051 7950
8379 6604
4213 2259
6044 3302
8370 6403
5545 7884
813 6196
5117 1997
8541 2019
6703 8062
3032 5126
8381 7352
341 9082
3264 5584
3073 6441
7038 491
4423 6342
2841 5924
8771 2652
8984 5205
7468 6275
3922 4537
1733 8332
3424 7156
1879 4549
2058 1192
85 5943
1823 2049
4813 8555
995 2838
4676 2823
6790 4585
5098 4831
726 2105
719 6755
1603 8063
2008 8663
7805 2437
5156 3038
3678 1669
6305 5489
6572 2334
4972 2564
5724 755
9108 5183
2563 1625
8344 5099
2028 5749
760 1742
7834 4152
8655 3796
3526 5606
2358 8650
2998 1001
88 2404
7757 1960
2713 1991
6795 4444
3457 4054
6781 6569
1129 8280
5117 8526
2068 827
8425 5383
5303 4023
6186 6641
7921 2619
7292 7066
7649 6072
3353 6229
7914 3251
4330 929
8434 5782
3549 7458
4382 2328
5524 8483
1059 5750
3849 363
8989 1696
7544 6412
385 1550
6870 8925
3417 487
4795 6028
5975 1400
4933 3314
3846 7457
7032 3408
1008 1932
5790 390
4701 2474
3301 4336
3468 607
5476 611
6774 4561
5600 4950
2448 8133
1217 7286
8675 1215
7409 7822
737 7546
1853 9036
4403 8265
4075 6125
1810 3247
1549 6684
8158 4239
3315 4661
115 1864
5229 445
6085 2125
380 4174
8823 1868
5437 4380
4968 7259
8923 7990
7905 8770
2093 362
6628 5433
2151 4557
562 3427
1110 1870
2006 8044
3469 1407
98 7464
2987 5210
7786 7736
6966 8540
8543 8819
8778 4674
4593 8059
8901 3365
5864 7180
4174 6486
7212 2470
1043 5500
3579 2656
1804 3144
318 8083
5119 3904
7754 8839
5929 7431
3244 3433
369 4574
1257 7638
3806 2262
4497 5259
6402 4046
8815 5799
407 7565
7893 7196
7030 8483
2270 2606
4791 7403
4941 6
599 8500
8405 4119
543 9067
7651 4082
5414 5628
526 7713
5486 3163
5781 3087
4612 7902
3132 4135
7471 4900
5487 7156
4046 2959
8759 2843
7843 1806
3341 3501
3358 1792
538 8909
6690 3829
8621 1717
8296 6076
7490 5784
6838 3894
6380 1437
1458 3842
5862 3191
7505 3586
1151 7686
8741 2845
2085 5196
5216 3324
8520 987
6232 2655
3595 5814
2026 6019
858 2828
6569 1673
8451 7616
8349 4227
5150 4736
4324 1612
1373 2321
5150 7229
4000 735
5197 6794
4045 1595
3927 1726
5318 2077
394 1076
5074 428
2357 7664
2536 7341
4941 1480
2958 4065
3893 3747
5682 6897
2657 7273
121 5712
1843 1186
3932 756
4219 4397
4257 4154
5139 8668
3831 6234
1234 1822
4076 8426
3998 1044
8205 7578
8685 4487
5970 5191
549 6789
6101 4548
3002 1208
4353 5449
3519 6781
7692 463
1725 5415
9075 7200
6300 2358
2522 1606
6380 5836
4208 2249
6131 2142
4671 4859
2485 2964
2205 8572
7767 1802
7258 7870
8251 3173
1519 1413
6946 8001
106 6394
4595 7677
8329 9093
3119 7876
4161 4517
6083 3789
8228 5649
6109 1688
2683 2527
5841 4959
5469 5283
815 3699
2913 5692
8113 6945
6365 4410
2787 7472
195 3763
7841 9029
8642 7488
8545 4421
6515 7933
5628 215
6922 9062
6460 3490
3270 2561
5989 738
7514 258
5443 5407
4119 6187
6633 2396
873 4984
1973 1983
2146 8832
1512 359
368 7672
3162 2453
6892 2610
3884 2108
3475 3339
6997 8454
5041 7509
2476 5572
8015 879
1575 5794
3821 4362
4574 2166
6657 2476
7799 1969
8296 962
7192 748
5334 9091
257 4701
5494 2893
698 5437
4401 5192
7927 8632
6046 4273
7381 7449
3065 81
8737 5768
4187 6829
995 8894
6554 8318
7395 7379
3880 7542
3882 2167
7410 7117
6321 111
8282 2305
2851 2767
1631 7195
7170 5452
6583 4437
5084 8243
2466 4224
5188 6484
5323 8633
1947 4283
6695 1095
3866 3611
1657 3610
4207 8159
5614 145
4382 3690
2418 2478
2915 2914
8198 6908
2669 283
5367 328
7774 9070
7437 5769
4294 5780
6851 6798
7296 7878
412 6306
5287 3412
5 5327
956 7688
5685 393
8294 1201
3973 2487
3635 1454
2457 920
3794 2515
6861 9035
8135 2995
6082 8600
5551 8211
5834 2414
2579 4221
5590 8420
846 26
8002 463
8860 1824
4891 1223
8619 1088
2095 5693
3388 708
3510 4204
196 3715
4429 1994
6353 6309
2993 1062
857 6874
8610 2598
6053 5733
8308 6283
6601 654
8162 1236
3782 4543
6463 2363
2086 2655
3207 3143
4861 1511
5153 8966
5288 4293
5964 4362
5087 2886
2477 6162
4556 5482
1184 548
5598 3664
2858 3087
5863 4704
585 4998
3488 5631
1609 7619
4624 6014
6322 2722
5943 8601
3027 3607
7236 8109
4404 6886
3143 8829
1542 8578
2548 2643
569 2549
7458 6905
7948 2008
3805 8672
8111 8688
6164 5632
8522 96
2509 2773
8866 1958
8670 388
2452 6285
8168 8346
2065 6958
7475 5214
1498 8334
6663 2986
8178 3768
689 5227
4153 2683
1847 1584
8776 2865
488 5761
4677 2101
1574 4250
246 7290
8253 2058
7741 6978
3817 4934
8521 5376
4090 8849
3182 3141
5347 5566
3651 5267
6464 5774
6196 7466
4539 8647
8956 7118
1337 5349
649 4091
5270 1101
7963 6867
520 5947
5860 6063
6740 6729
4259 2163
7320 7143
8853 1650
2498 724
4186 3213
3979 6807
7117 1118
8612 5548
7529 898
1711 7053
2051 739
3318 2172
4235 6862
8770 6715
4231 3584
8125 2319
3452 8749
2962 8227
122 596
3511 4222
8810 1905
5702 7159
306 4657
472 6769
7868 3902
1972 1869
1550 3940
8096 960
182 8458
321 8684
7716 7855
6090 3339
8060 7553
1110 5861
5317 4841
4154 1216
1090 7955
818 8664
6779 6289
3696 3766
3175 847
7491 9095
8072 7112
6826 1137
757 602
7761 5609
58 210
6428 4795
3097 5081
5050 7598
4440 8357
7721 6191
8098 4068
4992 3504
8609 9098
8879 7419
2665 1335
7639 5676
6010 4495
3225 7142
5232 7819
4172 641
6510 5282
3807 58
586 9069
8923 676
8848 6237
5179 891
4700 6366
3845 4501
6771 820
4316 522
3805 5296
5044 1527
4412 7261
1058 2967
8471 4878
716 16
575 2026
2822 4706
1380 8271
8349 8525
5829 533
2182 8414
199 527
64 8232
815 1340
7539 1985
6622 2930
1067 4198
2636 5512
3741 222
3928 2663
6720 2455
8029 800
846 4676
4853 3640
5946 3122
4540 661
6662 5357
6944 2614
4837 6570
7536 6315
6535 7390
2015 5602
6320 6873
3000 4117
5488 7624
4714 4876
285 1249
1993 3103
7962 8075
7316 3967
5310 1353
8571 4534
2592 5969
5163 7460
8228 5518
4314 3904
3623 3777
496 1947
4586 5385
6733 6172
4325 7966
2680 690
3695 585
2927 6537
91 3235
1705 4987
3355 6923
377 1051
6077 7089
8630 1895
1395 4031
7660 8521
1925 4106
6552 4889
5586 6986
7873 1331
5819 3671
5380 9088
27 6641
1542 8054
7737 5325
4145 4982
403 8093
136 2789
1574 6994
1448 5068
1567 497
3195 7378
1075 2412
1244 7364
7949 141
3333 9105
236 884
7257 4012
5711 8701
188 5933
8027 6696
5744 4369
8104 2323
6417 1298
5644 2628
7115 3814
410 8884
1775 8245
867 3
6395 8505
4625 6689
598 5090
8787 7752
6582 2870
8892 7315
3291 110
2391 5940
6214 7093
780 7116
4642 7320
8392 2719
4897 1649
6731 1989
9065 1113
142 9106
4095 3777
8506 4931
2092 642
2273 7217
119 5406
1298 4087
7856 5533
6164 3178
1863 2463
3088 8284
5922 304
9053 6920
1282 269
2047 3145
4429 2369
7782 9055
3906 5533
8504 1110
6105 4241
767 4142
6283 1053
165 5106
3536 3324
6209 5756
5439 7356
1058 5496
6088 535
6025 7361
3124 5966
865 4896
942 7849
971 4630
446 7300
1611 2983
2238 3256
8723 3031
7788 4472
972 1977
8565 3961
1115 8564
5153 6785
3197 6527
5899 4733
6851 4180
2370 8790
2180 2242
6764 5312
8727 2367
2066 1447
4413 3814
8737 5161
1998 4828
2050 3810
28 5508
7768 8973
3282 2276
3945 4192
9046 6668
1877 1765
7020 6580
8113 8024
3396 3361
6108 3522
7011 3936
1462 4997
3547 5637
3706 2956
1232 6768
1054 379
1535 159
5976 3146
1055 8295
7682 7937
1542 239
2169 5237
6924 746
1650 1738
6997 4171
5277 1817
8874 3189
3285 3911
6042 4728
5427 3229
6415 5182
6563 94
5823 6564
1038 4319
3456 3998
6388 3586
2072 2128
6673 2376
5372 2188
2282 4002
7131 6224
312 3925
633 6300
6548 4811
2 5658
7176 8594
6672 1910
5601 61
2573 4298
8785 1916
6310 594
3338 7840
5893 3067
2306 5274
1641 3423
3381 3171
3457 798
6271 5037
1250 8281
1056 5683
6412 3337
7926 4338
342 5403
8893 4123
1621 2822
5835 4332
95 3793
5100 8389
5111 7800
1011 3114
5166 5234
338 2813
6348 1417
6609 4558
8157 6450
4287 5563
7047 6530
1220 7600
4295 3409
8170 5581
2554 5859
5513 5255
6742 2253
2291 7743
8671 8456
4618 7152
5595 7119
3289 5677
1667 3623
3139 5867
5345 1084
3373 6485
2994 1649
8073 4850
5411 1195
5231 3828
3845 6918
8840 2366
4128 7260
1606 5159
2743 2630
8997 2675
331 2258
2826 7367
8390 1981
7087 6130
8593 3111
8345 1746
6412 4398
7503 5113
2331 6302
4487 6306
5944 2160
2317 8931
5930 948
6608 8597
8791 959
2101 3367
5369 537
1860 4369
6262 4276
2650 3047
7692 4791
6854 3319
5866 2801
6265 9040
3180 3311
7761 6214
1441 7272
6931 1333
2512 5558
574 7222
4754 8286
8789 8740
5685 3355
670 7801
4618 3359
8744 6642
7776 6884
4093 7109
6589 5386
5343 7816
604 910
1647 8786
6004 4256
2349 6045
1087 7120
7651 3876
3050 787
6363 222
3101 7218
4268 6156
5911 4442
3846 2373
4138 5003
6920 3822
7470 8440
2849 6094
8758 4690
3608 7688
1721 6475
7498 5932
6399 5953
5779 6073
9099 7107
1467 6577
6287 8976
8659 6780
6424 2830
6009 5946
5148 5988
1665 520
3675 2952
4650 3596
6919 2467
3960 3585
8386 2943
8594 8151
1307 8493
4591 7823
2064 5324
7919 1333
5589 112
8636 1429
5477 2723
7631 1747
592 9101
5894 300
7450 1618
8002 6404
5698 554
176 2134
4032 1991
9056 8071
8508 6244
2311 7838
4693 6538
8356 8728
979 3609
814 7128
7062 4748
1735 706
8346 7858
445 7462
6628 1906
7071 7850
8947 2381
6900 8280
4677 6870
5908 4119
1278 8523
2797 5302
2298 4228
6387 8532
3089 5626
7129 6917
4636 4894
2952 5133
2438 3001
6009 635
5071 7288
7510 3111
957 2261
4188 4778
7689 8665
7211 137
2412 2230
8191 7968
880 3423
7328 7343
4100 6546
1530 5618
8610 1272
4553 1618
6031 2394
5079 4928
6477 7348
8116 6079
8127 4632
1091 511
6554 7133
7348 3241
4354 8326
2883 3409
5022 2589
245 5695
1246 6121
3468 3956
2751 3818
7741 7159
688 6934
4137 2209
3418 5046
1245 4908
2857 2057
6376 5543
9070 6397
6517 9080
6583 2721
7271 8955
3588 7460
8832 4622
5936 7016
8884 1813
6256 3376
4594 3221
6041 7453
4166 7495
3512 4114
8995 2781
7452 5682
4743 494
3381 498
7753 5056
8043 7079
1500 6947
2613 3104
7494 4275
8693 3517
2547 7589
6564 1086
3450 5057
5760 3135
6879 3018
8416 2098
3626 6083
7207 8578
5392 8097
220 6635
6238 5543
3005 4205
6096 8877
5490 5653
4208 2905
1685 3945
5908 4150
1117 5695
2028 2442
8553 1656
8102 1069
364 431
6376 7984
2044 4434
5434 7693
5070 4872
8172 3775
3687 263
7157 2557
2132 6496
3372 2247
5479 8159
5871 8466
6442 4500
6464 8255
3254 7266
5749 1332
246 4102
5038 1697
4353 7936
8639 5576
5067 7321
5443 3609
1546 1214
3253 3044
3503 3400
8883 68
6836 953
5315 9022
4099 1679
5219 2008
1452 2854
1820 5462
2616 1652
8434 4719
7166 2073
8986 4529
8456 3723
6621 6343
7967 653
3079 4736
490 4857
2177 7367
8779 7421
7671 1317
2616 8818
7778 3053
8902 2600
2309 3873
4195 5446
2582 3758
7581 7343
1784 5361
5838 1449
7714 5980
646 5969
2956 8058
7279 6269
7723 4050
8320 2161
5546 5400
7426 6004
581 739
3605 7981
5428 193
4520 8709
7617 5839
821 7818
6821 6418
1975 1069
4377 3289
1682 1437
6602 5003
4977 4732
8514 7319
8760 2398
6506 7087
758 2619
8394 5701
7282 3515
8254 8901
3453 1442
1679 3116
4672 2718
8935 8803
2226 6087
790 6556
2651 238
756 5080
6355 985
1320 7965
2949 8057
7617 1984
1859 4532
206 1552
3001 8361
849 5362
3971 4607
4376 505
830 6697
7554 3534
6833 2342
1901 671
8894 62
8597 8793
7579 4989
3049 3419
6176 2037
426 6159
2201 856
4744 26
6575 3494
6841 6549
6005 4261
6782 5713
6865 1986
4498 6236
1185 8716
3211 7700
6434 5006
3129 178
4466 6693
4919 990
1752 2352
7473 2220
1968 1042
1693 3871
3180 5620
8212 6792
2439 4892
4900 3199
3294 3508
1623 461
8761 8130
5334 5439
7327 6798
3300 6595
3238 1254
148 3878
6625 6499
3527 6629
6328 5965
6005 7953
3538 1302
4113 5803
6509 5734
5550 4080
7099 1374
5365 2262
2579 2441
788 530
7287 976
6557 4542
3041 7016
3464 5535
5645 6675
217 5947
5001 8309
5272 5705
5485 415
4706 4078
4997 1779
2079 1601
2736 3288
7716 2732
125 6941
8781 2872
6177 7372
1585 3318
3121 3019
401 4850
1343 5426
7629 289
6361 7742
2837 7010
7426 5254
994 977
4047 631
395 8629
3411 4249
8593 7729
4096 5575
8663 1748
2321 7065
4443 1330
1325 7928
4094 3564
2619 1696
5291 2065
4236 10
6705 7099
1328 4918
9050 8639
2389 3515
3130 1496
4586 903
2262 4469
2315 6272
8176 7238
6717 3245
6674 6949
850 6909
3737 669
6393 6667
4555 2502
7092 5821
1911 7324
2202 8214
472 8591
6994 4083
8999 1527
8081 1108
5539 5672
1148 5953
285 6308
1762 3501
3891 7057
2291 5987
4873 2832
4641 884
8405 4773
2697 1276
8534 7211
7982 2685
261 6535
871 7129
7637 5811
8750 117
4748 2145
5151 3586
5459 2559
7334 2730
8564 3755
469 5464
4858 7738
6778 5608
7517 924
1020 4633
6107 4361
2914 7356
381 4284
2851 5650
2091 3730
8748 413
5378 5665
5648 2887
4428 7017
2998 7261
8547 2813
7742 863
5038 1047
586 6610
5990 5946
4538 6903
735 2090
4901 7040
847 7323
5296 3560
4376 6052
1695 1699
5661 1749
1488 8041
7366 6968
3918 7121
5824 8089
3758 6869
4785 2431
3444 6568
2325 9031
3645 1778
2955 2741
6670 7524
3132 6043
8884 8888
4914 5119
4088 216
74 8108
818 3184
7490 7130
892 6407
167 4845
4336 8091
3215 2053
7376 3378
5983 1606
6711 6274
7766 2988
4346 6379
1869 914
4836 4089
2511 4494
2740 9079
3778 4446
8420 3291
2990 2207
5317 5706
4503 2734
6165 396
6317 747
180 4184
8964 2405
8381 1443
328 3648
3923 3938
4042 2273
7874 6076
746 7251
1113 5023
1110 3908
6889 5709
5257 5720
6203 3127
6938 3552
442 6012
2396 5957
778 8603
7109 6630
7617 7879
8221 4125
7476 3397
1061 8669
3428 8996
4526 3917
2683 5876
565 4064
8083 4083
3241 4794
5592 5927
5532 7052
2434 8369
5630 6704
1140 1108
4081 8859
3755 7300
4537 5759
2977 3650
129 830
6455 7248
6456 1653
2194 8093
8676 2156
5819 3536
5379 7883
4070 8296
8753 4691
8462 4205
1651 622
5522 8576
4174 1426
2656 2443
3767 3085
4876 3765
7802 4008
1662 5500
4371 7553
5318 1223
9078 947
7474 2079
3861 4774
4869 4430
9009 3436
6640 905
2123 4356
7283 3363
5637 5183
1156 7398
41 6372
3999 8504
9005 1123
7173 8527
886 2803
1164 5348
6492 4445
5417 1759
6133 6337
8283 3510
5611 8499
2910 4827
6336 1689
2791 8875
8223 4259
7277 1801
4043 5418
1471 7418
4739 7231
7769 8095
3397 5867
6780 5376
1941 1946
32 6835
1463 2308
7328 3290
3602 6069
5028 4085
6373 3724
8830 375
3234 4367
2529 5049
2268 3815
4376 4276
699 6983
7002 4044
7833 8770
8103 5010
5086 3745
731 999
2091 7406
9043 1502
6230 4183
2807 7970
1988 2195
72 6640
5739 6669
4461 1726
8304 844
4602 1619
5473 1561
7172 8245
6778 4575
1548 2703
6142 6561
160 7528
8271 7601
5470 5560
4068 6659
334 5186
4557 2608
4470 6616
9040 8139
6731 668
3214 8931
1322 6766
2222 7595
5725 1281
4813 9003
2628 2480
6198 7075
1476 3445
8337 208
7278 7961
8630 4747
3249 515
923 8351
3650 3223
7054 7658
8402 5670
7202 4253
5655 4689
2587 2584
2277 4975
4152 3612
1579 5085
2495 601
6955 2931
8170 7578
4285 1013
8457 8041
5666 1111
2138 164
2853 481
2818 5662
4163 4986
1406 3099
2272 8833
6784 1741
8288 186
5011 7500
6344 3025
1720 6202
3803 4391
8951 7318
1326 8796
7018 3406
3494 6064
2231 1799
3322 3446
5512 3085
2348 5069
5130 2576
8947 1923
989 4545
2248 1427
3176 1864
2178 2943
1036 6047
3541 1511
4157 6741
6403 8403
443 367
7958 8206
4416 7177
5257 6695
6937 5647
3249 7550
931 1781
7331 4025
6542 3626
7327 5453
6308 156
5845 5351
252 6047
7609 4929
8716 2020
2001 6118
909 1773
1981 6766
5406 1491
1476 1733
1712 691
6675 4935
1598 1326
5927 855
1 8673
7661 2131
5716 7126
5792 3095
6791 943
689 1995
5226 6933
8156 7171
2572 3487
3160 3476
8245 4748
5550 6999
7095 2448
3331 138
5914 3325
8202 8503
7728 8336
2832 2847
8855 797
4454 2349
5856 1426
8610 5124
7399 8501
6679 6446
1858 2475
1129 7884
840 7017
5479 8880
7136 6181
8013 2991
1234 6271
1652 5307
8792 2819
5000 6179
3168 8713
1533 1244
2513 7269
7184 5805
7960 6557
4343 4460
6199 7856
8586 7992
3279 275
8958 2475
1640 3933
1290 6027
5069 6233
8274 7873
7779 5079
1958 8977
5398 3174
5456 5748
3475 7726
6349 2621
9105 3340
6630 1194
5896 7246
4455 6775
5679 1609
487 8922
428 6287
5806 4809
4250 1138
624 606
8327 7604
3786 1774
3128 5372
1360 6252
2618 22
387 8900
339 7359
5868 8059
4932 4444
8238 6777
7992 5233
3976 1659
3259 8418
3167 9102
2139 6385
7206 8841
2415 4849
2292 3251
7759 2918
9012 6026
7869 2336
2575 3463
5285 5349
6312 6210
727 6398
1040 9089
2267 7434
7965 735
1433 6382
5555 8094
7602 897
1140 1956
3059 2315
282 6093
6107 1967
8065 3320
8410 6249
9049 2654
6816 6966
2776 1555
6514 3723
5634 3862
6276 7546
4521 3226
4523 7767
2510 3242
1767 4676
3506 1506
7385 7772
5852 2480
8383 4007
2227 2779
439 7479
1358 4357
7811 453
3651 5275
4009 7073
7519 116
7845 7392
7513 5368
2320 5806
4573 7255
8474 134
25 7901
2495 5893
6678 8278
3163 4568
3248 907
4547 9056
7626 1733
1041 5017
5540 761
5593 6772
5145 2556
7554 2111
632 5737
3820 8591
2862 5796
7012 6067
5701 2433
7360 203
8931 5786
1592 298
7839 1071
2248 3470
6012 828
7354 3614
4487 6995
6590 8563
2047 1433
3273 3761
6107 5810
2469 5647
1142 6199
8040 4650
5776 4072
3916 6470
3134 4756
3792 4865
4178 7045
3427 6099
2360 1879
5692 9107
1157 5161
127 2250
8287 2835
3991 5310
6223 5619
8169 5709
3726 792
3230 1321
5898 221
5010 5986
2983 6620
2465 5867
1782 8801
4226 6001
6394 3058
4577 5121
3265 6101
3990 8562
1902 2681
7705 3495
8760 2679
1741 4866
3804 4381
682 9067
5283 3432
1482 8282
8210 1356
1161 442
4634 2319
5255 4660
1316 982
40 3102
3994 8370
3163 6087
6457 2848
8283 1891
545 1895
1320 3481
3296 2408
7850 8313
2383 778
5549 5556
2730 4949
2603 7463
4256 5172
2069 4301
3791 6988
1922 3032
3638 7122
3105 4229
8222 9108
6451 5402
2540 2763
2115 2164
4632 4834
1995 4092
6491 6471
5700 2025
1238 2225
7446 4697
3950 4385
1829 1944
24 7425
8605 3844
1684 2264
6849 172
1992 6559
7828 2514
7681 8478
1305 4454
528 282
138 4668
2326 2627
1258 672
3248 8825
7964 4619
6504 4664
80 8844
217 513
8234 2698
7627 5890
1385 6963
9053 2141
2508 5541
2269 6183
2594 56
2174 8490
419 4826
7717 6278
3043 2660
2032 8376
7723 4460
3642 2154
3518 7164
5225 6323
6838 7872
3732 7815
2410 5795
1437 7972
5384 3712
2465 7960
2766 3306
714 1073
1487 8828
4281 7100
8976 6452
2107 2558
2254 4716
5632 8493
1143 4136
3059 2043
6426 7454
7892 197
8974 3123
7727 7432
7102 8897
164 7691
2333 7895
6831 388
1252 4978
665 119
5018 5383
5945 6303
1621 2799
5510 6805
5018 5976
5040 8896
21 1566
1460 59
6502 6758
1494 155
2198 5083
1957 3378
1819 2038
3718 8451
1575 5434
1916 8175
49 4586
5196 4007
4229 3594
4925 7541
5669 4118
5425 7192
7949 1211
351 5905
3654 133
7779 2863
2755 8949
9013 1582
1491 4582
4795 5294
5241 4419
8654 5507
1098 2830
953 6088
5444 1439
201 2973
5101 4897
8039 5057
6070 5656
9045 8833
8487 278
1147 8966
4450 201
1725 7381
3646 5203
6212 8823
6786 2966
4905 6458
399 1870
7214 390
98 2054
3135 4871
6659 3733
3297 7615
1815 3281
2786 7994
4203 5086
6320 2428
2417 387
2144 1599
6595 967
4093 1167
2705 7128
249 7539
964 5174
5382 6764
7362 7606
4607 8374
5821 67
7907 8348
6858 4907
6443 8114
2515 3110
974 8813
6858 5465
7744 7939
8429 8374
4110 8618
797 386
8963 7004
1586 2830
4952 7294
2229 6959
6130 1930
6973 4426
6759 587
4111 717
5035 3183
3092 1309
2921 5566
3148 1651
1550 3755
6779 5235
7711 1465
7319 1065
5444 2462
864 4859
8552 6558
3236 5430
1164 3717
130 8323
3054 4462
5624 6861
6828 1779
1904 1514
6572 6420
7417 3072
7935 8558
5819 6273
3733 2149
552 610
2361 3769
5659 5079
2284 3856
8182 825
6213 1180
6879 2106
1647 3551
5663 6356
3820 1464
3931 1940
8948 7682
2242 3157
988 7011
1956 3798
2218 2347
6759 7183
401 3364
7330 8879
67 6447
3597 1428
2709 3726
1384 8550
1366 5438
3180 5496
3048 46
6713 2756
6942 5300
1351 2992
2247 6263
6220 4757
4197 6545
1765 7292
5516 7444
6981 1794
8328 1429
1192 1567
1522 363
7128 782
8977 7405
5051 528
4515 4599
1451 2874
5953 7006
1888 5669
8872 8598
7657 5656
6251 6095
9037 293
2583 508
7039 1484
4350 4929
4882 1257
5519 3267
1809 8195
1277 1708
265 5703
5129 3275
1102 5881
7585 3599
2855 3256
3946 3652
7848 8636
6759 6721
338 8561
5291 4762
7578 3006
1672 7080
4290 8488
7525 8131
6279 7466
4343 7907
5792 5751
4337 3441
4115 8772
2735 5365
3312 1556
3416 4672
2242 3630
5961 6131
464 6006
6576 8538
6392 76
2698 1876
7809 5295
8635 81
4227 4602
8682 6224
2048 6239
2174 6438
5235 8903
131 155
6964 2575
3198 7382
7592 1746
7954 4104
8026 4837
7068 1566
5636 8177
575 2200
1868 8485
2456 4862
2011 8233
5453 7745
7444 4734
5789 2782
8034 3846
6817 2310
7552 8820
7800 3473
2793 635
402 79
161 998
3729 450
1029 6129
907 5033
1823 24
1579 1289
3962 8849
2190 3693
6690 1105
556 7882
4078 6131
5984 727
993 1118
7144 7914
4496 4040
129 7994
6159 4075
9027 1297
3292 2602
1678 3613
2712 8497
5340 2874
3351 2445
2470 3311
2095 4393
3522 7794
2921 7500
3338 4255
7762 3608
8625 1060
6978 5968
3646 215
5476 2144
2120 982
1633 1687
8073 3198
333 8054
7960 7124
8813 3268
1580 5765
8029 3701
4018 8291
5570 6185
6797 4724
4174 5686
1943 8686
8702 4999
7770 5538
2195 7433
2868 6152
3951 5383
24 4386
628 2403
6194 8522
871 1347
115 1915
5350 381
8246 8025
8396 5474
32 1749
5105 4909
3298 1573
7870 4190
5449 2155
6673 7652
1529 6594
8220 6613
4609 9106
4040 3314
5900 6339
8762 3942
8161 8573
1257 6688
4582 8503
1417 3308
1881 4101
8393 7156
6599 5649
2107 8604
2374 5027
8804 7453
7913 4216
724 3064
5559 5998
4846 8724
5946 6117
8767 5760
8088 861
4083 8891
7339 6692
4355 3858
4298 2642
4262 2654
3818 9099
6783 3270
8550 3985
8840 4673
53 1961
6587 6102
3284 5233
5104 2999
4711 3361
4859 4048
6502 2411
541 2543
6133 8644
2074 1627
7735 216
5125 391
747 1825
6109 2267
5841 4126
8970 1791
3796 2170
6062 612
3984 8524
98 8798
6865 5399
3831 1239
4962 2135
3052 4107
216 6020
4560 2545
6977 8463
7088 3201
4394 1495
1672 8367
6122 3965
5745 6885
126 1681
7506 5539
8787 550
7097 6341
5237 5995
3518 1308
3389 5251
8725 6591
3456 603
8789 3093
4391 6636
5321 1620
16 5764
962 1484
5278 969
1261 194
6531 4651
5792 8720
2517 7390
4944 1275
8520 3036
3684 6669
3736 2177
3640 5922
411 5042
5776 2466
8695 8557
175 2025
2122 763
1558 7123
1300 6652
2075 2591
4646 7900
9042 6593
3940 6933
6863 1763
2535 8432
5671 1827
3251 3561
7751 4854
6165 5870
447 3634
5344 8181
2798 3543
8410 8667
1440 7442
784 5252
8510 5117
8809 4724
3769 7806
7395 6690
2375 8432
267 6459
4170 8367
6996 3634
841 3500
768 5184
2312 4382
2219 2117
7205 5691
3231 2118
3883 8519
4040 7394
2583 5880
4776 9026
1930 5324
3724 1877
81 8655
6924 1849
1198 1644
4626 5583
6977 7228
1694 4637
9087 4530
7718 5860
1515 6234
5424 4221
7117 5639
5787 2744
7270 8620
8947 1099
8190 3703
4225 6548
8413 7226
1884 8156
6391 6890
706 9063
302 1432
1935 2191
7017 6461
2277 272
2093 214
5266 1425
3223 1425
1140 8990
9019 7831
3118 7517
8479 5203
649 7897
4017 344
3694 4190
6536 4732
7 1160
9095 2077
1959 6975
5552 7873
7261 7024
8718 2277
8395 6940
7358 5127
8527 6876
7155 7347
4920 2543
111 8207
3305 5279
525 9098
7562 5803
333 7370
2737 2800
6295 2687
6558 6566
4310 6622
8302 3251
4583 1546
6645 547
19 1153
1855 8601
2355 8879
6664 1400
7428 7873
2148 6618
3272 5676
9022 6256
7201 2081
702 7813
1355 7688
2405 5837
8055 6434
6338 904
5529 9048
6914 5404
1162 772
5678 5264
2854 3395
195 3535
8643 3379
6258 7590
8775 2830
2397 4025
1635 5023
7445 1901
296 5887
4748 3003
36 2451
7092 4479
1331 7923
1418 5096
5795 2
6434 8000
7941 2044
4627 2864
302 7642
3510 3492
3407 8708
193 6525
6457 8454
8791 2031
3253 745
7593 1538
1270 7810
1497 5055
5660 3995
4968 78
781 563
2369 8499
1607 6951
5897 6038
9055 4058
222 8509
9058 243
3954 3375
895 4584
8584 1310
4543 5366
2435 8331
5617 8362
1116 4689
97 9050
636 8599
5549 3978
5320 6147
2406 7973
6896 4082
7003 1766
2204 6642
4761 762
3619 6715
6898 2664
3007 2810
719 248
8471 2391
1797 6035
4263 5803
672 2213
2225 8179
85 5958
2112 5904
4919 7726
678 5338
4832 8757
3125 3443
2540 4854
4287 8449
6881 702
6878 2131
8733 3113
608 9035
5853 8717
5542 6627
1284 7965
4149 4185
969 869
5894 4968
7999 830
2979 1867
7067 6305
6715 2834
1546 1273
2172 1165
6722 8189
7834 4067
9005 1569
4821 4282
5497 919
2795 3015
7056 1096
367 4662
3439 7119
2296 6017
1785 6613
379 4862
6746 6111
8691 5718
570 837
8444 2581
7573 9024
6963 3818
345 8834
6479 5774
3017 8217
3743 6274
420 4001
6793 6923
6989 6355
8720 4015
3297 2360
5547 8381
8082 2084
7944 6658
4481 173
1248 8856
1700 7446
3058 855
4324 6250
4275 4785
4261 3165
8012 1474
3641 3349
405 7071
3033 5082
1200 5519
6943 7730
8705 4129
7526 4253
6246 1485
7195 8271
6152 1969
984 929
8267 7023
4789 8283
1262 8382
2976 1275
3234 2546
9044 91
7796 6968
5351 2855
6544 47
84 2578
4121 1141
7393 6135
1548 1557
6330 8712
3846 4799
4169 5791
8896 1123
7335 7532
5494 4013
4397 4217
772 5176
1560 2283
8498 3899
5721 7558
2864 4922
1112 4598
5239 3735
4179 6956
1408 2652
1274 962
829 8313
2928 6259
521 6930
5979 5473
234 7125
3768 3193
3130 5836
7837 8309
6138 4606
3773 5871
5275 1629
1681 940
797 6871
2795 8743
5722 5396
6659 2749
2707 7927
7038 2400
2695 6929
3878 1232
8318 7943
5307 3788
7174 5539
328 7211
8446 3742
2237 639
7535 7165
3489 8066
1914 4422
3964 9085
2407 8835
8928 6909
8658 2762
6684 4658
5190 2121
3798 4781
3239 8983
8873 385
8402 7815
2845 3152
7526 696
8464 5155
7386 4223
6682 7864
4051 3327
3410 7798
3533 2586
5030 3264
6581 5598
4675 2085
7338 1113
9041 5813
7983 2247
1233 8060
8352 770
6575 7785
4506 2693
4427 7664
6871 6421
8288 3794
2046 5746
3888 5756
7269 6440
7210 7327
2796 4897
5597 7122
3842 4686
9 3807
3676 1375
1229 2953
4560 2639
776 842
4453 4486
3208 8762
1822 8192
1677 2909
4798 6924
3026 3566
789 6724
963 5438
2121 1106
1615 5179
6814 4110
913 776
8257 5683
7422 1302
1073 3866
6594 1402
5445 8740
1203 5863
5464 1102
4992 6475
3116 7473
5100 580
7485 5743
4901 902
26 4206
6384 1979
577 1176
5652 5217
860 2031
8540 2911
1161 1177
7589 8718
3876 7435
2447 720
7795 1768
6618 6524
5219 4060
6342 2824
3016 7316
2381 8640
4053 7617
1558 5131
7976 4070
9055 6299
2922 2241
1180 2423
3359 6801
4292 4735
6731 1634
4648 2441
9042 1235
6649 3452
644 5963
7890 785
6033 1899
8243 5021
4305 4086
3282 6853
2417 3559
4155 8587
3679 1528
3563 5795
2262 4926
3844 4534
8800 4741
7214 2413
8355 2821
7086 3250
3656 2111
4288 8112
954 8334
3635 4003
8226 4667
703 4744
2902 6206
6560 2867
1903 7673
4223 2779
1414 3285
5887 1104
4211 8295
6114 2093
7755 7677
8015 1854
1424 1527
1456 7665
3217 8489
3749 1009
4299 5633
8847 2023
3738 2314
6327 1931
3627 1302
2644 4285
4510 8552
5705 8489
5944 4191
286 7284
2713 329
4522 6870
1961 4085
5538 5972
6092 7340
922 5374
8134 2298
6746 211
482 5594
8305 6258
2243 8673
4334 3317
5256 3032
5379 5457
1172 8420
6098 5639
3974 7031
3034 8944
4168 5594
5432 4237
3350 3196
6641 1576
2250 5120
6344 3502
4061 1502
7003 7429
6600 1517
7720 3784
4216 2475
5934 5642
1551 7674
3390 6711
5102 7187
3764 3455
1260 7160
5536 6050
6173 6752
1420 5253
7478 1682
5146 4877
2693 2844
243 4505
2640 2877
4838 2171
8779 6524
1699 8595
7296 8260
3781 4519
6298 1102
2890 7019
1696 6774
7132 8969
848 5471
8133 1559
4493 2550
3498 2147
1882 1571
1378 8801
4138 549
2361 503
2199 5389
2057 6250
4604 3284
5184 916
5276 2595
3983 4570
848 2192
5431 1711
3451 4895
8118 8433
5075 1870
1240 6006
1227 2756
2187 3300
8277 496
3178 3916
204 506
7526 6345
903 4242
2894 3810
4112 8458
2322 2437
2904 8680
1991 2489
5652 5538
6245 7795
8914 4776
6408 7900
2147 4011
5569 7159
4487 8492
6382 6740
7759 1405
1953 4736
3935 6053
3288 5699
5106 4998
3007 7606
3881 2212
3846 2254
4374 3979
8357 942
2702 516
6867 3187
3430 5123
4420 495
4161 7064
3625 7084
3987 7896
7818 33
4435 953
459 6056
7662 3015
651 1588
964 8465
6349 2098
1173 4366
7090 6166
6912 5531
1074 4165
5655 2339
5075 7059
3794 9038
6953 7361
4958 1007
3698 4624
1664 8087
2249 5308
2479 4572
190 5410
1342 5062
45 7944
7105 1695
5683 6328
4916 5544
7971 4416
7777 8675
1584 175
1156 5141
3727 7906
608 2318
6284 1770
4990 2982
634 2207
6538 1499
5786 7230
2461 3969
1202 7444
2991 4718
8427 3906
7561 7352
1782 7605
8624 809
1572 5907
654 2185
6660 3644
5026 6348
7530 8029
8907 2526
8044 1657
7545 592
8647 2479
7417 7141
4561 9096
2993 2639
1235 5156
3751 748
2599 3539
6081 1342
5463 2809
5622 566
5012 5418
2336 4946
4493 854
1935 8738
1122 5755
4949 4805
3426 1631
6075 4555
2641 8533
7259 5341
277 7163
2942 6788
8418 2158
5024 4274
6608 5068
4562 7673
3169 1906
8513 8096
613 4834
4522 3259
3255 2590
8727 3639
804 6760
3123 8624
3186 1454
3570 7572
5345 6106
5988 6635
6900 7161
2392 2154
2238 1144
6275 5330
1608 8168
4807 1870
6477 5901
2102 8237
5491 1279
3613 867
755 2111
7972 4971
1858 8213
6035 654
8355 1080
4953 8285
289 5534
510 7397
5442 1568
3409 1531
8072 7670
2530 7371
6930 8862
8407 8343
8783 6357
6191 3784
4274 7383
8193 7474
1653 8829
5503 304
251 7560
8960 1868
7625 4692
7894 314
5954 4503
7529 6131
7594 8123
7668 3705
7075 5532
2087 8442
5052 8847
8258 723
4963 5777
5149 5117
4151 6616
3879 3009
7148 3880
2526 8439
4354 6317
1526 791
8964 4446
3443 1493
3182 7142
7797 5133
271 2824
4304 3337
8895 7722
4874 5929
6804 9101
2081 4604
8419 4527
892 8493
5753 2524
3491 2881
7437 4086
1721 6874
2761 3616
2370 8057
7167 3208
887 2713
7587 4496
858 1986
558 4888
4426 7349
8192 1878
8934 2527
62 4175
1615 6178
4107 539
577 8903
3783 5282
2685 5920
5769 8406
7957 2785
546 9079
4782 5750
5741 7878
8666 1283
330 6101
6627 1174
8915 8628
7307 2996
7449 6453
5317 74
4300 7699
2338 3174
1242 1277
2873 1345
6145 4903
3065 1789
6859 2103
5356 4381
6906 2260
2955 6735
5722 7962
2836 3473
8517 251
1463 8900
7486 4050
5345 6426
1067 4786
3648 6089
8624 3895
2494 3573
39 7151
1097 8435
1435 2290
7113 8138
682 8082
8520 7274
206 3776
1192 7530
1045 5949
5820 1571
1933 3441
8835 7676
7244 9012
7294 1790
8658 5582
595 7388
6925 1126
489 3091
3272 140
2051 6932
154 7548
4312 7722
6980 5636
3973 8750
363 7285
3117 2428
5916 6147
7861 1051
1473 7064
2249 2053
8631 5135
5120 2330
4392 7170
8378 7510
5991 6415
3344 8908
5051 574
5756 1547
7081 1785
5838 4788
6016 7614
3026 8270
3307 8965
4402 6623
2349 2044
8766 4417
3200 4361
1898 8957
4101 5232
6148 1968
3087 4374
7371 2990
258 7611
4005 5926
8461 6268
3594 50
3697 6422
8554 6617
1196 1645
3565 2930
6427 2268
6232 8139
4264 6985
6582 2820
7589 4154
