9999 3746 2638
9269 9027
1042 6536
2864 5921
9624 7855
2771 1327
9843 2764
1900 8927
9459 7239
42 3396
1136 5817
7509 1578
3485 3879
3859 6117
1110 165
1035 7169
1354 2602
2576 3418
4586 6457
5658 2892
3378 4617
3226 6384
1023 3320
8319 7684
3261 3178
9574 536
2195 6673
8360 4604
6777 4824
8047 7065
4374 6584
2685 3457
5391 4972
2148 3810
4461 5042
4093 180
5447 6459
8403 3656
7877 8562
9250 8777
5659 2144
9925 6809
8604 3189
8475 2828
964 32
2920 8301
359 2883
3532 5598
2745 1121
5619 2198
3490 8102
151 2967
2598 7414
339 5878
4170 6213
3891 8500
1349 8432
6640 4157
491 7297
4741 3304
7788 5475
8741 3413
2460 2562
9381 5434
9183 7524
993 8744
4338 6862
5740 9909
9808 3064
8025 8363
6097 7200
7675 9920
2516 152
7147 5419
9956 9817
1361 6586
1686 2259
3467 9745
2884 4831
5732 4610
1296 2773
2629 1133
7780 930
9882 4507
3123 8990
3101 2566
9273 1230
2397 3176
4836 6502
7533 132
259 5589
6262 304
684 968
8063 691
704 7370
7802 6739
9629 4526
8556 1514
4944 2995
2437 3574
3648 520
3051 8661
9864 7035
8566 9988
4116 5312
8351 7795
2625 5074
7179 8454
9344 204
7893 9003
9854 1673
2670 9102
1940 6039
78 6867
3607 2188
3762 5127
1572 8477
6033 8575
3851 577
4525 2544
6908 1919
2421 2793
3794 9898
3997 2520
9001 3577
4583 4845
2213 467
6959 3122
5036 9228
7665 4285
1283 3134
8951 3196
4323 1247
6034 6739
3727 6660
8466 7188
7294 549
6413 1800
6759 6308
877 681
8549 2582
2130 4663
2798 3748
1203 9834
8165 760
4627 8387
2803 8562
4442 4427
8473 71
3450 1038
5350 8206
110 6412
217 2373
6357 9379
6983 419
9222 9669
3952 2395
5527 266
309 1222
3181 8038
7027 2904
1937 2027
8581 2478
5732 1619
7876 1529
9234 4363
7378 919
605 1012
5856 7771
464 7538
9152 6988
9758 121
4238 9271
9807 9521
7964 1801
1889 2384
643 9539
8689 8530
6736 1901
2434 6822
9683 8390
2908 3162
241 6550
7268 3776
9353 5504
1256 808
2325 9038
6495 8481
8407 9189
3554 5226
7300 1569
4209 8232
7087 2832
286 3424
8962 3528
411 5072
4279 7635
2034 5941
6104 478
8485 2852
7616 4693
8313 4419
4003 4581
1217 8849
297 559
889 6798
8499 9772
2402 2149
4170 7727
7864 8985
9595 6864
9401 5961
4823 6620
6959 8447
5436 8088
723 1230
7118 9694
7063 5955
861 7569
8638 9208
4327 4250
3476 8746
5973 2338
639 1752
1563 4832
9086 2666
695 6599
2213 1860
8649 304
1028 2586
7260 26
562 6368
5044 5453
9043 4826
9036 9249
4377 6332
7527 7618
6142 4543
1439 1904
1241 5792
2614 1347
8319 9444
5068 1960
927 5822
2240 6856
4268 2763
6247 4929
5615 8977
5227 7473
4598 5549
5268 3286
9586 4965
3876 5593
8592 1712
5593 5097
390 5240
3311 4465
7144 4554
3170 4126
7120 2786
2211 2847
3957 9747
7615 9184
8662 8954
8789 549
2961 8046
3344 4934
8018 7974
8650 4459
6880 9613
6631 7916
8373 5229
1417 4045
4799 5824
354 2665
8645 5146
2038 1926
1593 4886
5780 3490
4369 9622
4727 4298
6168 7265
6288 6591
5665 6998
2861 2057
6164 3527
2462 4106
6020 7349
4724 9607
8402 5951
8015 9373
5112 4754
823 1421
4752 7279
5051 2005
3169 3645
8847 573
986 5035
5313 7517
2931 1418
7334 332
4590 7578
1332 1249
2457 5638
847 1025
4633 1925
1793 8141
116 1063
7256 9262
4026 9572
6770 7306
8538 9627
4704 4498
4810 7518
8000 9771
3234 2120
1617 4367
8384 3543
4906 9913
7584 6011
4420 5138
1565 798
7870 3306
202 5979
7347 364
8584 1959
4872 9420
3523 5070
9543 357
7503 4595
3016 7929
1579 2192
3434 2243
6761 3861
1540 4030
1345 4259
1123 3941
5641 3305
5798 4783
1784 3896
7545 6491
8484 7176
3821 6141
4456 596
3420 7700
7669 1172
4418 1937
735 9773
5846 6964
6885 8762
5690 3542
1379 3362
9304 5529
4668 6453
6512 9852
7458 8881
5088 2878
2429 3667
4040 9918
4365 4925
9659 2133
2063 8211
3735 6444
9341 2491
112 4132
5434 7871
9920 8463
6905 9909
6300 1849
8128 3564
3091 2336
9775 8417
2271 44
4081 7658
6942 2814
1633 7894
4853 9372
3536 2398
901 7453
7138 5086
665 4852
478 5193
2692 3900
5787 3946
4983 6467
9596 7286
1110 8618
9725 5184
1641 5395
3451 6292
343 2697
7266 9533
2381 4788
6234 2346
8169 1367
3581 4381
2028 9331
1610 8233
5293 3139
4549 1898
9567 1862
4945 9221
3084 7808
4917 8322
5755 5733
5643 2831
1893 17
3379 920
8516 8596
4457 9959
4680 7387
9698 5821
9503 248
5842 1254
1628 5293
7765 7885
8536 9401
5864 179
3981 8727
6318 5714
2645 9658
9338 1037
9294 1353
2253 904
3714 1651
5984 6264
3134 8267
7333 1268
1129 7479
677 9761
6060 1590
5322 712
5281 8881
2751 3565
9471 1815
3145 2502
7969 3287
5169 8751
5761 7066
8413 6471
8657 3978
8414 7247
3117 3658
4456 6327
4069 6751
6399 7205
8724 7896
2351 6134
2627 5382
1664 5700
3516 6759
2367 7064
2020 2926
9385 6452
1637 2897
8670 4531
2486 883
4763 4772
1608 4072
9942 6198
1411 8616
5852 9118
275 7220
8216 7341
9765 5813
7421 7461
6204 3397
6982 4578
9890 7445
5584 6677
8122 6069
1878 8739
769 3673
3648 2044
2837 550
7853 1886
8294 1191
4760 5318
8565 2651
6569 128
9049 6239
7771 7177
2553 2277
3141 1052
7793 4391
3216 8573
1606 4278
2336 5708
7290 502
9482 7481
7626 4976
992 4520
7868 2201
6829 4241
3289 4020
1112 4
4555 1147
4152 3667
7375 628
6661 7819
6063 895
4416 3753
9229 3131
5664 3015
6813 6095
3722 5870
4623 9056
2579 1369
199 4993
6473 7221
9115 682
3143 7252
7396 9945
5544 110
9215 6618
4757 2485
1000 1089
4191 4575
5121 3028
9234 1877
5932 6465
5684 8730
8276 5232
1760 1026
9157 813
6525 9879
1177 2958
9976 8998
8440 3818
999 9738
9048 704
8936 1067
712 8703
1455 8976
3695 4938
4092 1218
7940 2287
3676 1125
9666 3277
3175 7923
720 8269
1602 1174
859 6247
8517 9589
6805 8142
6217 2658
6672 7367
7081 3811
4214 9819
5310 9032
5311 7353
3866 9182
4058 9816
4733 2900
5149 698
5540 6021
2451 2142
1108 977
6551 1140
9869 3615
1894 6004
7199 702
5782 4342
7844 9807
1873 9691
3327 8568
1212 3445
5368 8185
2075 3694
511 5455
6504 7535
4306 6430
6933 4596
4560 8834
542 6861
5494 8114
6336 4329
4982 9907
7706 6815
9719 9743
614 3184
9275 9390
4515 624
9255 6714
6122 5784
7679 1741
8874 2852
7561 2339
8624 4473
9926 5456
2382 1463
3225 9745
6170 5623
4730 1825
3862 9230
3565 1805
6471 8689
9088 2718
9345 395
203 5609
681 462
9461 8987
9324 7967
9314 2907
852 8530
3273 2091
3302 6008
9690 4940
7379 7798
5473 6188
1075 5467
6897 6380
3787 9304
110 5748
1703 9490
7098 3143
9657 9236
2363 6059
4888 5568
5914 3174
7872 2227
4154 4989
46 6516
1323 5454
8941 1232
8735 4315
9386 6102
606 8308
6841 9169
9858 4273
9656 8523
923 9243
8103 4079
1539 5760
7185 6199
3581 344
4524 2439
2089 9321
2173 8045
9286 2461
5920 8753
6702 4969
9000 2227
6212 3202
2418 9727
9705 5668
8534 4301
8046 5214
4980 3467
4837 7743
3005 1644
6140 3835
2316 7588
8574 6269
9179 7849
2936 4131
878 2741
7136 4066
5484 6923
6314 9376
8528 5044
242 6694
5831 7996
6753 771
8221 1905
1006 3346
4309 7248
3342 1098
8363 1341
3669 2095
4453 9837
4459 81
4656 5648
41 9975
9756 6926
346 5283
3449 3889
2812 1111
5323 7785
8799 7488
8902 5990
4 7621
2604 5366
2256 4460
1618 5689
9123 3912
8681 9044
8158 9870
4760 6700
3186 5267
6689 2952
9289 7391
7265 5122
3504 9245
7189 2758
8682 2523
7674 7361
3618 5699
7627 3051
8056 7086
7992 2293
9899 24
1003 7290
5780 9304
7580 7095
1078 5411
1695 1498
8150 331
9197 8586
451 6000
9943 1839
5596 6480
8299 4809
7855 6223
4175 8558
345 461
1290 2493
2090 8455
6775 1805
8572 4700
2252 7869
119 2972
238 7754
2029 9390
6912 6882
1575 4012
5262 9637
7187 2380
3934 9031
2133 894
4197 7727
1046 9785
4892 1880
2700 9719
4921 9938
9722 3848
5278 2227
4168 2601
908 3201
7436 6828
7505 5949
1211 7768
1652 7809
1591 3686
245 1153
9124 4867
1504 3467
8176 3433
4776 2964
9451 991
650 3725
644 7902
4199 2488
7653 8670
4218 819
6302 5426
9861 8189
2913 9450
8810 7250
1598 9979
4265 8207
2870 4954
1819 7329
7855 4699
6140 7434
3506 3011
2689 1632
8476 9051
655 7666
2528 1873
5939 7981
5076 7090
2454 3847
1271 2050
5372 3424
3355 5875
851 3905
7019 5791
3689 8776
3785 5015
6069 7443
1166 4985
6184 4037
905 2144
103 5376
2780 8054
4354 998
5946 5976
9167 156
5404 7270
5913 5658
1013 4317
745 922
842 3866
4898 2920
5840 8139
4180 7098
6709 584
9467 5189
2672 6281
4200 4439
6965 6425
6757 8898
6058 5901
1647 9430
5955 3319
4312 439
2197 9612
2540 9232
791 3357
2686 2999
8003 9411
3892 4093
4276 7152
8899 4759
1843 7420
3484 7175
7562 7060
7263 9253
8392 4429
1250 4896
1727 905
4564 1675
2357 762
4184 5281
2249 7972
2301 1702
8405 3325
8286 1133
4185 2506
5165 2694
6987 9531
638 3007
6271 6845
7637 2703
4821 4596
9600 2889
2069 7061
9078 7288
4003 3939
8479 175
3676 7047
2055 1304
7130 2492
5756 4911
8020 7877
5867 7054
615 7745
2987 6895
9866 1655
3135 6973
9127 9488
6535 6180
9678 6527
3626 2705
838 8595
5028 3755
3193 3697
2383 5618
3610 4026
5286 1508
7741 6402
5790 3495
4406 6033
6762 8759
1456 3104
5758 8807
4765 9125
746 2531
1660 2283
7484 7566
6334 517
8872 7393
6278 753
2993 7320
4304 8891
896 7009
3618 5878
624 7481
2638 8413
516 3999
5117 5042
3078 9171
9496 6860
9069 6903
7029 2021
8098 6646
7752 3421
1673 5989
8290 2586
8023 2011
5065 3974
3837 3940
7052 3574
9645 1509
1613 1985
4676 8952
6821 5723
1845 1952
8444 5797
8267 2685
9376 2840
9678 9473
6656 8220
4105 2967
6684 4840
9631 2812
7121 1477
1858 6783
205 7947
1231 4717
5732 6017
6242 9036
8991 1493
1547 6576
655 813
3970 8350
7103 5616
3124 2613
8932 7831
1530 2565
1813 9070
7943 9232
8488 7739
1204 5861
6864 4888
5464 5517
4200 625
8245 6865
6232 9813
9067 4248
2264 3601
6195 6982
458 8790
2873 4769
2289 5183
5060 7291
8149 8209
190 5050
8835 9668
4749 8328
1363 9204
699 1535
4755 4597
3855 3166
189 1087
2569 2662
6266 9885
9699 4915
8810 6828
5788 9050
2806 2668
4985 6075
7977 8474
5635 4285
5950 8372
3539 3599
7823 3526
3234 2441
2261 1841
719 4668
6256 1524
1905 5046
8560 8482
6923 5650
8691 1971
2729 1226
6007 7362
5806 1480
4411 9133
5802 1293
8395 9264
9137 4813
2788 7316
630 4259
7246 456
1835 6195
6303 4122
5605 2732
8636 8091
8026 900
9324 1209
3807 4455
9606 8362
2403 3651
5086 3631
2492 3407
1944 5630
6272 6636
3086 9920
552 6423
1732 8623
8209 8198
5640 2703
9909 5255
8864 7547
2744 8208
7772 4924
9716 7895
5276 6666
5555 1116
3914 3083
5194 7567
7128 1055
4879 1317
4102 8939
9685 8071
337 6647
9695 685
8670 7199
205 5234
6994 2663
6605 9
9674 5559
8870 2976
9974 3792
9180 8754
8241 6936
6948 7834
7183 837
8122 9362
1550 1725
2514 183
7452 2933
3007 9418
7092 758
6455 7336
1141 7393
1852 7575
5108 877
4481 3270
6233 3012
5935 750
8302 2236
954 4923
5156 4246
2027 440
4405 8253
6930 2121
6973 674
9852 9048
911 5261
2876 8754
7786 2094
5356 5336
4012 2882
8904 5714
6558 2490
8666 7844
775 6796
1321 3576
5336 6394
1343 6413
5498 4355
4452 8573
3532 4111
1031 8957
4584 6021
7537 9088
6496 2991
4501 2493
5274 9576
2369 9800
4996 4068
1583 763
5940 5166
2694 8750
3884 6101
7961 8009
3518 5812
2000 1956
6503 9364
3958 9824
6377 698
5136 5627
8396 5660
7544 7055
4194 8472
5026 954
688 1368
6534 9962
2106 9450
2024 5167
6657 149
7074 9439
2376 9296
4745 9295
9098 466
2357 8286
4227 2425
4277 1073
2361 5965
2821 9839
515 198
6357 3612
9603 3750
4679 6744
5107 3417
8939 7699
8399 3645
5798 3571
7441 7836
6507 9104
9739 2761
3951 8926
7628 2108
9136 3910
5903 8016
6305 1120
8667 1802
4101 6226
1373 5091
503 4031
3055 9334
9460 5995
6114 7753
751 1083
7026 8026
5916 3341
9579 6210
2936 6767
935 481
9 308
6120 6808
5926 456
8496 662
1249 3200
5120 93
4726 6931
6629 5788
9914 211
9902 3741
2250 4701
5626 8714
3846 8988
6511 4008
1428 815
2836 2089
5958 384
8218 8524
8502 3003
3060 3523
5321 6662
7124 9413
8306 6568
4216 9590
30 2849
783 4276
6482 6634
9453 2657
8914 4295
1114 7525
7729 8361
5517 7583
4168 8920
7210 269
346 7618
9489 1425
6441 9798
3647 9057
59 3852
8505 4649
9355 2517
6479 278
8644 3333
663 2483
4895 6281
519 3022
7906 2742
7515 2628
6159 6283
297 9832
5721 7900
2830 596
8076 6186
1697 6705
4445 4223
6104 9390
2197 3878
9511 1519
8991 3971
9299 5945
6881 2128
3644 3454
1887 9974
424 9446
3911 6652
2494 296
2352 9760
2242 2597
8105 1486
8913 8910
9789 6608
6371 5547
8411 8888
9066 4356
9056 2153
7408 1057
8099 444
4155 9904
5167 3870
7672 2815
7060 5178
3204 6552
4871 2673
2492 601
9578 6805
3371 3945
4181 6936
3886 2046
5518 8857
9832 9176
3225 8610
1417 8721
2223 7082
4860 5771
1750 8615
7513 6358
2028 243
9029 4873
7524 6289
2765 8779
1009 780
4404 3290
513 9632
1936 5314
6121 740
9327 2968
4705 3778
9456 4845
8964 1043
4200 3803
4771 168
5920 1353
3953 9056
2955 7430
9445 9933
2204 9140
9991 186
6500 5058
3932 6031
7847 1582
8624 3429
5105 6273
5624 2431
9423 1240
9798 9533
2465 2633
7032 9432
369 6029
3146 577
6515 2831
7411 7255
7465 9070
9559 6825
8772 4883
6052 6588
1592 6507
7351 9386
9065 5866
441 4660
6735 4497
2079 8525
2426 870
9835 673
8864 1336
1492 2226
892 5631
4291 848
4580 5477
3093 1597
2826 7825
3561 9724
3528 359
1978 9509
4670 5376
1063 9436
29 3507
9295 2238
4019 9083
2383 4036
1698 7808
7475 7412
7743 5530
4442 5444
2275 7723
4735 9178
921 7408
6129 9270
9817 8937
5729 6666
6030 7730
8578 10
117 2941
9316 1621
1295 9886
7533 4021
5611 6928
2220 8614
4504 6103
5000 830
5415 6265
7341 4868
1522 2410
3975 7537
2641 6924
7678 8028
9365 6506
289 9629
7895 5405
1983 6899
182 469
5275 7111
4864 4619
3563 5906
664 5307
7610 3784
2614 1289
3232 3613
2805 8223
639 1556
8493 6894
4738 7592
296 8067
8800 5182
4663 4110
4925 5707
5861 9260
5062 9117
7447 7915
6507 3363
7608 3511
9998 2175
3869 6824
8044 7570
5787 1658
317 5279
3114 312
5113 1188
9430 4362
9603 3179
9757 1947
7356 7144
4743 4282
1468 9874
3786 2952
8181 1865
8807 9504
1963 8519
6540 2657
8424 2609
8884 8640
20 3333
4622 986
8942 4414
842 6948
7442 3742
2770 5367
9233 219
9649 7484
3395 3291
4520 7571
1548 6285
9278 8680
2024 1656
8669 8821
964 5409
3962 636
1044 7137
605 5567
7146 4928
1466 3272
4267 6014
2924 2070
7602 6055
6377 2966
9092 6001
6128 5081
8602 4020
9675 7309
8274 8578
4196 289
5862 7483
2481 9984
3636 2099
4291 3947
8811 6075
5449 2176
1359 8119
7990 7581
220 8779
4299 4882
5371 4114
806 7629
4922 8801
9883 3118
9363 843
8053 2470
4930 8786
498 8187
966 3902
5219 3103
7995 1605
34 1339
4869 7450
3797 1946
7320 5975
9052 2163
4998 1342
1028 403
4778 3735
3085 3252
5277 9716
5738 8497
6140 2536
7804 4739
4644 1391
9639 1368
9551 5161
9047 5253
2875 6065
4426 8577
3454 8599
5232 7373
8510 3203
2923 9524
8931 5443
7582 1149
8055 860
3915 5752
2866 9090
7693 4471
8080 1032
2872 6445
7162 2634
2527 1752
272 3867
6530 221
5271 8059
7292 6760
9756 5090
9721 8901
4820 4561
5449 1794
3842 7023
4508 1783
9878 8235
1252 8770
9203 8792
6318 37
5574 7850
7738 3649
7659 1053
8512 6658
6792 8382
1505 5035
4621 4261
6845 7181
498 5611
8443 9700
2728 8228
7960 3517
5551 821
1343 9093
5526 1350
2604 235
9174 5412
9421 7762
7088 1868
4284 5996
7117 759
3802 8186
6410 9904
9602 6602
81 9518
2909 8441
5470 4048
7000 5165
6331 2263
1242 9105
8858 2434
4350 6234
5641 2773
7085 3702
4886 5818
8916 7389
113 3296
9253 7499
7546 566
2746 2185
8553 6048
2996 483
1170 5750
2279 8251
2013 604
2939 5174
779 5503
3452 9680
9194 9145
4337 333
4792 1173
7312 8152
4411 5959
6622 4928
1875 643
9056 9294
7851 3244
8940 802
7346 6578
7652 2168
8585 6317
9008 7454
8955 5923
7486 6540
5695 4301
6110 5287
6269 1764
550 319
35 1276
9279 1211
8370 2377
3944 9084
5445 4649
8371 8313
8621 5427
4984 5853
3592 2531
3256 4454
5769 487
9716 6891
6355 188
4641 721
6456 3520
9120 1885
3471 5086
800 3461
580 1010
9383 9959
7141 1675
5014 828
2465 5288
2352 7390
9673 7094
3369 6132
3204 8335
9172 3233
2918 9773
1712 1785
3681 2416
3045 1227
7577 8005
2520 9125
3288 8030
1447 2826
9666 9493
3756 134
3643 3493
7092 4163
3067 9192
6469 6112
3409 6717
4388 6125
4213 9355
8794 9865
7817 5061
6417 6325
4100 8458
6326 2992
3913 7862
9001 6867
189 5191
4155 1041
6304 6467
8622 149
3680 6808
7068 317
5727 3375
7203 860
7744 4006
3681 4206
8634 523
2854 7032
3927 8903
5936 5094
1748 1836
2939 7696
6584 4707
9912 5510
5293 3002
9549 4064
8404 9755
7654 3843
1485 6558
5863 9352
5541 7879
7433 9464
1788 9891
6367 4277
6113 9109
3463 4308
6371 3317
400 5304
748 5662
5902 1643
4366 3361
7472 8705
2743 2183
8651 8963
5810 3415
7150 6099
3128 6432
8411 7506
7785 6688
1027 5311
3153 497
2618 4251
4328 8186
6618 7822
4045 2012
1959 9047
9617 5703
3733 1215
7580 1607
714 775
2167 1195
2443 2001
4882 199
5073 6685
7958 6201
8838 5669
8227 5058
8464 5844
9560 5782
4968 9936
7740 5907
5984 9443
8802 8675
5370 7445
8282 2823
7206 4862
3521 1668
5412 2314
7391 280
2329 7966
1872 4392
423 9590
3292 3920
1691 8962
913 5458
6196 9940
9538 7439
4311 2926
1380 3459
2017 83
7007 8361
9239 7219
9915 218
4517 8603
1094 8423
8983 4644
5724 4834
3340 8367
9810 9382
4371 5146
7475 8191
3135 6562
6310 4683
5002 245
7710 8533
9563 8129
4705 800
147 2107
2866 3172
9945 5308
152 6524
3902 7826
7261 9052
9253 6093
3199 4098
6218 5241
1410 5737
2993 3058
9340 3935
383 9111
3894 7459
4687 4080
5618 9999
3892 4145
101 6255
714 4149
2663 7776
7099 9113
6777 9764
4240 8653
4750 1958
2640 4378
2025 3174
8755 6246
7339 1851
8615 8474
4541 7135
6466 5868
8281 7305
4424 384
5438 7958
2268 731
2170 6214
2160 9273
9111 6517
6189 7687
2432 5618
4852 7889
5577 4830
909 7469
996 6806
3022 7978
1749 7381
8884 4503
860 7563
9546 7474
3246 6831
7790 5304
5102 4077
3141 5092
6074 6811
192 6542
7720 968
4499 7280
3600 8025
4297 9302
5886 3175
9524 1677
965 1958
3604 3043
3499 6979
1456 426
1623 7017
7965 495
5144 8864
2303 6883
3582 8199
4071 442
9708 1055
2826 9752
5625 9429
6014 8565
1833 7806
8960 510
5248 3662
4919 8164
4595 4979
6486 9477
4164 3465
1600 725
5354 5949
404 4087
528 9684
4630 7137
890 4404
9900 7736
9790 2850
2719 8894
7399 1745
3829 7222
4481 8594
9895 9586
2509 7143
5592 3749
5637 3436
3870 425
1235 5682
8340 1572
2922 35
586 3340
9444 8791
4110 8741
7257 8830
3359 3251
6158 3310
9469 1494
8414 2828
1731 4508
7058 9310
6622 5343
2827 8438
7944 1525
7649 7816
3665 3014
7079 9898
267 2797
1131 1092
6094 2415
2585 1642
3755 9817
3318 9048
1885 3934
2848 3207
9575 9628
5754 7717
2572 2733
5561 8243
3726 7385
4332 7833
4715 537
8756 8072
2051 6146
256 4786
5724 1264
646 4461
8165 5019
8486 9288
1570 6087
5853 8696
2888 1307
830 2155
8777 7517
3605 1803
3486 8503
527 5537
8887 7020
272 5838
5496 7139
1447 1335
4555 5687
2844 2689
747 1531
7912 3324
277 224
7549 3795
1242 1086
4294 8705
2472 6152
1234 1383
3776 3442
6949 2327
4797 1749
41 6385
3259 8449
7969 8300
1119 2232
4719 843
8932 1633
6229 6779
6263 8583
3806 3555
6827 6897
6118 639
37 6756
5168 6240
2306 2412
6915 7044
9880 545
695 8244
2628 8354
3994 8217
2875 1473
2873 4510
6208 4749
7241 6788
5773 8213
3668 8512
4548 4582
100 6618
8429 5614
9731 139
6576 7782
2598 765
4769 752
5139 1970
9562 9619
563 5538
3402 2607
6597 9205
4146 7947
9059 5841
9651 4891
1462 9973
8301 2062
2791 6031
5257 8928
4849 1227
1792 6642
6757 515
8340 6989
7022 4349
5157 9008
2918 9049
1062 6457
9111 4833
2331 6176
7690 309
6178 6655
5443 4227
8327 4105
6624 1680
6908 8357
5839 386
4616 2262
1340 1198
8407 460
9257 9341
2055 9166
9062 5357
6777 1576
2791 2417
4900 410
2580 3533
3046 1861
8359 1198
5324 327
8292 8177
5430 830
6370 1838
8575 4758
3421 3637
7863 7724
519 4484
3883 4762
5614 2393
8454 640
356 9497
5690 8231
2677 7357
7591 5544
1858 5604
8733 7359
2950 2006
7142 3972
6374 8678
5600 5683
5895 3048
513 7632
668 3579
4815 5256
9481 2556
3718 8640
7330 9921
1031 2707
8706 1451
773 9962
7521 312
1604 9089
3895 1478
3142 7297
7624 8894
5885 6429
2460 7814
2615 9260
8146 8577
7589 3336
8785 1563
9558 369
2713 435
2216 2196
3171 1505
44 3450
9331 7334
1914 6375
2637 1408
6723 9710
7522 6631
8200 4788
7469 6386
4355 5697
5053 2364
4324 6594
2799 4533
1954 7414
4538 1565
2846 5033
4959 7215
7156 1689
822 7632
8453 21
5937 3558
2544 8246
3154 9795
7589 7605
502 4292
7748 9574
6524 3863
112 3637
1536 3972
1702 9869
4142 645
1947 1945
6454 133
185 4986
8979 102
1310 5947
2200 3258
6109 3136
4172 8912
4500 1856
1938 4226
2757 3824
6071 3711
4591 5548
733 4577
2844 1030
33 4828
2693 4255
3012 2022
7014 8775
8671 4099
2378 7697
1266 7701
4297 8878
2675 5775
7021 2035
6387 3987
3402 1667
4782 8394
3828 4909
380 4585
1352 4439
6663 3561
8950 2179
642 1073
1859 5174
9985 1694
1572 372
1050 3031
7388 5595
4623 9765
6245 1061
9030 7573
1290 128
3812 387
17 7655
6861 2307
6903 5228
442 4678
6554 5292
979 6966
9417 3049
1694 3463
8573 2865
6264 2631
7311 5057
6790 7687
1546 6269
3960 8973
5170 1383
1323 925
3323 7899
6933 769
6443 5630
6314 8940
8869 2009
8631 2005
9354 8945
6681 9384
5096 7717
9337 8595
2456 3671
6462 2118
338 9604
6773 6701
9018 3146
7351 6037
992 4931
2768 8172
5175 933
7938 8433
1233 4781
4898 7060
9936 6509
580 5737
9580 6857
6616 2157
1108 2033
3358 6418
5369 7109
2459 3424
2893 3354
6015 3271
1371 2265
7724 5624
8098 2475
912 8975
6109 9879
7648 9154
7716 4362
9774 4683
3201 1769
7450 8710
3799 2896
5095 6965
7816 4677
7044 9496
6653 747
1449 6629
3660 5383
7979 1156
3442 7516
1948 7747
5230 9256
9135 9930
585 7484
5181 6583
8749 8935
1881 6787
9335 230
7750 7406
1966 2007
7475 932
2592 9293
9460 8500
6221 1913
8618 4192
2016 177
3191 2156
5108 867
7354 9353
8986 9506
4437 5335
8653 6036
3816 2352
4058 5812
1134 6812
7302 2979
8321 4345
3802 607
3437 9799
6157 8333
9225 3297
9644 7650
3258 7398
107 6321
8875 9174
7930 2707
5059 5355
4686 3903
5704 1429
8131 3971
116 8329
9634 9888
9767 5756
2040 1764
689 7055
818 3366
653 7683
2924 5322
5186 6721
2310 2118
1540 7756
8747 4838
3543 8407
1868 636
3782 2705
4090 246
9746 7289
2223 6864
2085 6159
5864 5529
1081 8954
6765 7342
3293 4307
8460 8935
7243 1202
2477 2993
1298 2140
4188 6446
2738 520
1812 9817
7382 6171
7110 4516
3761 201
3081 9089
1144 6691
8747 8253
9088 621
6304 5054
8418 1795
2652 5678
4625 6703
2176 2014
9 2471
322 7338
1968 6088
5356 9969
5964 6118
9654 3373
7964 8320
3506 5800
4115 5182
2732 7244
6351 583
5882 9893
5671 5363
3210 417
9202 155
5263 6020
1578 31
8221 7276
8995 1106
2998 8930
5506 3817
3405 5238
1955 2427
8150 4463
7869 7467
6599 4435
7030 9297
1075 7651
785 3731
2598 4385
4835 4819
144 6830
858 7708
4735 2010
9902 9217
3387 5540
1998 4194
2599 3877
6551 3315
6773 9962
5346 8948
5102 7496
7919 275
5621 5628
158 5451
84 1411
5851 2657
8891 9545
4284 7882
2912 3733
8138 2158
8829 8668
1326 1237
9097 3235
4126 646
4274 8075
8335 3823
5784 736
8323 9592
960 7238
5584 2080
8439 682
9247 6593
8638 4938
1603 8592
1160 5737
4949 1004
5023 5143
4788 4162
4962 6044
4205 1129
4988 5835
34 4039
3033 2776
8305 2831
6272 8218
1941 8111
8334 8698
8682 2466
7978 6650
3983 205
8855 2995
145 9410
2427 5947
6050 8641
6278 2411
129 4024
6494 6741
4318 3655
2476 9000
7394 6018
6247 4883
2869 6151
3406 1265
9222 807
4394 8743
8938 8026
9042 9287
8740 5344
2137 8291
1018 6642
9387 9265
4989 6043
1324 2255
6392 2757
7225 1216
6778 9039
8673 9057
3512 8530
6716 6882
3432 1019
9776 8048
8853 4457
66 4466
8111 4032
1322 1768
3575 9319
7421 6695
8724 9609
9456 2565
6379 8006
7726 506
6481 9840
7473 1866
1262 9143
5047 7340
9228 5067
7100 3783
345 5579
3928 181
4341 3335
6123 7837
7268 841
1622 4121
1404 973
8687 9081
9696 8890
7846 1814
3717 6741
4479 9964
1507 2002
4907 2610
3973 4849
6300 953
3767 46
168 6162
7462 926
8255 6653
1557 9713
2898 4553
5873 4939
8033 9687
7273 6725
5747 3121
7838 6079
1377 8303
6909 5380
8211 9973
3970 7642
336 2956
3592 4976
6760 9023
6795 8782
4108 7325
2222 4614
3797 8121
2918 6666
1628 7707
5098 8341
7016 7450
5522 9859
5521 6545
3139 9213
4591 7828
4446 6921
6270 293
5528 9955
4086 5192
8330 6682
8934 69
1147 5617
9865 1854
5501 91
3513 8353
5420 8348
1637 2879
134 9725
5531 8614
3480 9351
4664 3877
1248 516
8816 9461
2795 7878
4732 7701
9927 56
3017 3742
3214 5698
1925 5364
1621 2969
7353 6045
5474 2471
3898 4527
9320 4129
5611 2592
6711 8756
2573 7880
5796 126
7732 3377
977 8452
6345 1533
5331 5296
5980 586
500 661
9391 5099
348 1304
5381 7723
337 4598
9355 133
8563 9671
358 1519
7786 2898
315 3691
1874 3899
7793 2474
2448 9492
6830 508
1586 9496
1462 8525
1315 6047
224 7414
8125 452
4929 7329
2812 211
8182 3292
5147 5940
9600 4663
3858 1042
5970 5597
5841 5079
379 9520
3841 3587
637 2593
305 7957
2584 3735
7396 9482
1567 870
3145 2024
143 2791
3375 1314
2500 4383
1526 5983
9908 6701
4449 6628
4449 9461
680 2663
6434 2772
6248 8840
5197 520
3125 9959
7058 5672
1413 579
5612 1010
6683 298
8627 9428
581 7175
8154 8389
2596 2704
4532 9891
4703 4224
8257 8101
6548 6636
8208 89
9573 1492
7448 5992
9409 6087
6735 8388
594 4713
7339 8539
2629 1276
5291 7097
7000 4063
4209 1788
6115 611
4783 9642
459 5853
2696 1573
1009 436
7760 2332
5374 5439
3534 2756
3902 225
7242 2797
6857 9181
8127 7651
9348 8180
7622 9318
5785 1314
6081 6317
5463 2667
4375 4652
7089 8717
7250 3666
4167 6166
6240 5255
627 7473
4865 9572
1420 6285
5393 2628
9554 4879
4783 5212
7464 1626
348 7208
7423 6838
8761 7279
7158 5115
3611 4454
1900 2349
4038 8096
2986 7789
2926 6531
402 4978
6361 7792
7096 8032
3907 6957
238 2543
9847 9688
4623 8374
4761 2045
347 5769
9148 4644
395 1580
5030 301
4384 6047
5872 3676
7971 4369
4036 6260
6483 9179
209 8642
7698 5573
5545 258
2083 6184
3639 1499
3098 4461
2318 3303
8694 9145
4404 1192
4865 3579
6296 3533
47 4341
6674 5771
9200 576
4008 377
3265 3921
8278 5447
8568 6328
9689 5839
5569 7514
5404 8383
3695 8284
9577 7109
7722 2969
6424 8368
4696 9018
5766 7197
1729 4657
5423 7659
8517 7087
6209 3042
8129 1405
4910 4589
3193 5948
3684 5754
4940 4161
8959 8451
9269 4049
453 3183
5001 796
5449 8306
3231 2815
3181 1495
8103 3328
9800 3089
2245 9349
6725 1681
3328 5954
9620 90
3270 9746
3069 4104
4011 8888
2420 2918
5872 2521
3165 4107
8193 1972
3164 8051
6589 641
6928 9132
1414 8726
7100 1480
4246 5291
1942 3570
7773 3863
5488 5770
6243 5426
74 3921
938 5975
3380 544
5606 8379
9824 9230
9650 5916
274 8838
4869 7703
1243 4379
4326 8621
4977 985
3901 8178
4075 5745
6547 940
4091 7112
8867 7197
5168 8877
3304 998
9219 5712
2299 7157
9306 7534
5781 6771
5574 7142
2151 3235
3646 2127
5080 6050
3308 3759
5515 1838
9705 303
4706 1933
3720 8888
7161 9282
5598 5135
8947 1175
400 2781
3750 6542
6106 1274
8731 5499
6080 1817
1178 8906
9107 4173
9335 4857
1782 7190
153 5332
4367 6057
3909 1356
4162 7685
4009 4471
9146 1345
6879 5904
1799 5740
836 2929
5731 1244
9277 1678
4901 1158
7461 6395
6093 1657
5625 3689
8688 4858
7357 4793
4546 4009
7416 6967
7759 5820
5100 548
4241 1139
6592 2413
1101 2624
114 3237
4617 2313
1519 4250
5093 7235
3119 791
5327 9028
2669 1118
3519 3822
844 8398
8728 2888
6172 5716
1620 8466
661 2114
6798 4427
4029 9458
3446 7459
3501 269
9410 7898
1939 167
8584 5299
5178 9798
8865 4480
1755 6762
8564 1354
1109 7452
5809 6598
1811 8281
5994 6838
4624 6489
7187 6763
7820 6966
2496 5358
1605 2190
9926 2842
7678 6947
7997 534
5921 5383
110 4280
6241 7603
1338 423
1355 2466
3540 8932
8861 1589
6370 3329
736 9329
1634 4471
33 3212
8929 8006
836 884
6550 7322
1759 9359
1358 4743
9649 9701
9853 8293
1869 2394
2784 4731
5982 1393
4502 5665
693 4336
6998 6711
9315 3507
3494 1013
5546 2059
4244 4057
5931 7892
5946 7530
1673 8347
3411 7202
763 8490
8347 7037
8070 1439
3057 4996
5848 4762
9527 5403
8672 6719
700 7494
7091 5984
7346 2464
8552 862
63 8131
3681 1238
4089 759
8108 7803
3357 996
7747 1821
2344 3221
8095 8642
3197 9876
6813 668
253 8018
9217 5274
2941 3223
7516 2406
2223 4506
970 4599
8985 5329
5371 1082
6937 6574
8116 4841
6885 4706
1508 1879
8811 8021
6817 9892
8613 9601
9033 8363
9841 4764
94 375
7216 4987
7812 428
9609 6686
4544 4414
1486 9242
3426 9751
4445 3329
7471 1197
1936 5927
6626 4553
3791 7343
3671 3625
3756 8216
2964 145
8626 6706
6980 1520
9796 5476
698 340
9714 6742
4500 4418
8377 7269
9201 4266
3872 1081
1493 3213
6460 7839
3053 4173
5479 7502
5587 9971
8620 825
2404 5390
8745 7959
1043 6839
2479 1597
4 1324
213 1273
4874 3173
800 824
281 290
6913 3390
3465 9744
1437 2776
2654 8279
2333 2606
4889 7446
7406 670
9720 6788
4226 6938
4407 1840
3330 8790
6074 4612
4598 8589
6522 7609
1252 6446
8560 9671
8551 693
7056 6020
2588 4698
7600 9876
5880 1774
1993 3018
6317 2440
2962 527
6215 7903
692 8066
3932 1902
8061 2989
3934 9182
7185 9522
2998 6610
4288 869
8650 2688
2809 8247
8870 3154
5981 9638
3487 6857
9455 7676
2793 172
1450 9317
156 8583
8693 3470
5437 6505
1141 5780
6795 9647
6323 3514
1240 1718
8091 515
149 7033
1486 7805
1845 6783
9950 6393
3047 4214
4274 8865
9075 3941
8011 3607
1271 197
2899 6191
9562 5884
6713 6319
3186 1755
8207 2648
2706 7121
6101 6520
5769 1457
7555 6074
8844 2281
6254 4104
9129 3833
8540 9674
5228 634
968 3566
7603 956
8336 1921
850 7269
5731 2451
5881 8580
2153 2181
7230 1534
6279 4896
3528 9446
655 6088
80 9621
2166 4605
3779 5858
9204 1852
6920 472
8973 6578
6366 6156
4492 1493
9773 8042
3480 9264
8597 397
7119 1633
3253 4129
1759 4357
8947 111
1847 2747
8274 1260
5997 9009
6932 4432
3153 7514
9290 4295
9434 9031
1097 2851
3573 9333
6291 8833
1562 4101
4883 6012
3976 544
7610 6693
2086 7485
1973 1386
8315 1388
8094 6072
413 2600
6583 6768
2866 3208
5326 7517
9885 249
1844 8722
384 221
6253 673
6919 7876
5943 1193
9691 6217
70 7383
9031 2659
3620 4505
629 2137
1883 3941
6287 2512
6307 5555
6428 2565
512 9828
1236 9273
6036 3282
8469 1429
2254 2792
4718 8801
9887 2008
5765 6538
1896 3445
4519 3662
3831 1074
2563 7036
6135 5750
4211 4030
5833 5637
272 2082
1261 6598
6488 8316
3531 5655
6137 2284
9465 7364
6457 3332
1283 4409
1867 2558
6733 2808
5692 8234
5844 7697
4197 8086
3551 7536
8332 4271
7887 9347
6609 6807
9266 2802
8133 7322
62 3862
2096 6753
3049 1086
8112 3096
8337 5768
2833 6529
5504 8487
9626 9261
6742 9285
9841 2780
5629 375
5783 6160
7932 98
6659 1792
8683 918
9939 9737
1650 2270
3115 714
1042 209
8787 3245
6676 6815
4775 9733
408 6470
6871 466
7874 8964
3042 4579
6750 9836
4855 8625
6859 2142
921 1632
3621 909
4339 6941
7624 2211
5642 4432
886 7794
9996 3673
7449 5492
3708 8399
8688 1683
6940 1874
2909 801
8598 1639
2388 1540
6063 3834
4030 7986
4331 9276
9405 7153
2168 3475
8715 93
7003 7680
7999 6510
8295 6884
1082 4044
3276 3695
4144 1628
8841 6638
6085 5502
5610 4961
5834 2729
5566 7114
9433 879
1897 4639
2948 1201
8054 3640
1189 3530
4884 5720
8422 9917
4028 4151
1370 8093
2128 1820
801 1176
6969 6311
2680 8532
2313 6759
1899 9327
1334 8222
5128 7303
3992 1871
8473 9993
8707 7946
8618 583
1254 8495
3750 1668
7539 7722
2727 7697
1045 4594
7221 13
6490 682
2283 7455
9024 8771
8730 1341
4550 9225
1143 2670
5582 5010
6122 6003
3547 9897
5581 6143
1459 7520
7490 8929
9495 7210
4518 9440
2332 3980
5981 7936
6808 2783
3814 680
7269 8586
6484 8072
6693 9988
4761 3080
3919 4235
8886 9827
6640 4722
6277 5491
4436 1594
9865 4930
9424 3200
3190 65
8909 28
4286 6041
2679 5776
3301 3515
916 2613
6884 3925
7897 6550
9790 5963
5565 7441
6382 4792
9596 3274
8612 1171
8470 3639
4617 6604
8832 5139
6232 1295
2915 5655
3259 5017
4482 1787
6129 5109
9243 4285
5328 4336
2437 1259
7084 2734
5713 5870
6732 4530
3858 451
6182 8550
1346 1679
6551 717
7785 5093
2104 2492
3567 1441
8526 6439
9143 795
8113 7343
4595 256
3261 8468
3798 7075
2362 4507
431 3256
5622 2049
9429 8604
5657 8168
8196 599
8204 4943
7687 8708
5555 4941
2186 961
4433 5210
2305 9944
3158 6760
6758 739
6035 9384
8028 6019
8203 4769
3365 23
9305 6106
6708 9743
5154 2021
3243 9255
9163 6016
9231 1301
2697 9397
7796 3144
5827 2173
306 5243
8471 4435
4300 8960
3085 5933
5150 6149
32 5592
5970 4578
19 7438
622 1735
6353 1359
7882 5486
8346 8343
3566 7796
6978 6147
7946 3236
1463 9140
6530 6135
3553 541
3923 9789
7494 4398
1272 837
2736 5149
2817 4398
1856 1211
3131 5844
8554 7644
4667 8416
1245 4039
2501 6939
3624 5777
3335 9207
5256 9655
5610 7108
7744 2295
439 514
9908 2453
2328 7985
2230 7946
6830 2818
9630 5156
5478 8355
6738 7379
8657 4528
7964 9577
3065 9805
1956 1051
107 8687
5755 9428
7604 3807
50 6197
4320 1782
4708 4222
6247 2487
6541 9672
2678 4656
7252 473
703 5815
358 8084
2138 5788
8093 5568
382 3426
8134 2891
1768 9697
7570 7166
617 871
9409 4229
2573 2868
8223 1276
2758 793
6035 3354
6117 496
2489 5809
9910 6449
6993 3785
5638 9881
2296 2564
3856 3855
3151 922
1075 9029
6678 3056
4990 8569
7928 9792
8559 1960
2303 6042
551 5803
2589 7721
7361 9622
6241 7038
4056 3582
8641 7822
2335 8103
7081 3280
790 5361
9736 344
6708 6349
5905 4257
90 2231
7710 8504
6212 902
53 3512
7327 4281
5570 7854
8458 2628
6158 1931
2674 3158
3043 1733
1557 1746
8689 1013
500 2368
3562 1000
6774 8882
7520 9842
4345 7165
9884 9553
1037 8765
6636 6949
876 643
828 3020
2347 5845
6324 3991
106 4914
565 3021
6531 8660
3668 9348
4602 830
6646 2001
3224 494
2401 9934
7369 7164
734 2187
148 9723
6231 3651
9730 4651
6950 595
3644 6293
1282 7912
6890 5783
6257 8008
6851 9293
1435 4360
1298 7848
7377 6665
6876 8890
1051 3419
6772 5762
1823 2255
8615 4933
5288 7892
1102 6654
4024 6112
5462 8525
1524 2650
1150 4378
9623 8541
5782 349
5483 5532
7510 7756
4245 9017
9797 4650
7595 89
4408 2501
4244 6338
6909 2880
1792 1240
7237 488
6273 3943
7082 4613
310 9997
603 1596
5185 9931
6705 2059
8908 5394
9135 8526
2029 7316
6144 1548
9275 8308
8359 8344
4975 5930
8324 2586
3838 577
7809 4664
6176 2477
6886 9116
361 5751
1093 261
4016 1263
6068 7320
5406 5346
4739 3319
953 4434
84 8372
8072 756
4123 6880
1931 3453
1151 2620
2158 8548
12 2205
1231 1328
8019 7420
8574 9969
7543 5401
6167 7436
7294 8680
9382 8241
5639 5027
7594 1193
9872 5389
7564 6406
6874 5909
8533 9739
8583 3919
7683 2667
3122 1725
2878 2899
3456 6777
5513 3353
8854 3819
2988 5103
6468 6047
9108 3199
7540 1138
7615 6419
7611 5771
3236 3500
2385 4740
6372 3160
7765 9094
439 1330
158 5837
987 1003
2824 8519
204 1767
4371 1678
9210 104
3240 509
4497 2777
8590 5280
5362 9092
3758 531
1599 1445
6438 7489
1024 5732
6509 2770
7927 6089
73 9484
3888 1809
3810 6551
9090 7858
3857 2540
2661 1601
2488 5519
6982 1138
6408 9550
6883 4302
140 8229
4002 7791
2234 1644
3831 5601
4751 2990
6651 5875
7061 5937
6714 4476
5097 6554
1170 5745
2818 5730
9730 8445
5859 4806
1484 8636
6638 8309
5765 6897
9042 3944
8792 7605
1067 5275
5779 145
1598 223
9729 7336
2389 5923
9357 2998
7911 8567
3527 7821
7352 4442
1321 481
476 3307
6676 4228
2975 1789
5095 3186
5517 7035
3754 6752
951 8961
5176 3282
538 833
2510 1593
111 7134
7502 3518
3107 4743
2724 9093
1930 1655
3002 3830
3123 5320
3424 6403
3642 4819
4285 3107
5172 9970
1367 3893
590 5322
8945 3009
1560 8866
7221 4729
9242 8714
4000 5661
7232 7588
9074 5820
8261 1416
3074 8567
4092 5134
5753 801
3518 5910
4684 4126
5247 8637
6463 3356
1804 5191
1312 5399
9170 1003
2721 7888
4938 402
8128 2162
1470 481
1513 8605
2725 3218
8489 8100
215 1935
1453 3355
1773 3375
8864 8674
6477 3644
9852 5072
7911 3788
390 1915
7284 766
9985 4885
7735 4520
450 1041
5322 9769
1521 4897
7708 5064
7550 9150
8748 6730
3246 7280
8427 6898
4067 7979
5493 6612
6581 7151
5062 6778
3202 8784
2001 8174
7384 3857
933 7285
7712 7806
5628 9968
6782 7103
5572 9214
1118 2065
1705 9608
2549 3844
8970 8732
4731 6893
1623 8535
8576 1433
6229 9402
4658 9644
4044 4296
118 42
881 8970
8557 5839
5125 2106
8478 7494
1503 4699
8236 2574
5475 454
580 7685
7592 5189
5049 3077
8820 9216
2342 4757
6193 9731
3730 6700
164 2130
5550 9561
7740 7499
7962 4796
3562 2111
5997 1333
1282 6961
1269 2949
9629 602
6290 2033
8101 6692
1879 1248
9452 4844
3519 9876
9987 9581
7786 7900
9873 565
9728 8998
5332 7864
983 2639
422 9538
8338 3803
2217 6376
4703 4426
7955 7071
240 6704
3709 8986
2 1397
2858 7663
3401 6560
1855 5381
9280 9923
6764 5666
2626 1713
4726 3299
8513 258
4164 6334
9879 2708
5664 3401
8393 9482
552 7611
2343 9298
3894 8273
3835 5582
1152 766
3649 5724
3466 4202
175 9429
1720 6085
3286 3466
4168 8262
2514 5119
4662 5811
9685 5115
1487 4607
2601 4329
74 5891
1319 8616
8121 9792
9358 5357
6158 2737
4251 2413
7324 7319
9985 5361
6078 2447
8381 8966
1787 1797
2757 2105
7314 2646
1737 5408
3713 1318
4852 4933
2727 8639
6115 4023
5627 6006
1084 3741
2834 4762
5056 2647
8292 9294
5857 5070
2965 8917
8151 5769
6127 293
3850 5617
1286 5670
2935 6990
3311 438
1802 9185
9559 3070
9924 4919
4540 5802
3309 8492
2789 3561
854 1920
1889 768
6675 8107
3139 671
4861 9049
2156 2973
4844 5853
1689 1451
867 4691
5829 7966
1378 6914
9816 6907
1591 270
2805 5880
1130 2126
2798 7714
2019 7040
8935 7626
6928 6439
9904 5823
6009 4388
4718 6729
9651 1308
4113 6507
2283 898
7523 3704
6621 8456
8152 9521
7531 2687
9130 7548
9984 4415
6166 9213
8486 963
6315 1667
5196 376
1729 7848
5993 9161
4504 4243
4669 488
3692 4518
7086 4511
4701 8929
9108 5341
7852 5734
8912 3922
6915 7973
6805 9007
8161 718
3221 2534
6613 5330
4982 3129
9907 8955
9912 8480
4881 6198
4803 7223
1546 6902
8354 3311
9085 9578
1960 2471
4483 8843
8208 2373
3130 2281
5735 3955
5718 9983
1529 8512
3568 9890
1972 4134
503 6731
448 3744
3067 9311
1062 3467
4541 4538
8895 7469
6400 8678
7265 3307
4256 8652
6267 8698
5955 6194
244 6970
4703 6163
5708 991
8079 7310
7998 4123
3526 7301
8716 3818
8158 7379
3520 3902
9235 4314
8806 6752
4566 1599
848 6480
1111 8465
6611 6703
8396 3416
9330 6296
4252 3170
2016 5031
5775 5918
4815 6018
6306 7665
629 9580
6675 7980
7281 9790
6315 8726
7617 8717
3056 5852
9540 8512
3190 2239
6447 161
8205 5368
7445 1514
7961 738
1066 4172
2989 9185
7015 8167
8286 4138
2233 842
898 7781
5911 7872
1976 5507
9717 5461
886 3391
708 2384
4363 7748
3618 4215
1182 1990
8051 2806
5746 8110
776 5640
8917 5391
404 4148
7534 5607
3621 292
8023 8813
7245 1873
908 6887
875 7810
5120 1351
5338 729
7168 1957
4247 5189
7334 2611
7919 9505
970 5579
6533 3339
2910 4130
2849 271
6980 7857
7152 7627
2409 7800
5820 7379
7886 3423
6788 7956
8835 4597
3380 6054
6246 6865
7396 5066
4504 3534
3840 5575
6107 7263
8059 8812
1881 8148
9750 3539
51 7237
6567 6914
8249 8170
1418 7782
2687 3378
9952 182
8481 9821
1183 7402
1048 5779
7453 8967
7407 9090
1767 5977
4637 9603
3659 5410
1199 5206
7780 2665
150 7958
2346 7401
8527 8934
6935 2539
6788 1950
6676 6346
3478 2610
514 2077
6344 4276
6871 3865
6175 4341
5888 1503
1061 7704
1083 139
1533 5111
9447 5378
7607 7865
6147 8390
9498 8824
1545 8666
7416 7260
1388 1206
1025 7254
4887 7991
4174 6373
6254 3484
3593 7083
6509 9098
7359 9143
4768 6375
5599 6162
5198 7064
9186 5958
5218 6206
776 1331
8472 3872
6818 4428
7131 6198
5389 7906
6861 2953
4642 5327
9159 1058
1411 4054
5690 8042
7193 834
3420 8598
368 6135
146 7801
2338 6450
2376 8505
5566 2958
1326 8224
8710 9499
3614 9732
4912 3923
416 9925
465 5403
9247 8054
2831 647
3033 5660
2819 1045
8345 7968
5229 7681
8294 6120
5149 1027
4817 3887
8871 9373
4710 1125
7556 284
8515 7438
8371 4014
9890 4383
6154 9545
2266 4950
4288 425
6639 2564
4917 5216
5491 2002
5245 9907
1831 1188
4392 6365
9062 8459
4537 6177
2296 5998
2413 7500
8407 8242
9278 1940
6737 5065
5681 8377
9060 294
614 4742
7527 9844
8716 6325
4374 4900
1799 7027
6551 4866
3217 7216
8713 6055
5339 8541
145 1975
3177 7805
812 8159
5951 8478
4768 9298
5143 6923
8221 4085
6644 7147
3334 648
8422 8723
965 8910
529 7454
8731 8314
5682 6051
6977 4037
4054 8730
160 4888
3108 8409
6865 9657
3532 7546
1635 6971
1304 78
3773 7238
6391 667
8123 9037
2854 9750
3412 6098
6671 2240
1349 5635
5636 8318
9470 5686
5920 8975
9303 7578
1841 5569
9815 1568
5237 997
9746 9590
9081 7999
855 7430
9203 5657
359 1663
9673 1165
7926 8050
9077 5713
9264 121
9141 2185
1473 3619
1940 6848
2237 9802
7364 7457
5416 2806
660 990
2795 4428
4912 5101
3277 6576
6325 512
5298 1288
6067 9305
1760 7607
1588 6649
2110 4185
3154 4076
6071 5360
2364 164
1404 3331
8523 6125
2462 5426
1388 7040
4745 6170
6117 6427
4680 4062
7059 1892
2476 1203
4949 1104
8386 3694
3162 4992
1929 3386
1346 3142
9197 8868
7778 7420
8056 3984
8940 9216
7322 7532
6345 8738
4210 618
61 2768
4120 3782
2766 4186
1208 4372
376 7011
658 8380
8356 7435
7154 4285
3137 67
5112 4068
1058 7291
4749 4412
805 3405
6507 1716
6849 6366
2851 4935
1091 6025
7968 9739
8372 7738
3711 1454
3584 9034
4826 750
3066 7984
9941 194
7885 3439
5609 2542
3006 4878
3270 1911
8291 8057
1906 5246
4097 6196
1884 7835
4172 9276
6663 8376
2311 7752
7948 6804
7983 1345
2468 8483
3931 3300
6921 1874
2540 7403
7464 8078
2527 3451
4628 2285
6006 8130
3643 432
6975 1297
5465 8829
7887 2149
4434 5140
7640 7833
7620 5888
5269 9138
7958 5437
7092 592
4898 7926
337 5632
3961 6950
7515 7813
7495 3031
1239 443
5410 8440
9795 9982
5347 8195
6973 3724
9775 5262
4405 6899
1803 2887
179 6059
321 1085
1790 7941
9337 6172
3320 5956
1840 5085
3085 5942
1372 7499
2375 3524
8945 6299
2381 744
3523 4153
2799 862
5860 7276
1656 4981
1945 109
2110 1145
5223 7077
4721 1978
9078 5266
3774 764
2389 3429
4887 359
284 3403
5525 5544
2184 6227
1674 7412
3705 2497
8989 3942
1400 1399
5222 3023
9590 9188
3570 174
8302 3202
3991 1704
4989 8913
2288 41
7277 754
1659 2796
9684 3790
7440 7344
8836 3252
2300 2533
9386 7640
2906 9328
8193 1616
2113 8614
2974 5944
3499 6324
5135 455
7851 2906
2507 7732
54 253
371 6990
9804 2863
6317 4647
9150 2051
672 4128
7511 1666
9178 8070
6320 9270
9516 4846
8929 7262
471 5021
5615 9580
7368 3733
4472 9224
3121 9299
9583 1070
3917 3427
2498 2671
2732 195
249 9098
8156 7303
5796 865
2266 9984
6132 1180
9267 3589
4971 3176
3302 3753
7073 2562
464 8336
5362 3932
685 8465
3603 928
285 5382
2767 5141
6957 2731
1511 5350
628 2501
730 7197
3592 1093
3721 6214
776 9472
5075 2693
4234 8064
8671 3670
3790 4513
7658 3254
7569 490
1884 7477
2318 6371
8828 6179
9163 9198
2858 8410
8946 5365
2396 1686
3451 1273
8681 2278
8399 216
9546 2390
1699 8746
6488 1175
2102 6696
8109 8685
2281 8937
6063 7299
7372 1106
9915 3326
7987 2729
5563 2179
8505 4360
3127 5874
8526 15
9759 951
5177 3505
3647 6072
2242 2317
2808 2081
1186 7587
1629 2520
5828 1278
3928 1785
891 1174
2007 2164
3957 9536
6986 3719
4799 4067
4345 7065
1174 7570
4152 4142
6148 2644
5836 6497
7069 9555
8176 4273
4966 9699
5054 334
9188 8362
1646 7406
7461 2210
6455 9013
3018 1128
1467 721
297 422
5017 2053
7137 2492
8019 1268
521 8419
3758 9026
4411 8067
5021 4724
7101 4400
8742 3059
778 8849
9050 2386
4799 5368
873 85
3124 3642
3670 2954
9589 5932
9369 8342
6926 9684
1748 7997
8839 5094
4295 1499
7070 400
4431 4828
8847 2459
2456 7117
6284 8924
9597 9535
3362 7031
9117 2816
7112 5559
5674 7397
3797 7222
3411 4262
5717 694
8455 8311
2498 3397
5055 2449
6791 9186
1246 4891
9190 7142
8872 1806
4436 6341
609 3313
5705 712
9131 4707
1003 8973
9064 5584
2107 7614
8542 5939
469 6854
5339 6685
8819 608
5928 2362
7900 9564
9727 7212
6383 3737
3958 8074
4378 2951
7934 6729
2469 5407
8406 4762
7858 7372
7197 5350
2427 118
1801 9400
4681 7141
6313 2071
1736 4676
5046 5522
4768 429
3527 7501
8764 9605
2013 7127
1389 480
2785 6743
9069 5495
7 545
6509 7855
6130 4939
2358 4342
976 9344
5158 3587
6763 4731
7692 6841
1744 6546
214 7661
4418 5597
5106 4838
7939 7855
4553 1631
9577 3906
2294 359
969 6434
9609 4806
2048 3580
1948 4754
6128 6793
4048 2329
5686 6095
394 1775
4685 9860
8933 3055
3443 7476
8109 6149
6636 9361
8353 5927
438 7949
9589 2497
7739 8736
3515 3012
2767 9378
5153 3026
4005 7161
1621 765
9871 2109
5797 2971
3703 8611
3011 6341
7184 6958
5673 6963
2017 9399
8550 6964
5149 1148
777 6927
8016 3575
441 6889
6402 6411
1533 2683
4000 7179
3470 331
439 2596
6077 592
1895 7121
7207 4190
7254 3981
1887 5002
3949 1888
3504 5936
8997 8161
1907 2478
5425 1460
5801 9652
3289 874
2066 4494
2621 4547
6317 8468
3030 6280
7617 9339
3733 4812
7224 7714
1510 4343
7990 7823
4894 7860
1969 2414
1436 3683
6339 9102
9122 3538
6586 7309
3272 1021
2627 3570
6715 3809
9023 1295
6002 2829
6397 3864
1285 9588
8469 3811
6955 8838
3352 3739
9435 1890
8651 5466
1168 7443
4440 9450
3379 4753
2669 1550
5303 9326
6482 8422
2019 6847
8223 5471
525 7605
2627 9549
6780 1826
5675 1081
6772 4296
5608 7115
8424 4013
3089 8853
7239 5732
6692 3624
2041 9250
6800 2582
1995 251
5052 6561
4299 8415
9660 5939
3903 8600
9706 1842
1070 2334
1609 9786
5846 8659
4038 5052
3093 213
9040 8101
3122 2352
6169 9610
8641 3025
6317 3949
6440 4464
4006 6006
2026 392
5638 2438
1113 4122
4242 2931
6689 6421
5798 2586
5687 8201
9384 9367
6522 4207
1593 2716
5481 407
3867 7585
9880 6458
781 4672
8728 962
9638 9848
4625 5662
231 7415
3378 1432
7867 7243
3591 2579
16 2257
3047 293
3368 8129
377 8751
9082 9677
5556 8873
6767 257
50 3320
2885 2834
1058 4452
9501 5660
4671 7543
4902 2963
1055 7297
8398 5799
2014 9515
1762 7431
687 8379
5750 4046
6553 6401
1751 2506
1756 7571
7474 4180
9781 9212
8118 7642
8706 7348
8033 7884
5436 1718
2204 6502
8051 4814
4576 7505
7302 7887
1624 4684
8799 872
3836 2907
924 9817
8001 58
806 3062
3267 2857
8184 528
3937 4394
1495 3606
760 57
6127 4477
8787 2861
9547 7305
1563 9476
2399 9377
9261 3013
1927 2623
2004 308
9111 2278
5242 2036
3597 9601
8054 9676
327 1123
6909 2915
5090 1022
4387 4004
9952 9142
6110 7827
9307 4266
2970 2214
2005 8798
2561 4265
9625 6251
1645 4768
4967 8747
7928 4714
9667 8425
3904 3534
8709 1035
2431 4441
7491 4552
826 133
2129 1110
6218 2946
4222 1272
405 4612
8773 4820
6159 4010
1075 3986
1769 2971
4263 9408
1016 5835
8690 1417
971 2175
7876 3598
2758 8522
3550 8734
1729 8003
7965 5991
2008 1013
9444 7003
3633 2152
5374 9241
6011 2746
3294 9742
52 6324
255 712
2331 8036
7574 6952
3365 8199
813 9228
5122 7057
4392 6830
3268 637
8055 8796
1530 9950
5510 8606
4438 8003
268 4936
1035 816
9201 5680
2525 7236
3860 516
652 9335
7925 5836
254 8053
7953 3927
7304 7711
3241 4153
8141 8048
9793 5009
3573 8041
7811 9124
1070 9828
3353 256
800 6567
7073 637
4797 9397
1146 3768
8711 4521
875 7230
934 698
1798 7105
5746 8801
2774 8730
890 8595
5562 8530
7041 5527
9559 852
6267 6739
6813 9245
8329 3972
2867 7184
1939 9796
1316 6920
617 8321
4957 272
2390 2163
693 7001
3688 8745
5900 6232
6157 957
8274 8655
1936 937
8307 2438
834 2627
2388 32
5118 4264
8635 1
2583 1451
5592 8092
3891 9084
2030 5152
9877 9113
2944 4294
2241 9137
5070 2564
4347 9704
7712 2739
6622 6640
6478 2709
5534 8728
8118 7227
95 4577
556 7975
7754 8417
4224 9831
7682 4694
64 9291
9357 8639
5539 9614
1524 4454
5586 6070
2194 676
2868 7680
7409 1746
8699 2845
3953 2292
9300 840
2762 4074
983 5401
4698 9265
3650 4232
2189 7872
6022 2035
6491 5616
3262 122
4742 5129
9646 5894
231 5123
4459 6580
3698 2557
8862 5594
435 9080
3372 2413
8062 8153
6161 7004
3284 1198
7367 206
9142 3810
782 3298
9738 9422
4766 5849
8612 3710
5886 47
1916 2787
9300 9780
56 9551
3419 2385
4246 6601
3223 8384
669 5021
3544 6032
1444 1365
7460 7900
4911 2990
2576 8052
4464 3965
7679 6165
2985 1422
6968 2765
564 9763
5392 264
9198 4897
5340 4237
399 7170
4221 9957
8588 3382
6950 4455
3787 4361
157 6686
6780 8805
3553 2673
1452 9501
4891 5804
5874 1715
9346 5315
1577 9621
7272 9682
3535 3314
2169 4793
728 6485
139 9268
1300 4041
7175 2244
723 7721
4399 9352
6896 225
5581 7879
4866 3933
5626 8106
5584 5179
3760 5752
7931 3989
1019 7121
8462 9954
131 5029
1145 7630
5932 6744
9737 9815
2961 7385
4722 819
1067 3187
3847 2337
6474 2895
7661 20
9448 7498
1165 2372
5450 1638
5096 6558
7424 7012
7366 3898
7892 2447
5816 7920
9141 7565
8760 7250
7494 301
7029 7425
5854 5359
9325 5989
5580 5399
7864 9635
6635 2905
9035 5241
7148 7222
8746 3147
7475 2673
784 671
1696 222
7358 2979
4345 4173
9587 1859
6780 6577
9402 8212
3381 6970
7298 5083
336 4647
9185 6922
3426 43
801 2936
816 3651
615 8958
5914 5712
4257 6152
2116 8977
8609 3784
8826 8483
6650 5424
2456 2817
741 2903
3 3582
2686 4646
9484 3718
1714 7788
7217 6415
1673 9629
4135 2318
7407 2452
76 7314
4995 3295
811 3806
8942 3707
4423 760
2273 8722
6624 5047
9842 4012
6285 9876
9729 3464
2456 8646
4722 1364
5986 5766
7315 9555
9549 264
6180 6475
8396 385
2361 1637
3693 1950
2249 931
7623 388
2735 377
1401 4910
2409 8580
4393 2740
3752 9272
4229 4237
9668 48
4925 8968
2631 1292
7669 8780
5151 7309
2682 2693
1106 7425
9670 9859
917 9110
633 5423
8564 37
3167 9043
5717 1297
8577 5124
7790 1964
6216 2695
622 3226
9486 3283
9851 9015
631 9206
1119 2098
244 9270
5742 6928
1864 9923
2778 3012
4691 5815
1469 6771
1002 1890
5050 7248
6508 7713
9112 8547
2141 5206
5538 5516
3112 700
1693 6053
1641 7350
7426 2414
5702 7795
313 4509
4163 1352
237 2657
1347 4249
1670 1385
9698 7575
7416 5803
719 1446
9846 2528
3926 3221
772 1755
7882 8892
1236 7141
9413 9151
8300 8827
3485 5803
6582 3559
5103 3016
5160 5019
4632 3242
4022 7036
9752 5683
1455 726
4136 5398
5317 4634
6170 3458
8298 482
8246 2329
3076 7843
1869 1297
5322 9215
5984 6892
8325 7024
9912 9714
4716 8880
5609 9016
2058 1277
236 9444
3019 6343
3352 9096
7296 3203
6 5733
4299 7791
768 792
8210 9325
6652 4447
6788 6904
6074 7954
8450 3340
9768 8270
7960 8437
6743 2150
2992 9385
6939 5643
7093 3587
2011 6593
2964 6642
7942 279
7099 4108
4673 9282
6718 4293
4052 4789
1994 3124
6726 1817
3453 8460
9020 2543
8815 7295
5534 5602
5909 8958
3917 5107
355 6314
1740 5085
8907 5654
1220 5224
102 4916
9324 8633
8922 1658
490 5883
9638 6211
8999 1284
1655 7259
5904 3012
9915 3347
4204 2269
3972 2252
2961 2910
8852 3696
3351 8966
3603 6572
2253 2957
9952 8246
2913 6671
3021 5439
2309 411
9634 2099
4702 6883
5261 8248
2739 9490
4219 7013
4857 1384
8385 5260
2979 2132
610 9500
5969 6368
1098 3587
7751 2822
3839 7249
9315 5498
4056 9625
41 6649
8653 7953
5999 135
7038 7113
2345 8520
7959 8126
9352 5866
4113 732
4653 7150
7617 2119
1992 3687
3724 7687
805 5025
5007 8905
5052 547
6532 8703
448 4923
8264 7505
8662 7696
5671 724
539 4994
3341 4187
9972 6421
8099 1902
5812 8416
9202 8391
2178 470
47 3990
6559 4243
9023 322
9839 1547
7666 9737
6876 8123
2311 4351
5839 5527
6838 3649
715 4174
505 8896
9703 5309
3881 8959
6576 8183
5869 2916
7559 2534
1589 7643
9439 5149
7271 9222
7556 5374
3772 7636
2212 8804
6832 8658
4814 5576
5908 5744
9301 2419
2306 800
449 3469
1906 2491
6340 4325
2123 127
4384 6155
1222 1193
1509 1270
7993 6881
4612 5175
6759 8669
6012 7113
6316 6078
1745 3765
9088 5926
4239 2606
3429 1278
941 7815
8617 2326
3426 4047
4665 3320
7152 305
9720 7028
2074 1065
8373 7527
4650 2911
9849 7097
500 78
1780 6048
5830 5203
4960 2514
5524 4175
3218 1032
3813 6405
283 1434
8495 3044
8885 3818
1737 9458
5958 6539
369 3356
9986 7784
9153 9697
7909 765
5617 9393
8837 5386
6974 1417
7013 8938
6641 1786
7165 426
6703 4570
3852 3718
1447 5310
3281 9741
5860 5924
7572 5914
4851 1491
2430 2568
5177 4346
7153 1443
1532 1962
9201 6606
2555 3118
6538 1866
4712 4510
9309 1596
2276 7341
8089 6262
5842 9721
486 8842
1518 1406
6555 1371
364 3486
3219 6116
3300 3868
6052 3477
4883 4615
7437 8394
1157 4922
5726 5715
2041 9240
3803 4474
1923 7645
6626 3633
5750 7228
8458 2871
5985 1697
5039 4600
5638 4908
9574 2342
5692 879
9965 7916
9295 8528
3602 5876
7243 5908
8410 3963
5988 7052
146 9712
4056 1496
4140 1687
1289 5198
6491 9713
3569 1253
2202 8296
4567 9542
1795 323
6499 867
7291 9897
1432 3436
5712 8689
6483 5089
4321 2976
9220 8601
5051 4072
4420 367
2628 5567
1142 3587
2193 9488
3953 7419
115 5334
5387 567
2237 4136
4780 6625
4203 7661
3257 5300
2835 773
633 7634
2322 5376
4680 3535
2879 9016
1942 5913
9317 8231
6347 5701
7083 4135
5926 6846
7583 4086
2018 2746
4250 3726
2356 7171
6214 6390
2566 6219
1221 5009
9157 8854
6062 3522
440 1532
9147 3611
4536 6804
8378 6252
9107 5580
220 3537
7566 5073
8022 5150
5511 8412
7616 1041
6860 6992
7478 6309
9823 1101
2340 8477
3248 3884
601 4018
9754 4736
833 2289
2569 4956
2052 3405
2489 7824
4016 6380
147 1701
1865 9708
8371 3009
5195 7931
4884 6232
4877 158
5985 7714
7476 1313
3392 6061
4265 453
5707 8
232 3567
5951 5048
9858 8879
9197 7155
7735 651
5257 3071
3176 6427
5267 7046
1211 5786
2052 7509
7335 8204
3239 849
7339 9126
7288 8326
7148 6215
3927 7581
5625 6543
3690 854
5385 7662
3608 2699
5502 9323
1407 6722
9824 5231
1612 4246
5152 9967
7355 6344
4304 2076
2902 8648
2434 6988
2300 4233
3514 9554
6275 5359
4666 7007
6649 7492
5283 817
1107 2333
1821 2600
3817 5968
9608 7018
3463 4382
9729 2872
7705 8979
5825 154
4475 7430
8283 4619
4815 1711
4131 2984
2985 4539
9480 5989
2146 4417
6380 6988
5790 7160
4211 4746
4136 8797
2201 5743
9850 5235
7950 2026
7772 4391
4453 9811
2145 200
2820 7444
1740 3885
7157 9754
7470 9681
9916 1611
6338 8782
8206 2508
9755 8143
2515 8618
1665 6213
1888 4524
8069 3483
1829 2862
6964 6431
3146 7068
3079 4340
4650 2560
4259 6789
5760 8382
3492 1060
635 7537
5282 2917
2040 1685
2276 8667
4841 7589
7562 4119
7917 7275
1475 6332
6545 6544
7181 5939
5487 1542
3376 2826
2723 7518
8779 8714
5231 25
3361 7575
7469 7191
909 5171
2248 6132
2214 1810
9068 7475
6935 3947
4686 1396
3041 6191
1124 5523
677 5380
8766 449
3711 9091
4771 8971
62 1345
5591 707
718 903
398 9815
7413 5181
8773 3133
3286 7101
8107 7476
8816 7965
3343 7453
9437 8525
7529 5935
3772 4450
8448 9565
7194 7561
2179 5331
6280 1864
8866 4195
3790 5039
1366 2751
5276 4759
7710 1579
9817 381
9083 1607
5740 9322
6369 7226
1889 5971
1888 2636
7005 6814
6810 8286
6866 9114
5755 6310
5269 9638
3362 8160
3400 311
3102 4465
5281 568
2225 2773
4460 9888
4347 6798
598 630
7656 4697
4641 8489
6159 5649
1155 3455
4220 5287
4927 229
4800 8158
4153 4387
8657 6005
8837 5408
2900 7771
6648 1848
8211 8252
7482 747
7613 8729
1512 3302
6314 2098
7125 6551
8441 1613
9485 6969
5787 5031
9922 5063
4593 5326
2310 4356
77 1099
8700 2581
7264 7155
2221 6103
697 7447
8041 8309
4726 6124
6341 545
9735 1736
8343 2877
5750 8732
3548 2060
9004 853
7918 7883
9774 4179
8508 288
9718 1550
4171 6061
9571 248
1159 9759
1974 7224
9103 2356
4325 2916
8937 3235
1567 1610
6138 1122
6602 7261
1113 302
1161 5713
2745 3692
4365 6245
1707 5174
6156 8850
6811 4395
2529 6500
767 4536
951 1787
1528 7496
4555 2511
7303 6207
7050 6320
896 5440
5469 6304
2682 7383
7941 4550
3483 9360
910 5916
591 9654
9766 5386
1001 798
1619 8518
588 1493
9948 5175
186 8612
4397 9063
6153 3367
3275 3172
424 505
4193 4722
9124 453
1227 1481
3312 5405
9248 4425
8812 9022
1705 1431
2473 326
7479 8083
3754 6490
450 7688
4896 4955
8531 1866
6264 1436
4772 5110
7980 9562
794 3688
6441 8225
5832 1449
1365 6109
7155 5576
3804 1681
6963 9442
6692 5663
496 481
9217 7477
8034 833
1862 3338
6868 4166
5225 914
5102 6929
9573 2217
5931 6150
9054 3818
8664 1335
8865 8263
2991 226
7742 3987
2517 9405
2879 8571
8965 8619
6506 2047
6352 5741
4352 3066
2208 2102
3294 6878
1902 8775
6943 3000
3283 1099
5751 480
61 2374
2073 5232
8132 6734
427 8042
6422 1008
2432 5485
3653 4899
3197 8836
5406 9751
8773 790
1897 349
9296 7323
1662 4379
147 7695
5067 5391
6134 1747
1191 3185
172 3954
7856 9646
4079 5681
6222 8811
5788 7668
1037 1394
7219 9201
7908 4809
8313 553
2792 9000
9101 9195
8538 5319
7829 6521
7483 9982
5211 7582
8956 9714
3388 5553
7577 6037
6852 5696
925 1237
6560 1279
173 487
3942 1328
1907 7132
570 1405
8906 8351
5636 6138
9863 9377
8573 6026
8743 9143
8915 3081
4041 1996
3346 869
8265 1707
3886 3854
7263 7120
3522 6614
82 7327
8515 7470
4171 5484
5908 7520
7523 7882
884 351
4375 6538
1372 282
5537 5774
1915 2690
1146 326
7661 2620
3195 2034
7417 7804
4800 2284
1464 6041
3541 8579
7751 6290
5499 2894
8501 1922
6418 1742
2028 8687
5749 7313
3430 7367
8007 7091
2841 1692
3976 2003
5997 7753
7867 7278
1872 2330
1365 6493
4690 8887
5923 9832
8580 5230
520 5698
6272 8217
4313 1190
8287 2013
3425 9760
1126 713
5148 1350
5564 849
2207 2983
3420 4833
5398 6896
7763 6740
6870 2106
3875 5374
1775 7797
2807 9183
5220 8603
1766 8065
8625 1413
1827 2531
1695 2738
107 5891
2013 6096
9444 4123
8250 4777
320 7411
7090 1134
7521 862
3799 9006
7387 316
2000 7694
6579 7418
7682 5039
4647 7596
2753 2422
8014 8476
6172 7963
1762 9353
4563 8974
185 6573
7094 9104
2515 6378
2540 5545
3943 6704
4629 7844
8634 2841
9983 9494
9153 7496
1832 3977
9946 5329
1303 1248
5506 6431
9328 6249
6582 8404
9395 8170
779 9245
1219 5012
4801 9012
639 6625
947 2209
9928 1989
8257 7159
2685 1419
7395 6207
146 8193
9320 6918
901 6174
4265 7982
2389 8692
5494 8788
8284 4130
136 4998
6362 6965
4893 994
7403 5379
2178 2226
7498 9050
4393 4875
9949 1374
6461 1964
6577 6250
6953 8524
8197 2070
6807 8608
6888 2537
6259 2532
8082 4990
696 620
6565 1515
5742 2701
9336 8508
6274 6529
8057 9254
3825 8886
527 2006
2301 99
799 7791
3110 3827
2844 5203
5084 659
5077 2201
3044 3238
8851 4216
4373 1328
4117 9206
316 4893
1231 9388
4076 2856
8300 4964
4529 2422
2274 7853
1381 8703
7713 5261
557 3995
8203 1393
8603 4357
825 6856
210 2172
3247 907
6461 2753
9610 809
2230 8848
6927 1928
9462 5917
2242 8304
2563 8346
1902 2150
1375 645
3446 9140
68 9488
8273 6587
7799 6350
5160 4462
9675 6236
1762 1252
4578 6702
2306 5092
7877 3502
5312 3614
9730 4854
8633 5217
1201 1969
9040 9457
6701 2547
3135 4404
4756 5886
2809 6882
1139 9039
3719 8718
1815 1515
3105 947
1739 7288
3784 4368
809 7436
9913 7227
9623 4994
6137 7312
1122 6381
3448 3129
3439 5452
7911 9791
7873 5387
3403 2927
2704 6632
3596 6323
3805 858
6729 3701
7373 4712
7601 9365
2323 3710
1232 1657
1046 7949
5457 7863
7893 7940
1710 1543
5092 125
9787 9220
552 9396
8217 5202
3117 9294
1938 8944
1043 8984
6689 9474
1322 4340
1650 6891
3650 3068
8192 4810
4289 4313
8767 5753
6521 7395
4017 3601
2906 950
3433 9414
5456 3211
8705 4659
1069 5156
1763 1749
5101 1830
9857 6381
9949 6852
815 6703
4900 1467
7666 9536
2538 7546
6378 2494
6773 8430
1735 9974
8223 4125
6882 600
9487 3894
1200 7853
6873 1477
1015 3878
9159 3607
6972 4710
8147 4822
5693 4748
9921 5721
9748 5497
4318 1411
1771 8428
4284 1706
6757 6800
4579 1782
1090 2282
7709 2590
5508 7333
5229 2103
5220 1890
6083 8647
2960 6345
9845 398
8264 9240
137 4368
5528 4839
6309 4935
2347 8506
4247 6895
4987 6225
4629 3478
822 3266
5476 2948
7546 8175
3699 4182
5206 8215
1540 8630
1929 7039
3280 7374
1573 8168
1406 5942
8049 6657
1544 2030
9519 3852
7238 4829
1832 6029
4794 9858
4124 661
2355 5071
1625 2093
1733 2553
4236 1147
7493 4554
9974 8065
1068 7693
6449 7552
7025 9965
1424 5401
3743 7195
8663 9694
1973 365
7680 9544
4757 9922
2475 2550
8065 1207
1390 5821
6875 4139
4156 9958
8933 3871
9308 3917
446 8178
2083 5349
5519 8057
6356 6895
9531 1583
3194 1871
5374 8859
1750 9001
7452 9168
2012 8497
868 3525
1396 5027
690 2153
2458 5967
7976 1664
4322 1704
8037 6789
6222 2228
6683 1218
5840 6702
9911 3254
8353 2034
6538 709
6577 657
2419 4349
7733 9364
9944 4805
7686 1472
5529 8978
8808 8352
3350 8431
474 4857
4606 7245
7818 7231
147 3509
4671 1446
8965 4913
3753 5656
7425 5209
9861 8486
3638 464
5811 3387
8534 3849
5799 6684
5164 6827
1882 7005
567 471
324 4236
8355 5450
2509 32
3063 4154
2541 9973
991 3038
3839 4598
9946 1034
4165 9094
124 3501
2690 2504
3052 5725
58 9339
4390 7849
239 6723
2878 8266
7092 3677
5620 604
9982 9812
4728 4670
4672 5156
4551 5554
7943 4571
8352 6213
4565 5505
4393 9315
4895 3187
9976 4470
5018 2919
5614 368
7424 3054
587 9935
4557 7667
7633 354
1738 6016
241 831
4742 8335
8310 6275
5499 3351
1653 8173
277 5422
5616 2535
2914 6375
8081 6674
242 5109
4905 3428
8476 3272
4880 5415
9556 5040
8982 5668
7116 5808
4401 1600
3831 2760
7971 8029
2981 9709
2203 5143
2008 9872
3678 2124
4151 3096
3597 258
7258 9396
6373 7938
625 9424
3090 9850
6092 5170
9019 4947
2424 4146
1244 3828
7251 5150
3664 6564
7297 2548
5020 2524
9247 3723
3780 7973
4957 7542
8411 8599
6675 6975
4333 1092
5169 891
7632 7604
3845 7894
4227 7747
1243 7989
6165 6943
7602 4562
9188 1046
226 572
532 1912
9428 2959
3850 4942
9775 3488
1393 2956
5174 9696
6090 7937
2199 8509
1568 1684
3690 40
9349 3212
6226 6527
8253 4768
8909 3542
4843 9427
186 3588
4226 8853
1609 3999
1395 7489
5772 3534
5153 3357
6177 2967
5672 6133
4045 7725
1449 2975
7499 6111
1924 6834
7497 1192
7848 3428
6109 2128
786 6502
6176 9421
1471 4715
6268 9599
6284 2088
2701 3352
771 1971
5778 632
1281 1233
446 8191
1287 2292
1396 8354
1825 5137
7770 4820
1641 4803
419 8915
7676 718
912 6795
2558 9867
4403 4273
9575 9709
6951 8770
1392 9568
710 4066
1054 5162
4739 7186
6590 5196
2921 2818
6802 4571
5689 6718
9868 6234
5373 2776
3097 3864
4816 2991
9919 4253
2300 8713
7213 1089
3654 2928
5127 1771
2208 1686
1400 1115
362 3558
9263 8104
9333 875
2269 3480
8782 4909
7511 1298
144 155
6917 436
9334 7554
3049 2726
4498 1689
9891 273
5778 5923
1941 6364
1772 1316
2682 9409
4187 6606
4042 1726
2477 7576
7760 4991
9403 5646
6197 4020
4137 303
4615 611
4287 4478
409 2703
769 1778
9730 165
8992 750
9319 8240
5436 722
7745 2758
578 1981
5972 4207
509 4556
4785 2786
728 1313
3306 2348
6782 1309
2888 7956
7402 6466
1215 8274
5143 3137
5527 433
2791 2376
9561 8165
6864 571
5155 2628
7046 8387
9727 353
6756 3029
114 7450
8954 7200
1259 8144
2484 7007
1734 7088
5341 4178
2036 2391
3192 9925
9365 8226
4728 660
2691 5983
7593 9753
9475 9340
5540 8980
6531 6765
3094 3269
9749 7246
6086 6749
1795 1451
8037 2867
6947 7367
9615 5771
8032 918
1063 265
6403 6703
9742 4558
3510 817
8752 6842
934 5791
4176 7403
4211 3447
6575 9327
4117 3556
8341 6635
8212 4209
200 3333
8284 1007
870 941
674 9505
5902 2179
5754 7723
4359 6383
5877 7767
1077 7754
6070 39
5395 3538
3455 8137
8105 8986
2603 4402
3675 75
103 9644
7985 2445
6452 8864
4654 8599
8429 4152
1682 5637
6360 8478
6205 9056
9438 5174
2111 7972
4077 2972
8972 8235
7245 2463
6888 5688
1555 4340
1677 1141
4825 471
1641 7409
2969 5194
6067 4881
4260 4806
9723 1353
9840 6330
3398 3832
5466 1584
1247 2312
9936 9995
8185 8819
8085 7535
5865 6885
4083 146
1672 6792
4099 8996
1992 2820
1205 661
2322 5998
7718 7884
3985 6836
389 7457
8404 1289
9778 9861
4896 4631
4761 6900
2391 8420
1258 5330
5741 248
5604 2038
3130 6278
860 6433
3808 2757
6420 204
3313 7702
4147 8302
2922 664
8537 4072
494 4303
772 2551
5591 3206
4318 2978
998 7745
3322 316
4591 8146
1275 4552
6668 407
7342 4847
5558 774
2804 2979
7694 7870
9220 7874
4752 2123
3057 8484
9638 4068
385 543
4430 4802
925 5536
7570 3309
3359 6518
1577 7456
3963 6642
9787 8224
633 9071
2189 980
814 2344
5664 2895
6530 774
8345 7209
1088 5961
2647 13
9820 4535
7004 1722
9191 6815
5912 8307
1438 3068
2147 7672
2379 5403
4109 491
5528 1259
1496 6355
7262 9686
7512 6263
8825 4591
7504 2759
9457 3751
3483 6609
6603 3003
6745 1478
3081 5505
9598 2994
6498 6996
366 5502
5367 8457
8739 1982
6396 1636
9618 2096
1811 7996
2561 2858
6873 9636
904 9237
1179 9263
7376 8059
6571 5596
9111 9495
9072 48
216 2175
7018 6634
3794 3908
6244 5853
2002 2
6630 1584
8815 778
4380 145
447 2204
6007 8843
9171 4070
5475 1362
5871 4122
6373 7023
1535 1093
8704 3209
4903 5253
5646 5390
1461 1819
3499 7108
3243 4901
1425 4186
6597 3217
8520 6619
6527 7911
8956 4504
8118 8509
5265 2664
8270 9569
5432 2323
1936 276
7076 7662
2930 728
662 1700
3602 6950
8911 3020
4151 9058
7188 1476
3605 5757
1132 2466
2800 8278
9350 4183
1194 5746
7077 7122
2562 7226
8563 1096
2825 8881
6288 3116
7801 5448
2131 6448
3978 1644
7468 3331
7828 4094
2148 7871
6484 1187
7036 4770
1719 984
2652 4255
1005 7508
2632 6697
7287 9030
8167 4667
9199 7972
1491 502
1977 8037
777 7482
6585 5585
2208 9371
1529 6524
2180 539
7069 1257
1786 9139
7270 4397
9746 5344
8907 5261
4007 200
1474 3860
9532 4303
1633 3725
8800 6833
6619 8734
9012 2399
4784 1214
7960 2109
7061 863
2085 5889
3757 7109
5133 6834
9389 4983
3120 728
1072 2675
9842 1743
7840 8998
4795 382
1802 5011
4811 7664
8842 3741
7385 7524
5839 4827
1603 9568
2390 3771
9808 8878
1253 7667
5069 396
5380 4079
2233 2903
4054 7325
8239 6246
2457 9381
3330 6886
3704 7419
9194 1149
3408 2272
9782 4289
5628 6902
2565 1357
9261 7681
8957 3394
4978 757
1127 6660
5801 6837
952 3682
2740 5388
7659 9934
8375 4361
72 5294
5851 7204
4251 1995
7945 4027
7633 3673
2310 5534
9678 2721
716 6108
3651 9497
8889 4073
4539 8337
2519 4562
6119 2891
5665 928
2828 3360
4378 8802
1879 2193
4801 454
7097 701
5594 7784
8927 2539
5652 8585
849 5034
2612 7410
8999 1318
8491 6276
4336 6076
1585 2815
42 9771
6015 3627
8426 2098
7737 7640
8526 7644
5807 6119
8000 5750
2759 5756
2419 9611
861 2635
7901 3403
3969 4475
9463 1400
2331 6875
7217 6076
4373 3193
4448 9979
5050 7777
6594 481
1640 9943
4139 9764
9515 6680
1514 9512
9460 9582
4954 8038
7862 1917
4693 4697
228 7380
8538 9169
7852 2623
4119 6274
414 705
1033 7952
3071 5061
1224 3850
9765 8852
7904 689
6679 7931
7313 7004
6358 3462
3086 6449
5595 5666
9523 4344
4892 9269
9537 4073
1692 8120
9581 212
7240 8264
418 8699
5718 6968
2925 4317
9076 2297
3905 4520
4205 176
162 6365
2865 5352
2617 8441
3308 9435
6222 3763
479 8083
679 3071
9363 835
7106 3634
6182 3227
5481 7404
1984 398
4609 8071
3656 5050
8750 123
8960 2133
3370 8900
9753 9148
1383 2801
867 4226
2433 8594
87 963
1194 698
8360 2620
7273 4370
7100 484
5901 1950
7519 4040
2451 3126
1584 6526
5165 4764
933 2190
2635 499
3612 4547
3956 4156
5300 9985
3846 83
802 1898
2814 6617
9061 849
3468 3660
946 5392
3922 2719
7115 1910
9144 8908
1675 6335
9825 5100
8119 393
140 4501
3553 2630
8648 3793
3728 3273
251 253
4697 7111
9308 3991
6436 5145
4488 9186
2089 8298
4735 7637
3844 1991
4656 4972
1426 4771
8369 3039
5551 3140
1198 6872
8893 4825
9592 6816
9834 4789
1405 6244
6782 6699
8175 8013
2670 5514
2583 7341
7562 4952
8403 306
680 742
3064 7400
8686 6059
9184 6688
510 9281
6812 8476
2030 1219
6175 6291
3429 11
6700 4402
4297 8981
3014 3169
7148 7012
211 3000
7119 7178
3557 5035
1144 9961
5289 1544
7763 1859
696 436
6305 9513
4539 6910
1255 4745
5879 8697
1306 3465
9258 3292
8500 8623
6844 6283
9513 2980
6067 101
9111 1294
5509 6889
4730 6343
7830 6596
5071 5128
2854 3590
2853 9757
3752 2052
7623 3638
8997 9089
4166 555
5096 2811
8768 8307
9712 8079
1965 7105
334 7107
7071 6896
2440 1614
1039 884
1516 8110
9994 1492
4324 9266
291 5911
8843 668
4187 1214
3487 8993
9989 8851
3318 8429
9100 7167
9980 3791
6084 4729
4772 5892
8334 1520
9755 8808
8021 5709
3617 2468
5332 6590
3090 2555
3644 7049
7534 3984
2096 8581
5804 1382
2886 434
8113 2614
8980 981
2535 2079
7257 3250
6758 731
3818 5522
8830 3326
5067 7314
1529 8303
7908 5643
3700 476
3663 2817
3902 2862
3220 2347
3668 1552
6794 5456
6750 9507
4073 9955
413 6627
701 2455
9868 1651
7127 3747
9170 2591
8516 4545
970 3087
8283 4645
646 6589
6597 4143
3754 5397
2015 4064
5699 7940
4803 2837
4871 8788
4691 3491
6474 981
2177 4584
3497 9781
6139 7438
1807 8908
8216 6295
3045 2574
3742 2200
4469 4073
2891 4792
926 9130
6763 1642
4217 1897
5654 8561
8214 1958
1095 7807
2248 5890
2293 307
8031 5024
8639 5419
118 1210
9633 9237
5766 2896
5043 7929
5900 1277
288 9790
8272 6937
945 2085
3603 710
6836 600
2860 1436
1613 1605
2769 6960
3360 5896
5966 2636
7321 6551
589 3182
5151 1225
733 2469
7456 6933
4700 4363
8088 5728
6907 3755
483 6728
409 5438
6137 7129
5877 2939
3142 8999
9906 1120
5055 6821
1195 5831
6873 755
8031 3801
4596 6815
6880 9024
1558 8540
5275 656
5933 2608
259 6840
7953 6737
9173 1896
9177 897
2518 3194
7111 3165
382 8643
184 1654
3549 3390
1641 7326
3522 3180
4368 1804
3059 6712
4860 8787
1606 8862
201 9439
5410 3746
3509 1379
3412 5684
2065 3316
1018 3095
1014 7222
4309 8456
6220 3321
9650 3951
3816 2730
9594 4851
9352 401
7201 7306
3232 7541
4125 6599
3864 9913
6192 5174
87 8157
295 8034
8990 9241
4948 7578
1770 1759
2928 6857
2087 3345
6522 9777
3912 7481
307 9313
5007 8356
913 3096
6466 6190
7256 9521
5602 7277
6889 4091
3075 5822
7636 9987
3873 4644
8307 6823
1560 3493
1241 4593
8731 1162
1254 156
9427 3723
8356 8938
8231 22
7577 24
4290 9765
7700 184
236 6400
897 5480
9246 3714
175 8365
2516 4772
5575 3940
612 9856
6932 740
1526 8949
7223 1876
5321 4523
1184 6541
7671 8083
1755 1740
3157 3147
75 8456
3035 4994
8716 1291
2943 1151
5964 5659
6 7416
7195 4013
633 1765
4319 9128
1371 1857
5736 5783
3479 6014
2544 6712
300 8121
2488 8969
2513 6108
9283 8137
4664 3798
4198 7360
4466 6862
9965 4319
6090 549
2876 5285
1270 322
6391 5758
3893 5768
5053 7376
9502 5666
2441 137
4053 6640
3144 7910
6518 2442
2996 2092
954 9755
9804 536
4878 5151
6019 7189
8154 8008
3734 4055
4901 2616
5990 6500
6237 1732
5011 843
4804 6865
5047 2793
9325 4995
2931 9405
4890 9359
5539 7267
7743 8733
7106 227
2921 8111
7675 1949
3168 1638
7863 2469
3923 2677
2362 4503
6020 5126
8311 539
4939 6375
4620 9873
7877 7721
7265 7841
2923 4601
7779 5420
5257 7610
5255 2783
4495 2713
4552 8141
2174 5793
9419 8793
3630 2459
6319 3760
1035 3966
3271 7924
4749 9940
3328 4713
2243 2019
3423 2522
6221 8046
6476 7187
964 3034
1569 5342
1856 3319
8166 2824
7282 9299
9984 5473
3518 7659
1518 967
161 1245
9901 2873
9683 1881
4737 6746
3800 4500
79 9867
8894 2006
6552 4468
1078 2812
9240 4277
3651 4429
659 2733
7734 1953
4762 6846
5790 2270
9556 6690
4065 7286
8366 7195
2456 2415
2002 2302
537 6987
8328 3540
3781 1196
9244 433
5518 6392
9338 9958
7340 9218
4795 957
8951 4202
2760 1505
3960 4206
3832 8831
9668 6298
3049 6411
4566 1834
8827 2947
8194 2261
7205 2356
7564 5018
6010 4993
4275 9664
493 7850
7149 2277
6051 2866
8566 8401
4848 6016
345 8902
8362 3263
2600 1463
7812 3975
2417 9226
2340 985
4963 4676
1049 9551
4919 9422
3920 1367
5962 329
2291 8355
1813 291
4531 2043
5588 6166
8397 3200
3940 7952
2688 4556
294 5421
6040 4747
4682 3286
5186 3121
743 7661
1987 333
3448 7101
7716 7133
6215 4376
541 1150
2855 9056
5585 5839
1486 41
1917 5674
7686 7853
2595 5905
8467 9492
3475 9737
2264 4722
4958 7564
373 3387
6136 3077
9321 7110
246 6766
7463 5406
5418 9073
417 3109
7866 4203
3805 8779
9592 8982
1908 8265
4840 2351
190 485
3345 6015
8635 3817
317 6934
7839 1286
5064 940
1273 5041
3843 4025
5632 7475
5780 749
7922 2135
1064 8250
7061 6976
7845 9834
7746 9762
5507 5959
20 7078
1489 4235
4901 3594
1258 6224
3900 4039
3998 1344
5781 1421
3481 1511
5131 1427
1211 6781
468 1108
6820 782
1104 5237
2293 7356
7769 1301
7345 1026
7639 5513
5792 3442
6583 9235
5307 977
5531 8035
1678 9770
1724 1440
7903 3769
4477 2571
8289 8251
6934 5988
7608 9247
234 7301
8541 6131
1193 7272
6596 728
4526 3737
1327 8880
9021 2449
4049 3590
3358 4468
6185 6502
3464 9528
1112 9129
7447 6996
194 906
452 2337
3100 6505
403 9407
1299 9652
6648 4563
2260 6455
3395 1843
3085 2660
4692 2786
4863 4615
384 889
8943 7331
4915 911
9427 248
1574 7045
3827 4155
7578 834
2233 9826
8244 2143
6590 9014
4780 4096
1658 7677
7080 7916
3001 9186
3785 4212
7808 7889
8340 6171
9108 5691
3785 9557
295 5316
4711 9975
2681 21
2942 287
5084 3553
5710 3394
2882 1987
952 2765
1688 1316
4415 2869
691 8708
3128 2810
9688 4236
1033 5961
763 9666
7613 328
5132 7807
1865 5330
4726 9210
6583 2319
7234 1339
3557 262
3560 5402
9679 6723
5925 6550
2344 8672
5333 1714
2808 7597
6388 4622
6718 1120
410 9623
3092 9868
9162 557
9867 4845
9979 3010
598 3407
9213 3094
7889 6727
786 105
7622 5330
8601 9205
209 8192
1247 6437
988 2755
2501 6775
6322 3734
339 2644
5521 918
2002 6488
5258 2823
1980 5833
5796 9639
7241 1711
6508 7426
7606 6173
2749 8828
7896 9099
8632 3672
437 603
8042 1356
8636 6405
8625 2937
2022 6013
4688 4262
4039 1196
6682 5239
5706 7150
6218 8848
8916 6589
373 936
2445 7043
3789 2639
1258 7233
215 4069
129 4346
8327 2398
3387 7533
2054 7168
7351 9548
7218 1555
3200 1018
1860 7775
5866 711
4880 66
6481 8734
756 4538
2494 644
6028 3392
1804 5965
9964 8619
3067 7565
8590 9086
6769 8173
1131 7929
597 760
2524 5353
426 2595
2191 4407
3508 2825
2240 4646
6817 8351
1317 3664
1965 94
723 2676
1013 5123
7565 4574
374 26
5570 7098
6465 3857
7172 1502
5801 5502
7532 6694
6586 6886
8406 5240
6275 1456
8497 6116
4614 6462
6600 4633
5420 1825
9585 8925
2376 4787
6796 5274
2900 7204
3518 8897
3453 8323
8721 92
8482 4871
555 9593
2817 9770
6929 5490
1177 9312
7944 6317
4670 4856
524 3831
314 1761
787 2746
7452 5375
3149 5196
1095 6981
2252 5357
2346 9214
2575 1541
8769 9678
7701 3422
8149 6869
7066 8918
4818 5264
2589 7719
6619 3938
3620 2536
8424 7736
8199 8271
4532 1186
6001 4860
6797 3232
7269 3873
3898 1451
768 6603
2881 6619
776 2360
1933 4813
2594 857
2989 1103
6320 9648
761 3263
5899 6456
2711 2885
5919 9158
1848 6383
1228 970
6577 3765
6842 7124
9550 3677
5461 4037
1389 4270
1837 700
9384 1854
4624 9953
4920 8270
7193 2656
3400 9508
5521 4608
2324 4605
6005 5181
2554 1506
7775 3583
3664 7457
8293 2362
5619 9728
5400 2608
7881 9879
1996 4655
3125 6427
8620 9274
5067 2082
4183 6214
4572 1359
1903 3986
4305 2509
8103 5901
1088 5070
5235 3161
9403 7732
7951 1175
4410 6906
2995 5715
4345 6287
9004 1809
9784 432
7161 3808
4258 7224
4748 1256
5919 8227
5357 4989
929 6056
2722 5844
118 7121
3260 3763
739 4489
5959 467
1100 7413
9807 8714
9052 892
9342 2530
7992 829
4909 2846
602 8052
7933 3632
7474 2419
2829 7965
6464 5949
9025 3364
147 5468
1891 1105
1000 3806
8860 2877
1793 6808
1354 2347
3707 2001
5060 2475
7385 311
7135 2469
7365 3159
2594 3137
408 5102
7157 7225
4633 1817
3992 8214
6294 6305
5794 3066
9541 129
4575 4510
8310 5001
6330 8323
7211 4949
3253 6255
9392 1625
4962 7229
6549 7922
4512 6797
9269 5215
9833 7016
8492 4353
8866 8219
4042 3456
6484 5492
985 5793
7981 7952
2698 569
4337 762
609 8655
4560 9312
4485 4315
3968 5634
2777 8662
1147 9711
5206 3039
121 8438
2782 48
350 5868
2107 6042
7135 5688
9822 5430
7958 3385
2532 5153
7922 4642
7418 2142
4997 8118
5751 6348
7734 3429
633 3815
5890 7681
6475 2835
7298 5827
2982 9834
7102 3792
452 8919
5514 2949
9791 9702
1185 8315
6003 3190
941 9468
9529 467
8823 396
1181 4456
9915 4958
2258 7513
7084 415
2248 1999
7470 6478
1666 1839
1846 8368
8946 7384
5430 9669
9198 3857
675 8866
6608 6452
4559 9998
8517 5207
2053 6528
504 9905
5553 2679
3285 3377
1395 1565
6655 2941
6732 6927
8904 6667
876 5973
1618 693
5809 672
557 921
2224 9152
3452 2691
2236 1622
8334 9795
8742 2431
7413 9509
1782 1740
397 4662
8120 9037
9524 1361
5025 3099
8236 9313
3546 6083
2535 9585
8478 7468
3197 318
4052 9808
409 3112
7935 171
9573 1149
4984 2161
8914 8053
1737 6853
8342 8311
5104 576
9530 7918
5629 7433
136 3370
1440 8050
7631 6388
3062 5797
540 7259
3037 9464
6113 233
5878 226
2839 467
9933 4699
7180 9838
3316 2570
4633 9960
7042 1352
7571 2977
8179 3694
1559 4592
1300 5297
2457 6202
6932 5427
7812 1071
9412 7299
4229 2482
7008 38
3384 4954
8195 6598
2059 6801
6111 5784
1783 4882
9370 1104
5772 4523
5750 2503
6776 9591
2622 1058
3210 7553
6908 9196
3495 8348
1918 7827
546 2028
7162 3414
8269 9412
4116 9083
8661 4572
5059 7276
9606 7910
9209 969
2467 1371
2538 1996
1064 5816
2668 6219
4885 2720
716 6358
853 5664
4903 97
2944 8664
8011 406
3082 6499
7282 9354
8802 7500
4334 5189
1337 6622
601 7838
9584 7883
4103 267
6026 4636
868 9779
4158 5773
68 4675
7311 8848
3736 1683
2877 1558
2971 6982
3246 8012
2639 1074
7821 3760
6260 7601
268 7665
2375 9760
5814 2663
4111 294
1846 5605
9486 4065
8204 1769
5270 6426
6101 1112
9116 6492
9042 7428
776 2122
9311 3192
9641 2909
9703 4427
8946 5199
9619 9363
7685 3233
6747 6607
2477 9828
5898 6043
4116 1444
7220 4426
569 7307
9806 1584
8883 3597
7373 5826
7859 3503
140 2526
565 6361
3389 8627
1676 8909
1560 5743
2692 455
7005 4527
4223 3063
4866 2940
3987 7894
1241 9829
9299 1896
814 7913
3003 5396
6847 192
3339 5429
6096 1086
3444 5390
6620 9955
8827 2486
6350 3031
6731 8783
488 3812
7342 61
9379 8165
5205 74
2994 3853
3716 1172
4423 591
6546 9860
5503 9643
4867 5455
4383 282
5332 8871
3047 3902
7063 9156
1488 8714
5360 4231
1349 3224
9696 4853
2996 1333
6999 8870
289 2577
911 194
3048 2562
6623 6677
7398 4766
1790 3758
5561 3556
7378 1709
8662 8434
1976 7274
8763 8859
3907 5345
8277 5447
8645 404
9518 5358
4279 2734
8200 526
4141 6333
4665 5749
5141 4400
72 3489
6021 5936
8822 951
2661 5151
930 8940
1393 8423
8158 4862
7360 3950
2154 1758
2154 3221
3825 7935
3572 5414
4181 8282
5497 2197
8288 9937
4458 3670
4612 9114
7283 72
3028 6264
300 2435
8287 7840
9 5041
8185 5139
1828 9353
639 2032
2112 1051
360 5099
8438 4186
8428 2848
3320 7683
2859 7709
8318 4619
2908 4904
252 6431
888 5192
7649 9575
8810 3454
1672 8149
9383 1824
5830 1029
4655 880
6341 9586
9792 948
9298 4394
8323 6133
8529 8085
6312 8544
2904 7459
3552 5481
8548 1008
6598 2805
1915 801
6976 3298
785 1423
5360 6145
5703 4979
5114 7668
731 6286
713 6902
8475 4626
7294 6504
558 1434
8710 1943
6523 5668
4078 2090
4621 8853
3649 9942
1188 8258
7978 1340
4394 1154
3689 3155
3980 6781
5893 6393
4537 2716
8050 6422
6557 693
6878 7140
5147 8250
3712 3822
1051 3561
2102 902
9630 5644
9583 6709
7814 370
8280 6359
3654 6056
3871 8285
5208 9073
7267 3455
6481 1080
4782 3435
3669 8398
8684 1862
7251 9676
5061 9762
2384 3608
8823 8867
3606 5337
622 5040
4145 271
975 819
590 7288
959 9490
8693 9507
5966 6710
3009 6643
4067 6570
8474 4519
6720 9893
1173 9003
6850 3557
6733 9561
686 3097
6640 1159
9500 8380
9734 3081
7409 2231
3639 6416
2356 5922
7420 8865
1665 5213
5482 8816
3076 2997
5304 560
5306 9542
4229 5433
3073 5717
380 5928
3725 6213
196 9288
8397 1267
5092 2810
619 1403
3503 4062
6119 7715
8912 6513
7259 4121
3600 4970
274 9584
8510 309
1371 3545
7698 1976
9617 4709
1370 523
7794 4151
1370 6479
5385 542
7278 8605
5613 7109
9101 833
3011 9653
6835 9656
4744 2182
9977 9373
8791 5295
6080 6875
6126 9401
2263 1472
9824 6082
6215 9505
2179 7823
5699 7344
8627 7736
2710 7593
8442 9197
2159 9776
2076 8863
1430 2654
8446 5010
8475 6027
7586 3508
338 7645
9073 3179
796 491
6299 804
1917 7267
8629 8658
9442 2444
5286 7769
55 9783
3876 7643
6530 9045
9514 3990
695 6689
2298 9181
2295 1816
2575 5328
5533 8795
3841 1919
3020 2691
9390 3964
6635 2804
4471 8963
8349 6927
5919 8508
6779 6989
8639 6309
6799 612
3374 7502
7306 141
5422 6295
5827 4182
5997 7733
4779 9415
4916 6541
6341 9903
9469 9205
4266 5115
3349 7235
8081 4190
6534 9598
7672 8519
7991 5499
1805 5282
8694 7192
6086 3463
6355 4450
1699 7856
6563 7950
6010 7968
4139 106
5020 9546
1305 9580
9289 4490
1916 9836
6665 6828
9949 8441
1017 3128
1776 8320
4158 8135
3929 5350
1521 654
7253 4035
136 1480
4850 2735
5489 9737
5254 5855
2626 4502
5739 6183
2094 7797
2279 8449
82 428
5162 3942
7371 126
4428 2371
9345 1849
4113 7625
5478 4060
49 8025
313 1158
6903 9498
9094 5
8676 920
338 2795
3780 2717
9856 8543
2043 8043
9369 5847
3580 8709
2029 1159
8456 613
7300 5523
9726 1561
7473 2641
90 2748
4384 4953
6097 1693
8715 2754
1412 2076
7658 5763
6867 4698
6513 9251
5536 1993
9193 8480
1627 4120
6009 5378
6341 5603
5852 1146
2499 6819
5403 1251
1154 3350
2039 1228
4084 2321
9245 263
662 6715
5719 4462
7861 1685
4684 3357
55 8090
7062 956
5933 1818
3849 8117
6924 3040
2307 8023
6301 4238
7904 6136
7317 8887
939 7318
701 3440
2660 5251
1595 5861
3137 533
7842 8545
6258 8914
544 9659
2166 7435
3255 9415
8237 1384
2450 1398
9145 5672
4625 6786
2893 7236
7846 5730
6340 8992
1620 9237
5451 8516
6652 1728
3051 3760
649 9000
4112 4315
4164 1524
7174 7828
8679 9268
9855 3348
4300 8968
2066 5019
8942 3296
521 2539
9900 3910
46 3594
2877 8543
9597 8437
8435 3734
9463 7006
3212 2447
8702 6132
3404 6821
8600 2410
1777 2090
412 5037
3082 6089
8864 4550
9902 1280
496 3314
3660 9187
6645 7946
3616 5333
7514 4372
9258 6673
755 7215
5643 3334
5850 7394
1197 5767
753 1604
5382 919
9951 168
6642 6991
7879 2193
4098 2854
7079 9963
7638 4676
7695 8060
6748 343
4249 4045
3777 9397
9221 914
3004 190
3477 3736
901 6085
3015 9366
2093 1909
4159 8989
7600 3492
7842 7788
8838 9339
8427 6091
894 8929
8994 4365
6488 7568
9223 3990
3344 4836
8641 8153
899 7728
1894 1385
607 127
3925 2934
3623 4793
445 1451
3544 4668
668 3156
3018 6476
5999 8527
9200 6279
9726 9149
7311 9054
7183 5832
9542 6623
1525 7376
7056 5594
1575 7689
8404 522
3443 1223
9919 9535
1308 7444
9709 6354
2759 4310
3191 7682
8611 7185
2790 5608
1708 9473
9895 7598
1454 8239
939 8103
7619 441
9017 1805
9781 7970
2471 3595
5543 8554
3026 112
3611 8797
2271 6456
5929 841
6475 2387
8645 1308
6183 6652
2578 7581
5481 64
6746 342
7158 108
4991 2554
8650 8162
7451 6150
8319 7860
8084 2246
8638 7578
740 854
2241 6228
3312 1285
7993 1648
6723 1757
5981 6637
3879 995
9951 6911
1431 110
6803 2450
7250 8520
5978 4050
2749 4840
2353 3932
5618 3014
9667 5236
915 3719
6845 1571
1971 2564
1197 8699
1060 1464
1008 2446
1092 8725
3437 3861
86 5676
4134 2784
8710 789
2714 7606
2957 4521
5067 5252
8813 6220
8465 9715
5125 4724
5676 6149
1311 5707
8631 325
2110 6977
7632 6619
885 8622
911 5466
8182 3882
4638 5630
8144 2100
4149 7051
19 3519
5789 5299
9920 2779
6604 7113
6708 8873
1935 1772
631 6261
2517 8953
4217 1079
5580 5435
6271 4095
5773 53
2763 4511
3930 4859
1085 8666
2653 3635
5185 4376
3267 8915
5302 9882
545 767
5248 6375
281 9356
9235 1630
3372 5417
6235 7012
961 557
9071 3770
9837 7880
4438 3567
8237 7238
1248 6976
333 8632
9621 5264
144 7783
7116 9076
3155 1042
8748 1567
9992 501
711 1053
3679 4479
88 4064
2241 5979
1757 8335
8976 9555
7297 1671
1857 1339
4442 4383
3064 5725
1070 2549
5003 6325
3608 6445
823 7308
5442 297
21 9233
3558 8677
5187 3093
2171 4238
8336 3609
8158 2283
5953 1615
3797 638
1951 3431
3891 4348
7683 7673
1979 5116
8930 2251
7269 1578
575 9686
4662 1005
4194 1293
8794 475
4266 9801
6734 4973
1579 2826
6066 3721
6138 8097
634 9884
9480 3039
6200 9156
1482 7317
8973 378
2752 3858
4666 2277
6060 4190
1723 9936
315 7123
3854 5361
1568 4401
9878 5528
3479 9591
6777 8677
9110 582
4992 9086
6555 8579
6025 5086
4443 7112
3766 8332
9028 2587
1410 2316
5593 7392
3055 120
9670 5817
3217 8988
3770 5404
480 5219
353 5542
8031 244
8976 4208
8265 798
7141 3273
872 8511
1049 5711
3690 6062
1441 163
2842 3366
6443 5711
5190 5116
605 9757
9445 7452
243 1553
9869 8628
1700 9956
8050 5521
3581 533
651 1844
6908 2134
932 1325
803 1363
3482 4714
3932 7526
330 2226
88 5858
3560 7686
7808 5242
8507 1294
7845 6042
4249 1870
7579 1961
5291 7875
739 324
7402 7039
2552 2219
3896 8390
7053 4339
2936 4239
603 4758
7097 3880
4001 431
9968 5900
5649 1239
4581 1082
5290 7449
46 6705
3639 949
280 7660
3113 3214
3107 3152
6678 9738
6827 8121
3630 1076
166 8373
3578 8546
7090 2442
3680 3615
6105 9301
5089 8212
2660 2347
7852 3978
823 2934
254 2925
2859 4074
5891 6784
884 7295
3445 2365
5485 5542
9979 7924
1861 7067
5511 55
9679 1121
7921 9690
4491 8762
8990 6401
9781 7887
2509 4974
5587 4941
6300 9746
9344 9096
1318 352
7608 9160
4385 9795
3969 6455
7547 170
3572 3325
8452 8004
7012 5221
8514 30
1522 530
4411 4977
5583 1502
9961 8547
4040 1286
7923 907
5139 6411
1484 2738
9267 5905
5893 6878
1538 1537
9041 5757
3323 4848
6565 1862
1538 2299
6792 7652
1151 5763
833 397
1134 2118
972 7827
8085 5344
191 4175
1058 3741
7528 6747
4948 5867
3249 1627
4340 3064
7665 9036
8927 518
8521 4016
3532 5413
9095 9403
2205 3046
5341 864
7687 7750
8473 5076
2018 6552
5774 14
9748 7532
4943 3222
8956 1329
9158 2605
4830 1932
9164 6632
8421 9349
6655 1564
3925 8803
7025 6855
8408 9956
8107 2206
6448 200
8463 9741
6507 6817
6947 8644
5916 1229
8937 5284
856 3744
9896 8498
5032 1075
1545 6985
1004 8961
1188 8385
5137 683
9663 7200
7123 7536
7363 1712
4842 1505
5027 7429
865 3685
2056 1666
6908 1040
7453 2291
5363 8196
1247 8550
1803 1324
1783 9106
2290 5024
3868 2948
1874 2874
1073 4272
7560 4718
9085 1693
3745 5387
7618 8297
4360 8277
8511 2546
3422 1953
6077 9893
2280 3351
3103 3936
6023 4142
6621 1500
2165 2642
3729 8802
7445 5953
7994 3356
9155 360
697 3533
9430 3159
4458 8922
5517 4306
5068 5701
2086 5348
8602 2763
4463 8845
3247 9115
8383 4918
2262 6587
5249 3174
3414 5366
4262 6117
9818 8439
7468 9862
7719 8115
4042 2029
5897 7041
6480 5147
1485 5533
4689 9984
7836 2684
6168 9633
2458 175
1687 2192
6486 8268
5872 454
7332 1252
207 9779
1448 861
1942 4632
8400 3518
5173 9754
9492 1170
8717 6035
6673 320
3174 729
2376 6288
4150 65
2568 6048
3159 6526
4955 1479
6046 6753
2970 1192
982 5511
2253 1719
6982 2770
2011 1943
5431 1169
5114 2216
2484 5647
8985 7788
4058 7104
6151 1656
212 5016
1629 2121
7381 8311
1197 7181
8702 9907
3628 5786
2990 5353
3179 7237
4383 8846
4451 1861
8409 7284
1753 1717
6297 9261
3385 2258
1137 8156
6533 1845
9061 3661
5991 9932
282 8222
5188 7572
5680 9552
6962 46
4212 4542
4931 1796
6706 5329
8796 3171
8461 1231
4551 6354
4545 7930
5083 8454
3981 8588
7764 9920
2587 6961
3236 3476
9843 1709
5340 506
368 9459
5363 2325
2851 4254
3907 7815
8677 6764
8592 5198
3535 2911
5668 2350
5520 5746
2916 8342
5145 430
5006 4087
9055 3321
3775 3330
9346 5368
7070 870
7638 8869
4742 1649
8079 1861
1587 7271
6108 4429
1320 5776
5576 435
4832 363
7891 8132
9484 6234
2682 7833
9105 9640
6960 1213
9911 8654
212 2942
5996 7784
2794 3448
1690 1451
1661 9732
2136 9572
1636 8017
3719 1627
8296 6263
5613 1965
7917 7446
2775 3485
9431 4426
7380 8762
3536 3860
7961 8370
1974 4161
3162 4035
9016 2676
2630 8565
7405 5275
5634 2645
666 399
5833 4767
3993 230
3162 5710
318 3998
7724 3229
9557 4118
9336 3980
2899 7721
6529 7618
3656 7480
9406 5605
5798 8197
9788 904
9298 9246
9508 1831
3401 5838
7320 7210
674 2814
3221 3622
6346 5210
6757 554
1933 6409
8040 1266
7905 3973
3163 5110
8924 7803
7959 8617
7978 8740
2366 7912
9662 1563
6448 9967
7034 8705
852 4723
3399 8385
1730 1483
577 4496
2377 955
3741 600
7597 7386
6671 4460
4015 7953
777 6946
8891 8535
2092 3982
2117 6450
7222 8002
3446 1798
7579 5042
2655 2175
693 1922
4358 1187
270 623
5629 9238
9087 369
5330 7306
2207 2508
9187 1438
2553 4177
9332 278
8308 8319
2654 2308
2964 7669
3435 9111
5005 5150
8058 908
3215 3312
2129 8065
5925 6413
4586 8737
2171 3008
6220 5896
4312 8033
8188 464
1468 9134
1932 4349
2370 2568
5794 6264
3548 6187
2824 4725
3316 9184
3776 4926
770 1739
4088 5794
1987 9997
3016 1877
6476 3563
1135 7712
1854 5775
4219 8636
5833 4548
9257 1970
5425 9518
1135 3139
2522 3833
3452 6349
5492 9561
2758 4586
3979 5784
5879 9522
9661 4850
6216 746
5295 6953
3393 2480
7136 9526
8707 4503
6136 4959
9748 9311
1365 1498
4027 1676
6272 9829
9867 4606
668 329
6599 3027
2728 6864
1501 3474
3194 2208
5317 5915
604 1566
4389 3061
3536 1271
591 9452
5042 701
6251 9610
2084 6986
1031 7931
8046 6337
4264 728
9175 5839
4221 5919
8546 1282
7534 3764
4278 810
7944 846
7001 9693
8111 3348
3498 5968
9698 2857
710 1016
1385 6609
3732 2933
8058 6147
3316 2505
3069 5446
9209 4029
9315 1790
1075 1581
915 4645
6684 7633
612 2843
5014 5875
5466 2026
5282 6576
9442 7814
622 3140
5872 1493
4181 4532
1045 3404
1882 1791
9040 1859
3437 1808
6004 5761
7789 5016
1571 5131
692 9044
1957 9139
7691 2466
6040 3698
9905 9027
9809 5947
6146 6117
7922 2128
3200 8173
7814 8380
681 2461
6722 6367
7851 3691
2821 717
550 8795
220 4287
9851 749
9186 8339
839 8781
5679 477
7832 6185
2257 8739
5186 3279
2138 8933
882 6013
4275 3414
2643 9901
2997 379
765 845
4152 5987
6123 8859
1919 8747
6626 8842
2078 9986
777 7914
4328 7132
4767 6030
4813 4827
3881 6587
9533 7623
6746 6766
7849 3727
5599 2215
38 2064
4794 6612
291 1316
4872 1866
7326 1982
6877 4947
4720 8014
3179 6372
8771 5249
5633 2197
7645 4306
6581 8006
1158 270
2229 5109
210 7163
8926 1433
7547 2450
7324 945
8397 676
3924 7318
5641 1744
6717 409
3752 3398
6195 7558
7227 5216
4569 2202
2314 5190
3280 4811
5665 7586
6495 1743
6707 4823
4790 6268
3948 3345
6467 122
8431 3546
3606 6907
1243 4850
6049 7165
3472 9160
5163 2515
978 964
5943 1754
3210 9992
7657 3745
1480 4253
4773 5512
7030 4220
6216 1834
1457 5201
9001 2715
5590 7148
1607 6687
2530 283
6015 7053
1264 6945
9570 5715
8155 4410
8087 6334
5677 5367
6804 3106
7198 7830
2183 3141
5887 7266
3602 5700
6654 1348
1057 9426
8558 3333
3173 8103
2209 713
6803 4580
5569 5428
6472 5030
5673 8521
819 5377
9381 5952
1736 706
4413 4674
5239 3909
2886 602
3968 3297
818 144
6673 6291
7862 678
3825 5247
6746 5437
5771 6368
7475 5317
8076 8876
9097 2400
4573 2933
745 8588
4902 4184
6174 9169
8499 5150
6252 8451
8665 6373
4951 3948
2847 6528
2452 3008
988 7561
7697 91
3438 239
5930 7271
7885 993
8900 2488
1872 7126
8331 3661
5819 7477
6389 3583
9137 8629
1257 9545
9005 1703
6333 8814
1785 2408
5727 887
3613 2801
7296 9225
5500 3694
690 7883
6595 3441
4708 7306
8557 9700
6485 986
7090 96
4569 1442
4618 9405
5459 9305
209 9548
1250 4999
9423 193
4247 8607
8144 9200
9774 5148
8306 7233
5460 2270
8593 3193
7967 3525
1639 7670
7144 4547
4548 4541
3698 4248
329 7180
1265 8004
6519 7793
3698 6210
4775 8751
2132 1359
593 6080
7555 1934
3706 4557
4421 4478
8479 8248
3383 7219
6416 8876
6788 4611
2480 7411
7432 604
9912 705
4396 9462
8202 4026
2495 9649
8923 5129
75 2317
208 1659
7353 4289
9380 9128
2678 4127
2653 5640
6114 9103
8280 6762
3124 4410
6022 8496
1997 66
131 4391
8804 7146
7345 7616
2934 9480
7166 4640
6724 492
7774 8247
5276 8220
3218 7338
123 631
230 8534
6640 9375
5694 3097
5772 535
4623 7771
2444 6691
7724 3821
1182 5428
6916 8441
7557 6442
9085 9398
8887 159
1981 4042
7830 8713
9200 6524
9233 9481
495 9523
299 1502
5816 4330
1303 1416
4844 8300
5943 846
558 1130
7640 2545
1500 5897
6745 9748
5591 6664
4450 5957
2228 9449
6697 9113
1842 9156
8587 9327
7487 931
6573 6912
1858 923
5570 3674
2267 1523
6497 8493
1870 5938
9886 9391
1844 5651
955 4952
1691 6435
9025 4839
3856 3111
3375 5640
9449 1376
7677 1553
3814 8591
7633 3030
5105 1385
4871 9095
5385 5301
3432 5974
5384 1564
9980 6467
989 121
4870 9968
8171 1007
432 2702
5644 1134
9820 5794
6698 8555
1709 6057
3980 4661
9862 2101
1351 3189
978 1730
2661 6181
8850 8707
5843 373
6843 7275
406 596
9096 6332
8451 6633
7009 301
9783 1307
1988 7476
6658 6903
2449 1989
6355 4587
8468 7196
9824 9053
893 5706
2054 7890
1542 9404
2157 6378
9260 6144
3983 3150
7873 6673
7179 9764
7172 6487
7 5846
6442 9673
7550 4530
1273 9747
2483 9071
3691 8527
6315 785
8101 4343
2546 2671
3264 2221
2086 2698
8127 187
2878 339
9274 140
2961 312
3334 8880
5939 5179
5666 9814
39 4823
3740 5015
6391 8589
8436 3595
7856 5204
8827 4568
6333 5848
3353 3694
9330 6104
3586 7231
9582 1537
4307 7728
1804 6322
3918 6300
6566 800
616 8777
2971 5909
8095 4487
982 2304
7490 2187
2434 4208
7037 6489
2146 8712
6497 4435
5472 2694
1983 4832
556 2414
6639 5180
9478 7974
432 3967
6409 5667
412 3422
8190 6205
3739 6099
8846 391
1064 6233
1905 7223
421 2007
2272 1865
9660 2712
8163 4879
9349 9818
9845 9076
134 1779
6740 1047
7835 1753
2570 1246
1014 2127
7874 5679
28 6669
6738 9374
5565 874
5124 1357
9408 8931
1373 6104
1593 2552
4654 5362
8386 8811
9534 2941
2428 5006
9011 8446
3083 2795
4635 3370
9707 1859
4886 115
27 3751
1027 1415
4189 6914
1211 944
7826 5535
2618 6621
1769 6828
5311 2835
489 2594
9454 802
1102 4282
2566 2474
7893 2164
9334 2034
4142 3471
4092 943
5270 5450
9766 3577
7504 9322
4994 1297
1559 1614
8709 2698
9496 9965
1073 6113
3390 9015
3794 4501
5622 4073
7953 4734
1967 5708
3785 730
9539 8954
1549 1316
3969 9130
847 866
6031 2405
3505 3015
4486 1308
9899 8022
6279 4588
582 7322
8921 5992
2023 2398
7171 6731
2155 2848
8498 2467
2743 1026
5325 1025
9769 3916
8174 3161
173 1446
8250 2354
7070 1951
548 4652
7039 1874
4477 7043
9677 2957
1167 546
3619 8014
8521 6952
1384 7252
9116 7800
3657 9587
6859 8325
7959 7890
2339 8405
8695 2680
143 5650
4990 1713
4520 9220
6507 1071
2955 6831
2363 6833
4195 5336
8358 7328
8121 8381
2225 6589
5791 6064
8875 6082
5212 5113
1401 2790
6785 4071
4335 4987
8312 5949
6047 672
3460 430
685 6997
2741 5243
155 4372
7539 2750
8461 6345
4848 1011
3087 1401
4514 2120
6643 2058
7262 844
985 2315
3465 2567
5428 6897
4773 6516
3410 1183
7475 4467
4026 6390
299 4133
3552 2024
1218 8073
5552 7533
3678 9033
6541 2436
6536 1299
8288 6728
8630 1344
2653 332
6067 4227
365 1208
7147 3952
5290 7749
9094 4316
479 5741
3738 8150
8252 9579
6034 6829
4370 5839
7921 2813
5692 581
3889 6323
9140 8475
8587 2322
8428 2021
8648 850
2257 6253
2904 6024
1162 2851
8494 5253
5694 7214
991 9787
1369 9910
3939 5431
9523 9566
9977 8445
142 2932
148 3150
3824 9958
3903 8650
5939 8238
8222 7244
3437 9678
5218 8356
7167 324
377 1403
5739 3205
8600 2664
5421 9441
9075 1056
8684 3617
6322 5250
1063 6911
7691 2138
9735 9917
8731 1376
3586 8453
9366 3078
7260 9510
7927 1448
7573 8058
2842 138
4428 445
6901 8970
4921 4849
1868 2982
4000 4822
9161 1965
6404 8580
6313 3828
7293 755
4604 561
897 402
8925 8582
7395 8306
5224 6510
4685 4946
860 5079
9815 9073
5223 5701
3363 2579
8995 9935
4118 7048
926 3307
9547 6451
1847 2034
9916 7561
5860 1845
966 5259
1290 3138
942 2497
5805 1447
4792 4531
7646 3985
5662 1119
3247 1059
6252 4449
5305 2085
3651 6966
8417 6878
2113 259
7788 437
3989 979
5571 5354
6741 3890
7599 9057
5455 6208
7989 4014
8782 8136
8939 5496
4244 2776
9067 1517
7935 542
2620 9794
9119 3375
4061 7010
4802 2724
5532 536
8037 2715
7794 45
5067 4791
797 2465
5669 9121
9010 2301
1924 2497
5941 7190
2861 5013
6230 8482
3985 8024
9211 7911
38 2123
7182 1297
2718 385
832 701
8068 7598
9496 7283
5203 8077
1380 3589
6282 6538
4570 3988
9966 5829
2072 9540
9481 6551
9491 4034
3075 6483
8208 841
751 4778
9830 5223
5316 7967
7072 3646
5078 17
6145 313
8260 267
4759 280
2288 2139
6522 946
9595 3397
3280 9224
2175 977
7124 4589
1876 5523
3054 3551
1975 3337
154 1384
3149 6100
9915 7945
2841 4396
6826 2143
5960 7856
8398 3897
2037 9618
7440 2509
1623 3188
8591 3295
7276 77
9447 7841
3693 6971
4347 6248
5748 3996
8912 9947
8834 6553
3844 9601
6369 8834
6824 1684
957 9811
992 2836
1718 4201
539 2511
6836 1573
6084 6007
7597 6238
8090 626
9763 4593
7891 754
2415 1168
820 8369
8656 7572
3061 619
4462 1434
8981 9019
9302 4329
8497 4140
6896 151
6124 6159
8754 1121
6173 9170
507 6067
323 1738
9786 1543
555 6992
7279 3854
5272 432
3496 2442
2188 4842
2042 4073
8182 827
2886 2073
445 2045
3653 9708
2247 8790
5580 8826
1892 2862
1291 7481
5560 6326
6123 2379
3414 9799
8542 1105
2859 8084
5307 1090
8630 9252
4449 7319
1387 6981
5675 5647
6615 7070
2980 2890
9570 8426
8638 1669
8877 8267
6967 7206
8376 2938
9637 9954
9602 1901
163 9301
1491 7821
4101 7747
6332 7551
7550 9916
2240 5783
8027 2597
6810 3753
5189 5212
6672 1302
9046 6287
5417 4650
7264 8539
463 5329
2318 8738
4543 3352
3437 5273
7943 922
48 3874
1001 5303
4877 5022
8485 8788
1116 8570
1721 2862
3236 127
9002 1606
5722 5523
8163 4024
6975 9768
5117 2130
595 7106
3953 7938
4050 6024
3572 6429
4316 9978
9129 8817
6062 6537
2031 2367
7659 618
683 7525
1497 1626
202 9575
8764 420
9861 4162
8451 4421
4798 8550
2812 5134
7932 2491
7289 9483
9970 832
3165 6886
1697 5536
5677 5855
9372 1696
7848 4790
8719 4860
5257 8263
6185 9079
5946 7287
6204 6203
9617 8649
4403 2155
3662 3495
8540 7364
9517 440
6073 7593
4937 3826
3934 6785
7554 3641
7507 4779
9358 3675
367 2392
920 7157
914 988
958 8523
9874 3325
8966 6458
3763 4759
4855 494
1414 7234
2125 6185
9404 5459
6752 688
5576 353
4674 2853
9740 7372
1986 6718
9823 3449
8717 3911
2169 9165
5748 2838
9692 4772
8145 6650
8119 7461
2086 2156
2901 9714
9825 8939
822 4464
6685 3826
4607 816
321 8757
5030 9268
5200 222
3522 840
1213 5123
6285 5544
6819 7406
4273 2619
8142 4051
4478 9259
4760 3230
265 7942
9466 4706
2940 8154
2681 4774
7584 4766
4397 2856
8230 6242
9747 1781
3146 6872
9903 2912
4151 2209
5985 1465
208 746
8825 8614
5516 8767
499 5335
4319 4082
3009 1387
3474 4428
4465 5794
4603 2862
6342 4298
9319 6453
4234 5690
420 2620
1195 710
1858 4775
1907 1189
3874 3326
9029 6755
5790 3036
4344 6166
6540 2932
8103 6181
4810 6595
3921 3198
8341 6969
5100 8254
9137 5136
5653 3888
2098 3170
885 3349
8205 6107
3228 8629
4510 2863
1269 277
8390 3132
1702 7170
63 9187
1178 8652
5244 3305
1944 2499
9898 7691
4835 4222
2232 6480
9809 5926
1296 1822
2569 5253
4398 1161
1850 2884
2997 6449
7553 5852
6051 6858
5379 2729
5130 436
9301 1883
5712 7590
5770 3672
3050 6269
5305 8562
3262 4727
3108 788
742 4927
3172 4687
3481 4876
5127 8793
6166 1554
5795 138
1163 5657
9885 5557
2530 6774
6897 2105
250 2707
6649 5004
8256 2056
4648 5789
6028 4114
590 7229
4628 4912
7766 5057
4309 534
7493 1853
9457 8668
6741 3664
9889 1328
933 8427
2941 6863
7059 9964
7316 5432
7337 5176
770 5758
4269 9785
594 4695
7647 1146
2165 1040
3766 1523
3762 4320
7292 9875
2519 3529
4121 764
2284 2067
3439 4834
2068 7093
7652 8425
526 3820
7002 8119
3627 6296
5555 1693
1582 3398
3074 1490
271 8037
8259 4572
9685 328
9154 1863
738 9805
3780 3587
9371 5751
7103 9084
5687 2522
439 7641
7684 2108
817 8655
9734 6514
3847 3239
4842 5038
5764 1910
3547 1256
2568 4412
9226 2359
6944 281
5759 5959
6661 4808
4493 5368
9295 3680
9382 7654
36 2950
7118 6221
5815 4283
3419 9790
2843 7399
7010 4237
8039 2936
6698 3367
9292 7008
9803 3662
1416 8268
827 1863
4551 4225
3278 1925
2226 9227
5369 3249
9598 6955
5082 1861
1145 2433
4111 4064
9057 6140
3585 293
6995 5909
3629 5714
4534 8121
8544 5601
8118 7145
6256 457
7948 599
5079 9394
4577 8010
85 8335
1511 5155
2517 7045
8780 6956
4451 1036
7865 788
7456 1629
457 5934
2305 1682
9665 2677
655 4568
8610 60
1923 1252
56 8275
9874 6670
7795 3848
3823 4903
1786 687
9990 6925
5754 64
4268 3982
7739 5398
5009 6238
8818 3198
6039 6724
9894 8159
2680 2620
8893 6862
9021 2910
8717 5078
1288 5461
4315 4228
3935 6692
2381 436
3088 1867
1729 4043
2084 1217
8419 2746
4808 2165
9218 2952
3945 6888
580 6492
5834 6276
5874 9743
9799 3913
5119 7888
8537 9880
5074 8586
1551 268
4857 3486
5972 1281
1663 8943
5152 1164
6754 309
7994 3673
3919 9395
4103 8423
9862 2118
2320 6363
1798 7731
2649 3739
2093 7600
4307 6614
4231 8067
9609 1503
6896 9525
1442 5220
1711 5087
7612 4538
5417 3856
9543 4182
2569 6407
6876 4846
3024 9648
5786 6527
3816 3652
4694 6588
4253 4428
2749 7173
3955 7856
84 9491
1084 2182
1458 5731
8655 3209
9522 7072
3032 1607
3033 6921
61 5065
2581 974
4557 4774
210 9165
3720 2945
9929 8600
6114 8893
2603 7653
7758 2367
3930 1838
4889 932
2242 415
8933 4779
5351 4998
7674 9795
6556 3114
4169 1695
9892 6487
7289 1886
9616 6397
5351 839
3148 4515
9990 9216
7563 6954
2587 3054
8721 459
5095 2341
5557 598
1527 836
4314 7172
9854 7304
1277 5159
2864 3758
8715 2179
5828 7757
7907 2132
7295 3473
9008 8283
737 1797
8140 2365
1360 419
7175 9469
4394 1402
5441 7613
1564 3461
5685 8371
6984 3785
3808 6328
1218 1094
2092 3020
4290 8778
9815 2006
1171 3554
4122 3115
1626 4991
8657 6038
3959 903
8015 6128
4106 2399
574 6181
5157 1117
8033 3471
2235 7091
8317 5894
8124 4510
5842 5578
5810 4232
4216 7913
8272 6534
7422 9494
1912 2721
4185 8603
9368 1202
6398 6453
9992 3564
298 7108
3483 4200
2233 332
674 7085
5273 9981
4901 7271
4301 4160
5538 7217
6386 7495
8164 3033
9318 989
2061 6559
8995 1850
8856 4941
6052 7933
247 919
9120 7466
1807 5481
1884 1766
9450 9565
7755 5744
8332 707
7328 8924
3796 1506
3836 6035
4639 3447
3634 3887
7534 4522
2115 5398
40 8502
7527 9815
596 2423
3876 7342
1430 9956
7081 6577
7962 6058
1675 2302
9918 6997
9704 8106
2824 6553
6691 18
9547 3715
7408 8804
5543 2768
8990 9425
5403 8030
7347 1408
3824 727
8368 6957
4348 3620
1070 4417
8729 9819
4422 4105
8358 4326
9130 41
2688 7239
116 3072
6092 460
281 5298
5982 178
1352 6227
2407 326
474 5776
2624 9479
2097 8059
8774 8300
130 1202
5660 4807
972 9685
9416 1522
3172 4230
9160 9726
3548 9688
7346 7761
3599 5414
5267 987
5233 1306
9320 4906
2074 1240
9284 5256
6754 8017
9248 5274
4664 4681
2974 2306
1486 1903
4932 9165
7486 8041
7709 2286
8469 1761
1179 9147
8980 7853
9153 4717
3561 341
260 7669
4033 9666
811 2992
7127 6414
7495 7465
8190 4690
9894 4189
4444 1039
4196 7164
9448 5045
8258 5008
7168 3023
7988 7522
8379 5475
4377 4059
449 363
6420 8701
3795 7642
7528 7915
5968 7427
4278 6329
2935 4471
586 2669
8364 5131
6173 6698
781 4386
9733 4364
8719 335
3133 5645
4367 5992
5005 8809
9412 8806
4038 6999
6714 5034
8332 5315
2392 6963
7787 2720
8422 9343
8857 3584
8720 1652
3950 55
1020 7498
3460 8715
2133 169
1530 331
1409 2722
2559 5348
6045 4916
4243 6839
9543 6920
2612 7521
6501 8001
2321 6156
2328 5142
2218 8462
3505 403
905 7006
1775 589
4810 8758
6363 866
2581 2860
4643 8132
