1979 21592852
23 61
89 89
75 79
87 98
21 57
21 78
54 57
88 95
12 52
98 98
43 94
84 98
73 74
30 46
46 85
17 59
53 79
72 100
25 35
19 21
53 62
99 100
73 81
42 95
2 98
75 93
54 94
90 91
61 76
6 25
65 83
61 94
36 63
100 100
92 99
16 76
30 45
70 72
47 80
3 62
21 83
45 84
60 82
96 99
42 63
62 71
12 30
20 72
94 94
3 47
27 56
92 97
22 77
12 76
71 89
77 78
99 99
31 38
76 85
7 94
46 47
75 84
87 98
20 36
97 98
23 88
82 92
85 100
15 33
11 33
22 26
55 87
74 79
65 82
51 80
54 77
87 94
12 37
95 97
40 91
88 93
31 73
38 65
18 98
64 91
26 53
85 91
17 98
33 80
87 99
59 78
93 97
89 96
38 68
26 60
29 97
99 100
28 28
45 50
36 38
65 73
66 72
53 53
7 68
85 89
93 97
46 56
37 68
62 67
75 94
70 100
93 96
58 90
100 100
57 100
57 75
31 44
45 74
81 97
38 84
64 68
56 84
27 58
37 37
80 96
81 85
70 81
22 73
90 97
33 42
2 60
63 80
61 96
93 99
62 94
45 63
32 95
59 71
91 95
25 92
5 67
23 80
75 94
43 54
26 67
86 97
34 47
13 50
75 84
74 94
26 31
100 100
52 90
46 58
52 58
21 74
8 12
69 92
15 38
48 83
34 83
91 93
95 95
28 95
85 89
78 86
83 92
60 90
12 22
6 57
36 87
85 94
86 90
100 100
28 100
90 91
55 68
69 96
56 76
90 90
7 26
55 66
28 38
31 32
1 83
97 100
34 72
54 84
77 78
31 69
90 99
60 99
55 67
75 93
9 59
73 95
90 95
28 47
37 65
7 99
38 73
29 37
75 92
23 76
28 93
70 99
59 61
18 50
52 63
73 88
39 46
68 74
29 74
97 97
3 22
67 74
99 100
90 100
5 34
52 56
31 88
45 95
25 62
48 51
86 99
23 95
20 53
100 100
16 21
54 78
97 99
8 99
8 75
54 63
98 99
82 92
50 67
100 100
15 71
7 89
87 99
98 99
82 83
91 95
88 97
88 97
63 79
85 85
10 16
67 80
28 78
20 23
62 75
92 99
45 67
58 99
45 65
29 51
77 97
75 81
60 64
30 43
61 86
54 93
40 81
12 90
27 71
74 75
30 87
12 20
91 93
65 84
23 41
8 78
15 77
15 38
80 99
4 100
16 38
99 99
10 60
97 99
57 98
96 98
58 58
33 77
42 56
40 71
89 96
11 72
66 67
12 29
44 94
54 89
50 56
56 58
12 13
27 83
56 77
90 92
78 78
97 100
41 87
32 34
47 55
95 95
33 45
100 100
33 82
77 97
53 85
98 99
3 67
36 86
51 96
77 98
3 99
2 20
12 20
15 85
14 46
91 100
96 99
25 95
73 82
56 75
33 42
84 85
54 83
58 60
59 72
52 88
60 67
43 79
31 34
11 89
81 82
95 99
88 89
66 69
14 71
47 75
20 41
82 98
49 52
68 73
50 77
28 88
13 65
36 94
75 81
44 73
84 91
35 93
47 81
80 83
56 80
34 93
24 71
16 55
92 100
95 96
2 83
3 38
78 90
42 51
15 86
100 100
80 95
52 53
35 66
65 70
85 95
54 79
20 70
35 71
88 92
66 90
86 97
99 100
28 74
88 100
31 62
41 42
83 88
77 84
76 84
35 68
91 94
46 62
76 87
58 78
71 76
21 78
83 85
43 43
18 18
14 57
4 53
6 70
7 70
30 53
60 68
73 97
13 35
10 42
17 28
17 41
43 99
64 75
87 93
63 87
96 96
76 92
96 99
68 100
80 88
19 29
37 65
32 45
27 76
71 85
6 83
73 73
60 60
75 97
64 93
44 74
98 99
58 99
41 42
45 66
20 34
69 94
78 78
34 78
62 62
27 77
95 95
100 100
88 89
91 93
33 68
28 95
13 75
61 86
22 82
7 82
5 75
11 51
27 75
33 58
72 78
80 98
92 98
64 92
85 86
43 75
35 48
85 97
24 30
24 39
80 81
97 100
82 90
21 86
69 92
64 76
68 97
89 92
26 53
1 60
98 100
19 93
48 92
75 86
27 37
96 99
50 56
23 78
15 59
71 98
78 93
48 61
15 22
39 63
76 92
81 85
52 100
32 65
26 92
44 49
87 89
83 88
32 65
34 96
28 82
86 96
76 81
87 100
10 40
92 94
66 74
78 93
45 94
45 75
28 34
46 65
82 94
67 95
74 90
37 97
90 93
28 66
99 100
31 40
42 69
26 50
52 58
19 97
59 80
94 95
47 54
88 100
26 97
19 83
72 81
92 100
32 93
36 44
85 96
35 72
82 85
49 78
6 33
52 98
45 95
51 87
97 99
90 90
6 76
71 92
27 84
95 95
74 93
55 92
80 94
44 57
70 75
35 78
33 81
93 93
23 89
88 89
32 89
89 99
75 91
56 85
86 94
35 95
89 95
15 57
87 93
4 46
71 87
38 92
32 54
83 84
66 87
2 99
39 82
99 99
99 100
61 75
41 45
70 99
67 94
10 69
30 49
33 86
52 82
77 81
56 69
85 85
33 86
48 63
27 61
54 57
88 98
98 99
48 77
83 93
66 89
58 75
30 90
42 46
1 91
76 80
47 68
87 88
72 91
78 94
58 87
82 94
53 78
83 99
36 49
99 99
94 99
3 65
13 55
76 78
18 30
83 97
99 100
46 73
91 99
37 66
82 92
65 77
55 61
8 13
96 97
83 87
5 38
67 79
13 65
94 95
32 83
23 96
63 74
96 97
7 70
71 99
62 64
41 90
84 85
62 72
56 65
40 78
57 70
40 63
9 53
19 65
93 95
27 100
99 99
43 57
31 60
58 68
15 68
57 94
6 85
88 94
9 41
5 59
53 72
65 93
66 83
2 58
35 36
95 96
76 91
42 68
59 59
62 70
67 81
73 83
60 69
43 91
97 99
11 16
41 97
11 65
23 80
48 88
94 95
75 78
81 91
42 67
63 81
93 99
20 51
2 47
83 85
65 72
66 87
72 99
93 100
48 73
92 93
63 92
40 51
100 100
14 67
82 98
16 96
73 93
1 33
66 100
17 36
40 54
35 36
82 82
62 63
2 48
13 44
61 61
83 98
93 95
7 90
6 15
61 62
5 93
55 79
55 98
100 100
99 99
13 70
92 94
35 39
8 69
66 78
97 100
38 89
62 78
53 90
46 67
94 96
65 83
16 60
53 73
64 90
6 77
86 93
14 80
44 47
59 98
4 58
68 77
93 99
59 69
22 51
94 97
15 75
65 92
38 98
46 72
19 98
58 89
76 85
73 92
86 88
65 98
98 100
32 92
21 95
13 92
28 57
23 49
37 50
78 100
12 58
12 50
19 21
78 80
35 90
88 93
84 84
8 49
28 86
31 71
100 100
75 76
75 89
28 65
14 22
67 74
83 96
58 70
18 71
70 75
73 96
27 46
21 77
59 68
7 62
76 91
77 87
65 85
65 91
37 71
49 59
28 71
81 87
36 55
63 93
14 15
60 86
2 100
40 62
83 99
34 91
40 92
9 74
56 67
44 100
78 98
27 77
82 99
92 98
83 88
75 82
6 64
27 46
22 38
50 89
82 95
65 98
61 65
53 72
90 90
27 52
96 98
33 53
84 92
75 83
74 86
72 87
99 100
14 90
14 66
13 36
2 60
96 98
89 96
38 94
41 64
55 71
90 91
56 98
30 58
35 71
77 94
29 44
72 72
21 21
82 89
100 100
30 50
23 74
55 92
19 76
52 63
54 100
72 93
63 88
76 81
6 78
12 80
54 95
61 98
13 58
46 56
71 84
82 90
47 80
56 95
48 56
28 67
10 90
43 69
23 63
50 78
82 94
95 98
47 98
47 62
93 97
31 43
54 66
95 99
35 59
90 97
54 75
39 80
18 81
13 51
74 88
89 99
82 98
87 89
81 88
5 57
85 91
27 62
50 51
32 43
19 57
76 81
44 53
91 91
74 75
8 53
38 59
80 90
47 62
95 100
19 72
55 57
61 62
64 93
2 94
81 95
72 88
98 100
34 43
75 85
83 89
24 84
2 58
7 80
11 66
15 70
57 62
49 68
62 80
10 50
46 87
26 50
41 46
84 93
60 99
16 59
64 91
47 51
59 99
15 37
80 80
36 70
95 100
84 92
63 93
71 76
99 100
56 64
34 34
95 96
58 78
53 75
97 100
35 82
7 95
66 80
65 81
53 86
22 57
2 41
40 99
77 87
72 84
66 71
67 74
6 59
1 51
17 86
94 98
39 52
92 92
6 100
83 87
58 60
13 36
10 14
38 73
15 83
53 67
40 91
84 89
57 71
44 51
43 43
48 84
31 62
9 22
87 98
28 46
23 65
80 90
21 75
51 53
70 81
90 100
42 59
82 82
80 83
20 61
12 76
77 81
11 41
22 75
95 96
86 90
56 63
87 95
56 99
9 96
96 97
91 93
57 92
80 98
68 85
7 14
22 48
35 41
16 60
36 95
84 88
96 97
26 94
23 100
28 54
47 61
31 89
57 67
72 76
82 93
28 46
7 67
52 81
54 83
65 66
30 50
17 60
91 95
4 55
51 62
44 88
46 88
70 70
27 91
31 66
85 93
16 94
35 54
98 99
72 76
82 96
68 86
86 98
29 100
66 89
47 58
20 65
41 57
81 85
25 86
54 58
12 56
8 77
55 69
96 97
19 72
48 86
22 97
35 85
68 74
29 48
7 23
85 100
16 24
37 74
60 70
30 43
79 92
93 100
48 100
15 21
6 90
25 42
29 97
57 61
47 96
92 96
56 96
6 26
35 60
5 6
70 84
58 85
54 76
42 82
28 76
98 100
45 49
83 100
40 62
95 99
19 54
43 95
1 69
63 67
10 71
5 56
97 100
62 64
89 89
71 85
45 93
97 98
33 69
61 65
31 44
33 72
74 79
46 65
38 57
24 76
14 77
5 32
24 58
18 35
17 100
20 23
19 61
48 64
85 99
52 59
2 46
68 99
46 80
57 79
79 79
70 93
42 50
74 80
56 78
31 37
37 70
82 93
48 67
76 91
45 47
31 74
86 96
19 47
42 99
13 24
37 45
55 64
98 99
75 78
80 93
48 76
69 82
36 41
50 89
4 52
17 38
54 59
2 9
54 67
22 62
57 59
71 79
94 97
10 58
92 92
64 72
41 49
6 78
18 86
96 100
72 87
22 52
53 92
6 71
53 88
11 42
93 93
89 95
48 81
67 72
93 96
24 48
82 93
63 63
24 28
18 25
85 86
58 89
100 100
54 55
56 84
84 88
2 17
60 89
42 66
72 99
59 79
56 92
96 98
19 50
63 95
73 88
53 83
84 100
32 79
79 85
52 57
21 22
71 99
38 45
45 82
37 49
56 95
41 61
77 98
45 57
18 25
96 98
98 99
85 95
56 78
75 96
16 66
70 81
4 92
61 85
4 35
99 99
58 76
22 95
68 80
26 88
85 86
39 74
59 72
78 81
60 67
44 70
28 50
68 82
1 2
96 99
3 40
28 61
89 95
75 95
46 100
84 87
52 97
66 97
9 69
48 81
48 74
70 88
29 33
10 91
3 19
92 96
11 48
62 97
39 96
37 43
69 82
38 57
80 88
33 37
74 97
46 78
77 92
35 60
45 68
56 72
44 84
95 99
15 54
80 99
98 98
98 99
87 90
92 98
52 57
37 68
68 85
13 28
94 99
97 98
86 98
18 80
18 72
23 39
23 77
27 79
21 39
44 65
23 41
43 91
20 66
29 69
34 76
79 86
75 90
75 83
52 100
17 100
5 59
71 87
35 48
57 67
41 91
98 99
82 88
65 82
16 100
66 76
53 88
58 85
29 85
10 83
65 86
4 29
63 65
96 97
84 98
84 97
12 36
9 69
45 88
40 75
93 95
14 55
52 67
17 31
10 69
48 51
19 38
39 48
18 67
56 78
92 94
68 84
4 6
20 20
45 83
64 93
6 90
67 68
58 87
28 45
28 47
79 98
81 100
18 46
29 48
33 74
33 47
27 72
24 45
39 90
1 60
35 71
31 73
44 86
14 61
16 46
35 89
62 73
63 98
66 82
100 100
30 52
23 76
11 41
88 94
46 68
26 51
75 89
20 75
85 100
45 71
24 54
89 97
30 71
98 98
90 97
80 81
56 59
88 94
75 80
41 53
97 100
82 96
95 100
54 55
47 93
73 78
96 100
100 100
29 52
44 48
10 21
67 97
62 68
78 82
71 94
34 95
17 48
47 57
15 78
40 56
32 58
57 80
32 78
19 98
21 74
27 27
66 76
19 58
59 94
48 77
79 87
47 96
13 86
64 93
52 54
14 18
58 71
65 72
33 78
26 64
37 57
6 90
43 47
32 81
66 93
54 66
88 94
56 100
25 59
98 98
32 92
36 56
9 56
37 74
61 85
13 33
29 59
14 46
48 52
20 32
64 85
25 92
17 24
70 74
38 46
39 63
49 98
47 48
31 98
34 41
38 89
85 87
6 29
10 15
13 38
73 80
83 85
32 91
82 98
63 73
42 69
89 100
95 99
94 94
10 55
47 69
64 87
85 92
7 94
66 83
14 56
54 83
58 89
39 41
87 95
78 86
35 97
99 99
84 91
29 97
77 81
72 94
1 40
13 39
84 97
98 100
84 94
95 97
97 99
62 98
93 94
72 81
69 69
58 71
34 34
48 86
76 87
89 96
23 72
2 82
53 65
66 86
26 58
25 76
32 72
6 7
55 99
18 34
2 2
68 95
56 63
68 68
40 44
99 100
93 98
62 76
3 43
15 64
44 46
14 16
20 70
5 32
13 59
41 68
8 73
95 99
10 44
4 64
12 80
37 65
27 83
75 100
1 82
16 61
46 76
72 100
36 92
37 86
24 65
24 96
30 52
46 88
57 58
88 95
92 97
47 83
22 91
4 81
55 76
33 84
17 29
35 84
36 81
70 71
62 65
76 91
52 64
61 61
31 65
20 83
56 99
65 75
45 95
22 79
53 99
47 70
92 100
5 66
4 67
22 61
29 82
51 66
74 80
9 74
18 72
37 65
84 93
28 68
4 67
68 90
48 94
24 99
7 13
88 100
65 66
7 46
80 91
55 76
41 90
1 89
58 63
90 93
93 93
27 36
87 88
66 78
34 65
30 84
42 56
7 7
78 88
100 100
88 91
15 72
100 100
61 90
17 78
63 92
42 56
70 81
43 66
52 93
26 54
73 80
6 89
54 61
83 86
45 78
56 72
63 96
15 22
97 98
45 57
20 85
76 89
38 52
3 42
34 94
53 73
99 99
6 63
70 73
56 85
99 100
88 99
40 45
31 100
94 100
1 51
70 76
81 90
57 89
87 96
37 78
80 98
6 65
34 72
77 89
38 54
25 100
60 97
17 39
46 83
55 76
57 83
64 87
39 69
61 63
91 97
52 69
36 86
37 67
70 90
41 97
68 69
51 95
48 64
90 92
22 48
80 97
2 26
98 99
41 98
25 91
35 76
11 68
68 69
84 86
31 33
2 8
54 81
85 100
53 89
71 97
31 71
61 99
62 68
56 59
43 59
14 75
40 48
74 96
45 59
52 94
64 82
78 99
64 98
24 51
90 94
93 99
11 90
59 63
79 91
3 87
54 58
6 79
53 54
18 56
53 76
67 96
1 63
67 81
99 100
26 47
11 50
15 35
32 83
37 46
29 70
22 96
60 93
35 68
91 100
86 91
26 58
87 96
26 100
48 64
42 87
37 62
4 58
29 29
33 77
55 60
22 44
1 32
55 64
53 53
4 60
34 88
87 97
96 97
32 51
73 100
53 92
93 94
58 91
83 87
10 74
73 95
48 82
1 5
71 87
86 96
62 91
63 64
5 65
60 62
2 27
3 21
72 94
100 100
60 87
10 24
47 83
100 100
82 87
88 90
22 66
12 27
88 99
43 84
94 99
41 72
8 90
57 76
72 82
44 46
58 81
72 83
9 21
31 49
28 82
64 99
54 81
38 96
54 71
32 100
68 98
30 57
82 83
99 99
32 60
4 53
13 46
19 43
39 73
94 94
90 90
48 70
30 82
8 48
5 5
94 97
38 87
19 81
37 46
25 69
80 92
4 35
79 88
23 72
21 80
65 84
5 59
45 51
54 63
58 58
28 38
99 100
16 73
32 58
28 28
31 75
97 100
49 64
34 82
46 70
92 99
61 100
80 100
81 96
83 98
45 69
59 62
97 97
79 94
94 96
67 85
18 37
29 91
82 95
89 100
38 74
58 75
49 83
35 69
58 95
4 23
84 86
74 78
15 44
50 94
40 97
50 100
89 93
98 100
83 99
57 67
74 77
21 78
25 45
15 98
63 65
33 38
15 44
6 53
69 85
65 65
46 65
38 38
64 98
63 89
88 96
76 89
91 94
57 58
97 100
23 48
25 73
82 87
62 92
57 65
63 90
8 22
41 71
90 92
8 59
29 56
38 48
52 93
43 88
8 99
10 78
83 99
90 96
47 95
10 76
25 38
14 61
76 81
24 93
46 49
56 94
2 13
23 30
73 85
36 92
84 88
99 100
99 99
76 92
41 90
66 73
26 55
57 58
8 61
59 75
2 43
44 96
44 93
1 74
5 92
29 84
12 16
60 93
79 88
54 73
51 73
94 97
22 66
20 81
24 28
42 90
7 86
44 85
94 97
8 61
6 61
66 97
72 89
9 9
52 74
5 50
26 27
34 52
43 92
44 69
24 91
21 72
100 100
76 79
25 60
74 92
51 95
100 100
100 100
63 94
53 79
75 85
28 31
67 70
36 44
99 99
29 48
53 94
1 75
