100 35907562
40 41
80 98
4 16
37 90
1 46
85 90
41 47
100 100
100 100
12 60
55 93
81 92
40 50
22 53
24 87
61 88
76 91
83 88
73 81
41 97
88 92
72 89
2 69
14 20
45 65
75 98
10 88
73 73
41 77
5 30
16 40
28 52
35 45
66 83
69 78
50 65
2 79
95 98
84 97
29 71
91 99
78 98
88 90
58 82
49 99
56 58
55 83
10 84
23 74
57 96
26 90
31 97
53 85
10 91
22 89
4 99
5 87
26 99
3 91
31 88
34 77
7 21
95 98
81 94
3 45
36 59
75 83
68 85
77 92
78 96
12 22
59 96
91 93
93 97
51 72
32 45
72 99
39 90
72 98
9 85
16 71
80 90
81 83
1 41
40 64
30 45
83 91
90 91
37 46
25 74
2 32
22 92
41 53
63 86
72 77
92 93
96 98
92 93
50 58
62 96
