97 49394862
10 64
15 58
13 64
91 95
30 89
42 91
78 83
36 46
53 100
31 32
37 65
38 41
73 86
39 98
74 74
46 76
33 95
92 93
3 99
37 82
8 48
86 97
33 85
100 100
47 97
31 65
37 88
51 67
29 44
39 43
87 87
9 15
89 92
32 52
45 47
98 98
26 37
50 56
64 81
71 94
87 88
79 88
49 73
68 80
41 59
7 22
80 84
56 95
55 96
91 94
95 95
71 94
60 69
57 70
78 100
29 62
11 37
62 81
96 97
21 25
75 77
77 77
80 95
98 98
57 94
50 51
35 51
67 75
4 63
23 75
40 75
87 96
87 100
64 83
38 65
8 46
77 89
91 94
63 78
75 79
17 27
71 82
95 97
82 88
96 100
9 33
32 91
96 96
17 57
77 92
51 89
15 36
11 42
80 98
37 68
16 61
90 98
