983 5853365
95 97
85 95
66 80
42 92
34 39
13 51
20 58
82 83
40 93
57 75
84 84
95 100
99 99
68 81
24 76
70 94
40 89
33 61
12 66
18 50
21 42
33 49
17 94
62 75
37 53
31 75
45 93
92 93
14 16
89 98
17 24
76 84
73 82
61 97
61 90
97 97
15 32
79 84
54 79
10 83
89 94
36 98
34 44
16 19
96 97
2 99
33 52
54 79
4 78
88 91
9 82
67 69
84 98
13 85
38 39
32 44
72 91
49 67
13 14
68 74
73 89
41 87
32 33
54 55
95 96
47 83
40 52
44 93
85 93
74 94
61 79
91 93
98 99
49 68
48 59
99 100
69 74
100 100
27 53
18 81
93 94
60 73
78 80
45 100
5 43
87 89
79 84
88 92
4 62
68 76
90 96
49 89
68 69
58 68
89 91
89 95
90 99
9 73
8 96
64 71
28 82
67 97
80 89
45 94
29 86
39 80
91 99
10 29
59 87
92 98
34 96
71 83
75 89
61 83
97 99
87 87
66 78
93 99
45 55
24 34
33 93
29 39
24 98
27 86
21 59
64 83
50 72
61 80
91 97
5 87
45 45
86 97
40 73
72 73
57 82
15 41
44 57
50 94
24 27
27 51
62 74
24 92
62 76
41 53
6 10
27 78
9 13
39 77
77 81
21 45
41 70
70 99
59 87
18 99
95 96
30 56
23 33
35 73
29 69
25 58
32 86
41 53
87 88
56 69
37 85
50 77
55 95
15 34
45 58
13 16
73 98
85 85
58 99
69 83
75 79
64 79
62 65
22 61
97 100
28 36
60 73
30 64
65 97
16 86
62 79
20 86
87 88
70 73
9 45
75 88
36 66
11 68
59 72
23 77
70 93
31 94
39 60
13 13
62 89
72 92
55 93
18 24
4 72
15 48
36 41
72 100
13 38
37 59
55 74
90 92
43 80
2 94
12 52
71 86
94 98
24 69
18 73
7 19
88 94
67 99
45 77
20 33
81 84
10 83
54 72
1 49
87 98
92 92
26 28
49 80
90 93
34 56
93 97
100 100
35 76
95 96
54 85
83 85
24 71
54 81
8 26
83 96
82 95
21 68
10 81
34 53
40 69
68 78
31 31
84 92
62 83
85 96
38 65
62 80
51 65
29 55
74 96
5 79
80 80
57 87
58 90
54 76
54 58
49 65
41 69
35 36
96 99
39 83
33 83
84 92
92 100
56 83
63 74
89 98
5 95
24 100
100 100
94 96
84 94
34 38
70 94
61 79
37 91
60 94
72 80
97 97
85 94
26 49
100 100
81 89
30 32
51 74
43 88
44 89
56 95
41 48
93 93
35 77
41 66
85 95
33 44
33 87
97 98
35 96
3 4
72 88
86 97
77 94
44 90
14 91
16 86
28 54
29 91
19 77
81 83
77 84
38 89
84 89
77 95
40 58
54 84
15 27
49 55
7 35
21 23
31 43
35 77
90 97
83 97
63 78
87 95
83 92
71 86
95 96
19 71
79 90
20 76
28 36
84 85
63 78
40 63
24 28
25 46
3 49
13 51
23 44
13 16
46 60
94 99
41 68
49 57
26 55
65 100
53 62
25 25
35 60
52 56
12 40
23 54
64 97
26 60
37 96
47 87
75 98
25 29
75 95
94 99
25 35
98 100
69 72
66 71
46 58
18 90
95 98
4 21
36 60
14 55
99 99
47 88
60 62
39 46
99 99
55 60
14 80
34 90
81 91
70 72
24 84
4 32
49 75
56 83
7 74
57 60
88 88
87 89
80 100
44 100
63 90
26 82
63 68
29 75
16 88
78 98
14 81
76 93
46 77
47 100
81 91
20 52
88 98
18 83
31 62
41 81
10 72
1 80
79 100
59 97
21 22
33 97
3 47
16 84
51 76
5 7
43 76
42 42
44 88
13 19
57 58
92 99
52 66
63 89
98 99
61 65
67 77
23 63
87 93
96 96
87 98
79 98
8 85
59 73
74 78
38 61
43 100
83 86
38 69
33 48
28 29
97 97
63 83
44 88
46 99
22 64
86 99
56 81
60 95
43 74
36 64
59 100
48 91
53 56
71 76
69 93
66 81
1 91
11 45
60 97
60 77
36 42
64 97
72 85
39 74
39 41
22 46
87 95
56 98
35 73
43 91
29 86
47 97
33 66
41 74
56 91
38 51
85 86
10 24
60 92
42 56
34 91
58 95
82 92
91 95
8 14
30 45
32 70
79 99
75 95
84 94
87 96
63 99
2 45
87 97
63 74
44 99
88 93
30 87
1 17
30 37
92 98
25 100
39 57
95 95
93 96
21 79
73 96
88 99
29 69
99 99
61 81
49 88
38 72
73 92
23 62
76 86
47 59
75 78
16 22
42 92
42 96
74 76
87 88
47 73
4 94
55 69
58 95
73 73
42 88
35 51
56 59
29 40
21 69
64 70
41 89
40 93
26 42
57 70
83 99
70 90
94 96
25 86
43 58
13 24
82 87
81 96
8 19
45 76
3 12
76 79
82 83
25 96
82 87
89 91
99 99
56 75
8 55
7 47
6 86
36 60
57 82
61 95
48 97
57 65
36 98
72 95
25 38
17 98
73 88
15 47
90 95
65 68
24 27
33 57
65 72
82 85
76 90
29 72
39 100
64 67
92 99
90 92
48 81
49 58
43 82
41 81
9 37
70 78
56 69
45 48
16 55
23 66
58 62
53 87
93 94
78 87
16 68
4 80
5 87
84 94
48 66
21 54
51 67
69 99
79 89
89 96
65 71
28 98
11 82
31 40
42 55
32 63
31 39
94 95
75 84
46 94
57 75
58 63
88 93
85 90
82 90
56 80
74 95
52 54
63 73
1 55
91 94
12 38
61 74
74 83
83 96
64 67
48 84
5 87
16 28
63 69
67 74
66 82
38 42
63 98
58 65
34 100
11 65
36 97
98 98
2 55
67 68
20 24
24 47
28 71
47 70
100 100
96 99
91 94
13 47
69 71
13 53
6 80
6 17
51 89
90 99
49 86
14 20
92 96
10 74
89 94
54 73
33 96
72 72
4 53
48 63
71 74
23 98
70 91
24 98
54 73
58 93
44 71
36 69
8 42
75 86
15 27
72 85
37 92
52 96
40 77
13 58
35 65
32 86
64 68
70 92
39 43
33 64
25 75
37 79
74 97
8 84
63 83
85 90
88 99
22 32
99 99
38 38
4 64
40 92
22 61
90 92
40 86
79 82
38 48
90 100
100 100
72 87
23 53
18 67
71 90
48 91
18 31
67 71
7 80
20 31
56 85
82 91
64 89
81 81
90 98
22 97
61 77
48 67
21 26
45 61
17 76
97 100
91 94
38 93
21 21
63 91
4 98
90 99
96 97
10 38
61 69
37 79
1 5
2 76
8 100
20 99
58 79
2 20
60 92
85 88
27 60
37 56
28 53
48 52
31 31
14 49
64 85
71 79
48 75
20 99
73 95
54 93
14 21
53 95
56 70
95 95
64 90
63 97
7 34
82 89
60 95
49 75
6 23
41 57
27 73
29 96
10 82
24 42
90 95
48 76
84 85
60 68
81 97
83 96
81 91
79 90
58 70
59 95
15 89
86 98
41 73
17 45
77 90
37 80
8 9
74 92
98 99
25 94
60 75
67 67
95 98
84 92
6 57
33 100
51 89
46 66
78 96
5 58
5 87
25 68
90 97
8 80
20 59
65 86
39 89
78 91
43 44
7 58
34 48
78 87
87 88
89 96
87 98
16 75
11 27
72 78
12 91
28 57
86 96
24 32
33 72
93 97
87 95
38 97
93 96
50 53
49 65
88 99
35 45
54 58
33 69
34 66
4 7
72 100
18 81
14 18
63 66
86 87
59 65
44 92
59 99
70 93
75 90
66 75
70 81
27 40
46 73
12 50
24 64
19 19
2 35
27 63
19 87
11 11
29 44
33 84
12 18
92 94
49 77
63 73
28 72
52 58
22 100
41 97
79 99
86 95
17 34
88 94
75 80
24 33
15 33
50 97
53 78
22 48
97 97
67 95
5 73
23 96
57 83
21 68
21 50
55 84
75 99
16 62
98 100
15 68
80 80
54 59
89 89
60 60
21 38
71 96
50 70
86 97
32 55
25 99
47 55
76 99
76 100
100 100
65 87
22 90
20 74
61 61
12 90
16 50
8 55
94 100
34 36
89 95
86 97
3 74
36 37
40 71
1 46
70 72
78 79
36 50
36 95
75 90
34 92
12 96
91 93
80 89
93 98
98 98
99 99
25 98
8 9
59 81
69 81
56 68
19 59
37 39
22 46
17 25
24 39
15 36
56 64
89 89
76 82
19 93
19 52
62 86
7 28
6 90
100 100
29 70
63 100
13 16
60 91
66 76
1 78
1 52
69 80
74 78
81 92
19 57
27 89
47 80
10 35
84 90
63 65
65 67
