16731 62291906
4 55
59 64
85 88
45 67
6 94
73 75
62 62
12 19
40 60
29 30
78 93
55 67
80 93
24 84
90 97
89 90
64 72
94 95
59 71
49 85
19 93
46 98
51 93
4 80
74 91
57 100
42 82
52 66
96 98
62 72
86 92
33 82
100 100
63 84
2 7
78 78
5 37
33 64
1 84
5 68
74 92
70 88
88 94
86 98
77 98
85 89
39 95
55 91
31 64
92 95
87 87
100 100
8 98
77 78
1 67
88 91
87 94
92 100
35 85
44 46
31 32
58 96
61 93
83 93
62 80
23 85
72 85
55 100
25 41
62 97
2 94
4 70
5 75
71 83
39 50
57 65
26 82
19 86
92 99
11 98
63 88
15 60
95 100
16 39
39 55
57 71
64 69
29 43
20 73
56 100
12 38
26 75
51 55
54 68
93 95
45 97
85 94
85 97
39 54
54 78
38 61
60 100
15 76
59 98
17 27
82 83
99 99
5 72
85 85
47 59
35 91
40 43
72 79
87 90
60 60
77 92
59 96
85 93
32 49
43 83
78 96
21 36
95 98
21 79
36 79
44 74
6 49
80 86
52 56
47 51
47 77
50 83
36 76
56 81
54 78
88 98
73 92
86 89
72 83
62 63
48 54
79 91
27 76
33 67
66 87
52 84
15 47
80 89
75 92
27 56
13 90
46 98
50 88
56 100
35 43
44 96
18 87
99 100
93 98
36 53
25 35
19 85
28 39
47 56
100 100
92 92
89 91
1 55
11 94
99 99
74 79
32 38
81 87
52 94
24 92
56 100
25 77
82 94
62 82
11 12
37 73
82 96
7 32
82 99
86 98
27 86
19 54
41 57
89 99
87 91
56 75
29 49
82 97
87 94
70 79
57 69
8 67
37 95
38 53
95 96
90 94
44 56
10 25
31 83
98 100
3 81
81 98
32 76
49 91
85 100
67 72
91 95
96 100
97 97
58 67
11 43
79 93
11 70
97 98
78 80
93 96
44 52
68 74
92 96
1 95
69 74
65 66
67 100
81 100
11 94
44 87
19 25
62 63
55 59
78 93
71 94
5 69
38 48
64 66
84 89
42 66
73 92
84 88
29 71
16 48
26 37
26 76
72 82
10 37
44 81
64 87
53 71
66 79
66 68
45 51
39 76
45 89
87 97
53 65
83 99
59 84
70 93
94 100
95 97
3 56
51 97
15 26
84 84
68 78
59 68
52 94
70 99
28 91
38 70
46 53
87 90
12 100
67 94
51 83
95 97
93 95
62 63
95 96
20 91
24 32
29 31
12 43
99 100
45 52
83 87
6 81
80 85
26 55
66 78
90 99
5 19
5 24
83 100
65 65
10 47
45 59
60 72
29 54
81 85
55 90
8 81
2 25
46 46
38 62
34 49
89 100
23 33
65 80
90 97
44 58
61 64
87 95
48 89
27 80
60 98
51 57
59 76
75 91
18 75
99 100
71 73
54 71
39 99
15 55
25 70
4 37
45 57
6 27
46 90
47 94
9 73
27 84
7 61
34 71
59 72
97 100
30 60
60 60
28 100
19 29
74 93
50 54
50 63
63 74
89 94
67 94
98 99
33 52
49 92
46 74
17 33
60 95
73 78
12 20
91 92
15 37
80 98
72 85
13 60
28 67
42 97
85 90
49 94
64 83
95 97
96 100
4 6
44 64
46 79
88 95
90 100
81 96
39 41
52 78
13 62
96 97
59 59
21 73
57 89
45 74
35 55
22 31
76 77
58 85
16 45
14 94
27 64
44 99
12 62
25 43
2 47
92 96
94 94
69 95
7 41
79 93
52 56
6 23
82 92
21 91
40 96
49 91
53 59
60 70
81 85
96 96
81 89
34 45
18 81
31 47
22 29
97 100
75 96
59 88
13 19
29 88
81 84
58 87
64 81
2 88
24 64
32 60
28 41
24 29
3 86
10 32
54 88
38 39
30 31
5 85
98 99
55 58
47 86
11 57
61 100
1 36
85 91
57 62
37 88
64 95
98 99
18 33
63 68
51 78
99 99
5 97
47 48
78 92
22 69
78 81
43 86
61 61
82 95
83 98
35 93
98 99
10 91
68 84
69 73
66 70
1 63
6 8
98 98
41 53
66 84
54 56
82 94
54 57
29 34
98 98
11 95
16 54
95 97
98 100
77 88
78 85
33 93
36 93
14 78
3 95
20 42
56 85
10 71
89 97
33 34
75 90
95 100
96 98
85 96
2 35
90 95
3 20
21 27
55 58
91 99
81 96
23 29
70 87
72 91
52 57
10 70
57 92
9 78
85 95
25 35
32 89
76 93
25 47
63 64
20 97
42 67
25 37
79 79
66 86
7 76
37 50
33 76
4 55
8 79
100 100
2 7
58 95
20 96
65 84
22 96
62 75
21 100
2 17
28 36
47 98
31 74
16 49
88 98
13 16
81 89
99 100
48 81
22 45
48 79
18 67
11 94
57 77
34 53
52 84
51 82
18 33
64 83
59 72
65 75
38 66
34 63
24 53
83 89
75 93
38 70
76 92
8 16
41 99
17 32
32 35
15 82
21 38
91 100
92 98
100 100
65 93
65 100
78 92
75 86
33 92
90 96
39 57
79 93
83 99
24 45
52 77
12 25
26 92
39 87
14 85
79 85
69 87
82 85
78 97
53 71
1 13
82 93
76 91
67 100
81 82
49 89
26 55
35 47
64 77
12 16
17 69
88 88
19 48
99 100
18 34
92 100
89 97
88 88
46 80
33 55
46 69
7 23
86 96
6 16
96 99
10 39
98 98
86 91
14 55
46 51
40 54
5 93
28 50
95 100
21 43
19 51
43 44
2 86
86 97
87 93
88 91
30 41
72 79
41 74
29 87
5 30
3 9
50 90
83 100
63 77
58 99
27 60
85 85
99 99
72 76
37 71
30 35
90 94
27 90
74 93
7 13
75 94
92 97
69 81
43 43
96 100
19 43
52 99
37 47
29 91
67 96
89 96
66 75
17 45
67 83
79 82
37 43
9 100
5 28
85 96
13 48
51 85
90 92
75 92
78 89
52 94
79 88
74 90
42 53
28 75
53 53
82 100
21 72
17 48
32 89
58 88
88 92
43 78
90 95
98 100
45 49
100 100
40 61
31 96
28 59
40 88
63 81
27 56
70 96
78 90
20 40
21 55
40 90
36 51
40 71
47 64
64 74
50 99
51 90
71 89
74 96
6 30
83 94
72 85
68 89
4 15
38 54
17 100
66 67
71 80
42 94
21 98
5 96
88 99
95 100
51 89
91 91
17 74
57 57
15 53
79 89
67 90
52 61
98 100
53 79
30 80
66 93
57 92
71 81
84 95
68 86
85 86
80 82
30 34
87 88
91 93
40 93
16 74
44 82
28 92
13 61
83 86
8 91
21 50
62 99
90 99
47 69
72 100
43 95
3 70
35 53
16 87
86 88
98 98
37 67
36 36
38 88
22 66
42 65
79 87
19 57
48 50
23 55
60 73
66 77
86 86
92 97
83 93
61 87
73 73
83 83
8 86
24 59
73 80
10 67
34 57
17 70
24 63
44 82
85 90
84 96
6 58
22 76
46 95
70 95
17 80
43 99
99 99
4 67
46 55
87 97
91 97
20 94
37 70
86 92
48 62
90 94
12 90
94 97
35 82
55 63
99 100
60 94
6 21
21 53
16 77
49 79
52 53
24 75
71 90
73 100
72 75
2 88
66 99
51 91
30 94
22 99
42 87
70 85
74 100
87 93
23 59
36 58
43 70
90 92
67 74
6 28
17 67
59 93
94 95
5 14
17 28
27 39
78 89
13 24
68 79
43 68
7 8
9 86
59 63
1 11
24 84
68 81
20 23
97 98
31 65
48 52
2 72
72 83
31 48
14 25
99 100
80 90
45 87
63 92
81 94
61 79
94 98
63 94
3 6
48 76
45 61
5 58
96 99
63 70
98 99
32 88
68 92
74 77
40 50
74 91
87 92
18 33
65 85
52 82
20 51
89 97
97 99
14 53
15 51
7 59
34 84
95 100
37 84
5 64
4 16
30 48
51 99
97 98
85 93
49 91
2 58
7 88
38 49
89 99
24 72
60 77
59 63
99 100
96 99
85 94
42 73
36 41
60 93
52 80
23 94
80 91
70 74
54 61
60 83
90 100
33 99
62 74
73 88
5 73
20 92
51 56
1 86
7 84
35 35
90 94
90 93
69 85
58 70
86 93
39 97
83 85
48 77
18 67
41 68
56 86
93 100
58 70
52 77
3 4
6 54
52 71
6 83
30 54
20 99
76 96
4 99
10 21
89 97
35 55
70 95
60 72
48 82
83 94
30 90
88 89
15 51
75 86
76 89
81 81
64 98
3 87
54 58
2 45
62 97
81 90
88 95
33 80
24 90
88 94
84 99
15 57
57 93
60 98
27 48
25 71
32 45
7 60
33 100
55 75
1 36
9 65
28 51
20 96
9 89
19 72
8 21
15 81
13 59
46 48
11 33
70 81
74 94
8 10
89 97
26 90
37 48
97 99
40 66
64 91
39 64
35 86
65 79
44 62
37 89
42 44
68 91
21 98
33 75
47 64
43 50
38 82
98 100
55 98
98 100
85 88
39 87
84 87
15 76
43 100
99 100
50 90
3 14
96 99
49 71
55 85
58 60
59 87
29 98
66 91
89 97
91 98
27 28
59 80
19 59
90 92
14 32
72 88
26 48
65 86
86 93
88 96
74 94
17 75
28 95
23 89
2 16
35 49
13 33
2 14
15 78
79 99
99 100
31 61
71 87
56 92
85 93
6 70
51 80
61 99
77 97
33 56
79 98
68 68
69 81
95 100
89 99
49 73
92 95
55 100
26 52
35 37
37 54
70 73
94 96
9 43
52 65
92 98
26 92
98 100
77 92
90 99
72 77
13 57
79 95
81 86
9 94
48 51
18 98
91 98
2 11
56 86
35 41
24 84
10 34
61 72
15 97
33 43
49 99
30 90
91 94
32 89
90 90
22 38
85 99
29 59
27 64
95 95
76 91
29 100
72 81
10 74
10 46
78 96
71 93
87 87
13 69
8 26
44 63
29 52
48 70
32 54
41 64
47 48
62 80
92 95
30 30
96 100
35 39
36 75
26 88
51 91
7 49
81 83
91 92
81 91
41 93
17 71
9 69
33 59
17 64
40 40
10 25
55 77
4 25
35 57
78 78
23 67
27 100
100 100
72 72
51 78
27 87
59 85
49 66
96 96
22 65
5 10
8 30
23 73
63 83
36 91
63 67
9 91
76 81
52 90
38 85
58 76
63 72
66 69
87 90
68 91
79 90
60 76
54 90
65 90
95 96
53 55
46 48
24 38
43 56
73 85
53 80
90 99
95 99
18 47
47 68
70 85
50 70
95 99
54 79
55 96
84 85
68 85
98 99
64 96
30 66
51 92
89 98
32 32
77 88
44 100
43 62
37 67
87 90
52 98
94 98
36 66
43 87
53 96
99 100
5 18
71 87
59 60
42 77
99 99
61 79
51 93
89 94
33 96
56 84
6 100
13 14
61 77
67 94
42 60
94 94
24 82
37 80
39 51
65 87
75 76
53 57
31 72
72 90
78 84
83 85
62 99
76 84
28 72
84 88
53 86
69 78
80 82
69 86
98 100
65 75
76 94
27 85
64 83
9 51
57 92
75 81
87 93
97 97
95 98
46 99
9 56
14 64
65 70
9 20
1 41
66 68
78 91
26 72
47 93
22 45
45 51
32 55
60 68
51 77
65 97
78 98
78 83
77 93
59 76
51 99
97 98
65 71
26 66
86 95
59 94
17 70
42 90
39 53
76 79
66 82
83 89
74 94
1 57
4 36
7 92
6 7
71 88
53 92
79 97
39 56
48 92
73 88
20 48
30 39
8 64
54 66
66 81
4 28
61 65
73 97
12 66
35 53
98 98
86 98
9 63
66 100
38 74
59 79
75 87
67 76
74 76
72 76
23 53
68 82
98 99
99 100
90 95
32 89
11 86
92 94
77 98
90 97
58 86
89 93
96 97
38 45
45 88
23 51
45 88
68 83
100 100
26 41
10 30
99 100
96 100
96 97
41 91
91 93
11 39
25 93
34 100
61 90
77 94
43 69
49 65
78 91
99 99
38 88
94 99
71 97
91 97
28 42
71 91
9 43
49 76
82 95
42 43
58 87
90 92
16 77
37 41
1 11
88 98
24 88
96 100
21 32
51 66
70 97
67 99
21 71
88 91
56 70
6 45
16 45
73 79
99 100
75 93
61 76
58 63
79 82
51 73
71 74
88 96
54 72
79 84
6 26
69 76
48 63
40 98
71 99
61 82
23 87
70 83
23 72
13 54
39 59
36 96
3 51
3 14
62 88
17 93
56 71
43 71
49 57
43 51
84 84
46 92
60 87
55 83
18 90
86 94
85 97
53 61
76 81
35 44
24 81
44 55
28 46
50 89
59 73
59 86
13 86
97 98
34 77
96 96
54 58
68 68
35 49
92 95
43 89
68 82
31 92
100 100
40 56
47 68
66 74
73 97
72 98
80 83
66 88
63 87
55 72
55 91
63 96
40 75
6 26
74 94
75 95
30 51
30 84
8 59
23 45
20 87
41 99
45 47
7 69
7 67
26 32
87 93
81 88
70 88
71 72
86 98
25 44
100 100
82 94
39 42
29 76
76 90
62 70
28 32
65 97
1 86
70 81
100 100
67 94
57 88
29 39
11 15
20 46
60 88
22 43
75 95
92 97
37 76
45 86
63 88
33 71
39 90
31 42
99 99
99 100
60 78
41 58
53 64
12 27
98 100
44 63
1 39
80 92
15 62
81 90
100 100
53 80
35 79
65 93
43 57
96 96
14 41
65 87
28 42
73 75
60 62
55 95
75 75
82 99
99 99
82 86
70 77
87 96
76 76
57 63
84 93
18 75
72 84
67 78
13 34
99 99
80 83
71 89
83 95
17 36
92 93
80 89
29 94
46 76
71 98
45 72
7 70
85 90
16 70
14 33
34 65
67 82
93 96
36 65
48 49
17 94
95 100
84 86
17 41
83 99
58 79
55 85
83 88
94 94
69 93
7 88
14 46
12 69
39 94
79 91
11 16
82 90
42 48
53 75
31 52
24 70
99 99
79 97
100 100
88 98
83 93
56 64
38 66
23 68
94 97
23 54
78 93
61 80
39 57
11 32
2 48
55 64
5 77
19 66
58 77
59 62
50 66
75 95
51 78
26 82
15 40
16 57
87 89
92 98
61 90
51 95
10 43
7 13
61 82
21 63
50 100
88 90
43 83
63 68
54 65
3 85
69 78
62 97
89 90
90 97
28 59
64 71
12 36
65 67
25 54
32 35
70 80
82 89
41 97
61 91
50 64
73 85
56 85
78 79
25 42
20 84
61 62
82 97
26 93
15 22
3 62
8 68
100 100
80 98
48 88
15 31
52 65
84 91
41 77
67 81
21 77
79 91
15 45
89 98
74 77
35 38
82 86
26 50
40 52
9 44
80 82
43 62
98 98
37 74
47 47
29 31
7 42
32 56
58 77
9 47
43 51
4 34
54 100
1 9
20 29
54 77
82 97
84 94
30 99
10 99
70 73
81 100
98 100
46 58
66 100
51 77
14 35
43 49
68 73
13 96
62 79
77 96
33 38
71 76
7 48
86 96
42 66
17 73
47 83
82 96
19 71
14 46
74 99
66 86
59 66
46 99
33 34
13 65
69 96
78 97
93 99
70 83
83 94
99 100
16 53
66 70
6 48
98 100
59 60
27 60
75 100
21 95
37 86
70 78
43 91
19 91
13 67
59 88
58 75
38 81
83 97
36 53
78 78
24 82
65 97
30 77
60 72
33 60
99 100
57 84
97 98
25 90
86 97
86 91
74 86
55 93
19 86
99 100
12 100
51 61
20 28
25 87
11 53
50 99
61 92
8 12
77 86
33 37
84 87
90 97
55 89
25 91
73 100
56 56
6 97
99 99
29 46
78 94
31 58
72 87
13 58
21 45
90 94
1 42
71 72
83 84
14 55
8 58
43 82
29 68
10 21
4 64
31 53
4 71
20 74
39 63
51 83
91 94
97 100
19 45
100 100
6 73
97 99
56 71
3 3
24 98
47 77
78 90
46 72
87 100
74 86
16 38
81 96
71 84
64 100
10 45
50 66
54 83
42 57
49 98
28 64
88 100
13 14
22 82
27 84
87 92
54 83
22 28
45 79
40 74
13 15
75 77
25 50
63 98
33 89
84 98
47 98
61 82
25 55
47 82
52 91
61 65
23 42
58 83
50 88
42 49
100 100
40 87
85 85
73 84
4 55
68 96
26 83
48 86
6 86
1 85
91 99
60 62
41 66
86 96
84 92
93 99
35 96
75 88
47 63
97 99
97 100
21 75
91 96
32 46
56 77
81 97
91 100
24 96
76 97
80 92
64 74
73 96
88 98
31 64
89 100
29 93
51 57
67 95
65 99
1 85
83 90
6 100
49 59
45 58
45 59
35 87
93 94
51 67
58 68
81 86
42 57
31 83
42 49
47 73
13 75
11 34
43 70
36 40
88 91
76 94
91 94
91 96
67 76
10 63
81 88
91 98
71 96
3 99
23 54
52 54
26 55
55 83
13 31
43 63
55 67
72 76
18 82
17 88
10 83
22 81
93 93
71 89
41 99
55 91
20 47
54 59
55 91
92 96
88 96
63 64
61 89
41 73
74 93
20 58
86 99
52 86
79 100
20 90
81 89
5 6
11 38
30 56
23 99
38 50
93 94
29 48
35 47
19 52
48 53
80 96
36 92
78 99
50 97
47 53
90 96
72 88
48 71
6 89
71 94
65 69
22 90
24 37
67 76
11 42
43 97
29 44
95 98
86 87
74 89
30 42
5 47
56 93
21 21
64 84
85 85
82 86
29 98
24 60
64 76
80 90
43 52
88 89
67 88
48 59
59 93
11 14
88 100
82 87
24 88
3 83
63 99
72 93
93 100
98 99
50 96
50 77
72 77
39 80
57 81
74 74
86 95
9 9
73 86
37 100
84 88
20 20
100 100
3 59
70 88
29 80
21 90
33 74
79 85
5 26
40 42
46 47
86 97
33 36
83 97
9 43
41 92
30 97
93 98
59 85
85 92
57 60
22 67
2 87
43 55
27 93
80 84
11 23
95 97
69 86
78 87
34 84
19 37
44 77
44 76
25 66
81 98
6 12
48 69
72 87
40 77
78 97
9 75
45 74
45 70
75 99
87 93
88 94
19 24
17 27
91 98
47 55
22 76
56 100
99 100
95 99
62 80
15 71
19 53
52 99
77 91
54 92
89 91
40 87
72 95
6 76
17 24
40 84
84 100
52 85
88 98
12 39
34 90
53 73
3 33
37 39
90 98
2 24
84 94
9 86
38 95
9 97
31 59
93 97
71 81
37 53
69 89
77 100
14 40
37 89
76 88
31 89
8 98
20 97
28 97
67 79
74 92
73 86
35 50
35 47
80 94
71 88
100 100
100 100
61 87
73 77
70 72
74 86
28 49
11 31
42 48
83 90
67 71
30 44
24 42
7 31
82 87
43 72
81 93
76 80
40 50
75 75
10 60
55 75
16 81
75 79
41 72
32 38
9 92
40 74
66 72
48 73
2 9
28 95
30 62
98 98
77 88
94 100
67 69
48 53
62 87
88 99
21 57
78 95
44 81
20 91
13 40
15 40
66 72
46 67
33 58
60 65
6 45
10 78
61 77
3 40
85 94
99 99
10 81
1 57
80 83
41 50
10 73
66 73
64 100
77 84
69 93
68 87
73 82
8 36
68 99
48 65
34 69
83 90
77 79
58 99
2 60
19 55
100 100
75 91
99 100
97 97
14 18
5 13
22 70
43 52
21 91
93 99
4 95
92 93
100 100
71 80
61 87
59 85
55 73
65 73
99 100
87 89
32 92
56 90
71 73
31 70
98 100
100 100
6 73
50 99
78 81
94 99
89 99
95 97
43 46
57 92
61 84
34 82
4 72
43 90
46 60
80 100
89 89
92 93
39 49
54 61
16 29
3 6
51 55
89 89
1 86
57 94
76 90
34 43
81 94
36 84
70 79
95 98
94 96
69 70
20 66
23 99
7 89
8 17
37 87
32 86
56 77
47 62
44 94
84 95
67 72
42 75
100 100
26 62
71 74
31 91
67 94
45 68
40 93
3 97
41 53
53 58
68 100
46 75
33 68
83 85
19 35
30 91
34 39
39 46
90 97
55 78
23 96
72 82
74 83
47 99
15 59
94 94
65 91
26 81
20 74
55 59
87 93
31 57
86 87
70 77
66 93
36 95
68 91
33 49
50 98
64 70
77 80
77 96
36 48
36 52
67 70
68 77
29 44
44 47
91 96
5 65
43 90
22 30
86 98
59 100
34 61
27 46
17 60
46 74
64 75
75 94
100 100
78 78
48 94
72 88
90 98
82 96
90 94
98 100
46 48
58 100
8 38
47 75
2 59
27 31
13 41
27 80
31 38
38 92
45 84
96 96
65 67
60 99
5 6
95 99
99 100
98 99
87 89
8 93
80 97
62 92
39 62
52 63
6 7
95 95
71 91
54 89
62 88
16 62
78 87
12 100
25 86
100 100
67 78
98 100
40 76
6 37
47 97
15 96
79 82
85 91
74 87
81 85
76 92
88 98
81 95
72 100
84 90
7 100
5 47
13 42
84 97
35 47
8 59
7 17
5 85
85 87
94 97
17 98
76 97
74 94
24 94
68 98
93 97
15 32
12 73
74 88
38 67
65 80
74 92
32 59
52 97
86 94
35 94
26 97
44 95
21 35
1 29
30 77
15 55
80 94
80 94
64 88
65 82
89 91
81 94
74 97
17 53
44 74
26 73
5 17
22 64
33 44
39 91
81 98
54 62
23 32
37 49
40 90
14 56
10 58
86 99
26 74
87 92
43 83
34 79
89 99
17 91
51 94
66 93
41 45
15 20
63 81
28 69
44 90
24 50
80 99
8 34
11 23
10 35
31 54
99 100
42 54
90 94
34 62
3 92
67 82
88 90
52 52
68 80
58 86
59 61
100 100
47 68
89 95
18 62
57 74
82 86
8 71
35 76
2 64
96 96
93 93
67 73
38 96
21 99
49 72
35 58
12 87
67 73
76 90
8 99
48 51
25 36
88 93
98 99
35 62
63 66
9 74
35 85
94 99
59 68
41 50
56 78
18 56
41 76
41 81
42 48
24 45
6 80
53 69
6 54
82 94
40 48
58 80
17 95
99 100
47 48
91 95
75 94
53 71
96 97
75 99
18 28
86 96
88 100
15 75
15 19
41 86
21 28
77 94
31 50
77 99
43 93
9 47
51 86
82 86
24 49
90 95
24 87
1 2
60 84
54 54
54 59
66 81
56 92
53 85
11 54
8 35
82 82
89 94
100 100
35 87
65 84
10 35
38 60
57 90
45 69
31 100
50 56
9 49
76 91
62 94
64 76
9 80
81 83
75 95
19 43
34 54
68 74
76 88
26 77
70 71
38 77
53 67
75 75
20 24
29 49
4 23
79 99
7 67
5 60
61 67
71 97
63 83
32 39
82 95
39 42
12 49
30 43
76 100
81 85
93 97
16 95
35 82
35 73
54 67
3 4
45 48
12 27
12 64
85 99
42 93
9 54
32 70
78 84
44 81
9 48
11 99
36 94
4 82
35 46
66 91
34 79
90 93
74 82
27 89
7 98
96 97
17 22
57 60
16 41
50 82
22 87
75 87
25 72
6 81
66 72
76 88
43 64
40 94
37 64
79 81
75 96
90 92
34 56
91 96
63 86
5 69
72 92
99 99
59 84
49 73
21 60
39 81
28 68
96 96
94 95
8 79
100 100
54 91
48 56
23 92
51 61
81 85
83 91
61 79
98 99
26 60
54 77
11 57
95 99
25 46
80 89
90 90
18 65
35 57
79 98
96 96
52 64
3 11
80 97
52 55
71 88
59 71
92 95
28 80
67 67
59 59
71 87
82 94
1 27
6 58
72 75
42 71
7 80
21 28
58 61
12 89
53 92
30 33
59 100
23 49
56 91
58 94
20 73
91 92
6 91
77 77
41 50
29 86
67 94
97 99
97 100
90 98
8 27
47 64
27 92
35 40
71 98
91 100
77 83
73 84
4 40
18 29
20 58
57 67
92 98
34 37
37 66
33 62
29 65
76 94
37 74
44 91
27 68
88 90
40 81
100 100
7 63
44 91
73 89
15 29
19 46
49 77
31 49
21 32
7 47
75 92
44 87
46 69
56 95
15 18
33 85
85 85
24 73
8 82
78 94
54 72
38 38
12 97
2 36
98 99
18 78
7 65
8 91
74 75
26 72
72 75
6 90
47 61
53 57
76 91
49 86
62 85
11 13
53 84
54 71
49 88
74 77
16 30
9 57
51 75
78 93
1 48
33 52
74 93
80 91
14 95
81 87
52 80
46 64
39 45
51 70
56 68
43 73
78 99
52 84
5 10
99 99
56 96
17 51
95 100
40 43
45 98
22 58
27 93
41 41
19 25
94 95
77 92
38 65
22 22
52 86
24 69
89 97
40 59
18 39
40 57
34 79
85 99
33 79
23 51
54 82
87 98
14 52
28 55
98 98
11 35
85 89
85 91
16 56
37 39
81 98
79 86
48 54
55 80
73 94
56 75
16 20
85 98
67 68
3 21
27 71
65 100
44 55
87 88
17 68
96 99
28 34
36 92
72 99
6 67
82 85
98 99
71 87
56 75
49 70
24 43
22 83
93 93
11 49
6 32
86 100
16 29
65 78
9 43
77 84
82 86
96 96
66 94
75 87
41 77
69 81
82 98
82 83
97 100
60 98
66 87
82 97
61 98
87 100
52 64
44 74
51 94
68 96
51 81
65 92
83 89
26 71
61 79
63 85
23 77
94 100
16 84
94 98
39 64
43 44
4 47
95 96
42 58
20 95
89 97
72 90
37 52
8 55
46 100
9 73
71 71
30 100
51 87
19 76
30 64
12 77
73 100
48 66
62 70
26 85
81 89
20 41
98 98
27 40
60 67
25 99
95 97
22 34
19 50
46 48
7 17
78 90
67 76
10 52
15 88
6 22
58 83
10 49
79 79
56 94
19 73
17 91
57 87
4 68
52 94
94 100
49 57
17 60
39 55
66 90
17 26
58 62
27 74
88 93
18 77
25 38
59 78
11 97
24 94
40 69
23 24
68 96
84 97
61 83
12 40
30 100
77 95
100 100
7 59
44 99
42 68
53 68
29 76
79 98
76 89
24 91
55 97
70 78
73 90
59 70
98 98
28 58
66 72
99 100
51 100
29 34
75 80
9 58
32 32
51 89
53 69
26 38
96 99
18 33
79 97
98 98
53 57
19 61
80 99
59 85
29 44
60 80
77 89
7 96
96 100
21 94
28 29
45 91
86 88
75 78
18 58
98 99
98 100
64 71
7 100
85 88
84 91
32 70
93 93
21 100
85 93
48 91
16 27
69 85
98 100
77 96
94 98
24 29
84 96
45 98
68 86
48 59
16 97
49 53
54 83
22 34
79 80
52 97
37 60
30 100
71 86
33 48
52 87
51 63
67 96
4 32
33 84
80 95
34 35
63 85
52 77
11 41
63 76
62 100
52 64
77 87
17 49
10 91
10 50
99 100
76 76
60 88
97 97
85 91
12 70
42 97
11 74
69 93
40 79
28 28
20 93
93 95
92 94
80 94
34 57
48 48
77 87
82 88
97 97
88 97
68 80
79 88
16 44
9 26
91 93
84 89
92 94
18 92
37 82
95 99
12 68
66 90
68 100
64 70
46 85
3 26
38 79
81 91
14 92
46 57
2 81
34 99
59 59
88 99
71 85
72 74
46 70
2 15
4 16
40 98
73 92
40 68
28 71
28 98
25 38
61 71
19 51
4 91
54 77
64 65
66 70
22 50
90 91
91 92
66 68
25 97
5 58
91 93
32 99
85 87
49 68
52 61
97 98
16 18
39 83
97 100
58 71
53 84
3 10
73 75
77 85
48 60
11 45
18 92
73 78
30 35
51 94
5 60
4 54
25 63
17 36
79 92
44 73
5 75
25 32
41 41
33 71
75 83
89 95
3 100
71 78
93 93
26 69
99 100
49 93
35 41
28 100
82 89
99 100
59 94
77 79
9 15
54 73
92 96
17 43
97 97
19 80
57 66
26 26
51 59
83 91
63 66
61 95
67 78
59 85
13 38
38 79
27 71
88 96
54 63
98 99
36 82
31 91
47 97
83 90
39 53
26 74
76 100
22 59
73 96
84 97
98 98
84 87
19 79
60 67
34 83
69 73
89 97
61 79
58 58
50 59
5 79
78 90
26 35
13 52
32 37
35 45
39 94
99 99
83 98
53 62
7 53
16 74
91 96
53 96
17 26
30 78
64 74
64 69
33 34
9 99
61 94
7 72
77 89
11 77
17 20
67 84
56 79
17 31
94 98
41 61
55 67
15 91
21 51
23 70
77 80
35 95
18 93
76 88
49 59
85 90
8 48
46 64
44 97
71 91
38 76
27 39
1 46
2 90
14 39
95 99
43 90
38 81
33 37
34 59
34 88
84 100
20 94
35 97
16 39
38 94
12 78
94 94
45 87
73 84
21 21
44 71
18 58
66 85
1 63
46 75
53 69
57 75
10 83
77 97
30 98
87 95
30 85
86 88
38 86
30 55
65 84
34 100
86 96
59 62
83 84
27 73
12 78
58 89
52 65
92 94
36 92
45 82
30 42
44 50
36 45
88 92
83 91
10 49
80 86
81 92
41 81
77 97
57 72
17 44
44 46
53 90
37 58
24 75
52 65
46 48
27 52
4 81
1 10
7 70
7 42
1 50
1 81
80 96
83 84
45 79
49 50
66 91
30 35
36 64
54 70
2 21
36 87
28 92
57 79
14 52
47 98
78 93
15 68
17 45
26 27
34 72
40 68
41 76
81 98
98 100
78 84
100 100
26 45
10 55
42 54
41 41
68 92
96 97
81 99
83 90
47 57
73 76
84 90
1 56
81 87
73 98
91 94
2 94
77 94
73 73
69 72
86 96
22 38
76 80
9 72
66 68
41 97
72 89
13 35
99 99
10 57
33 72
25 37
14 29
42 43
6 49
24 38
84 87
54 67
8 71
74 80
58 82
76 96
65 70
71 74
2 64
76 79
74 94
89 94
71 71
7 99
31 50
33 41
15 100
99 100
54 95
40 53
92 97
72 80
84 98
70 81
45 75
36 71
81 90
18 40
77 79
86 87
86 94
55 83
16 45
5 96
18 52
31 35
59 81
82 89
79 88
67 99
55 98
29 50
85 94
40 56
97 99
99 100
42 71
90 93
26 45
41 65
38 74
72 90
23 32
5 58
96 99
17 38
37 80
15 99
78 80
39 85
73 86
52 81
20 27
75 76
49 75
42 64
32 77
66 81
12 96
29 98
86 100
84 95
9 83
42 65
16 62
60 87
79 100
83 89
79 89
49 63
49 100
40 87
99 100
21 83
51 68
34 58
77 93
85 97
6 46
7 85
8 26
21 30
75 86
19 84
50 59
12 20
63 90
11 39
11 14
33 100
67 75
97 97
14 99
95 97
20 56
69 89
8 100
37 58
75 82
44 50
92 99
64 67
53 56
32 61
20 96
55 73
72 80
4 61
72 94
10 25
15 83
12 94
3 73
45 69
29 30
94 96
86 90
38 69
58 87
49 61
51 70
70 74
54 68
10 60
3 92
70 72
28 85
84 98
94 100
22 53
76 93
22 65
50 53
21 38
19 19
44 60
23 75
86 95
66 77
76 79
11 90
71 98
62 72
66 78
10 99
69 89
76 96
91 96
39 55
33 45
49 78
9 82
24 73
56 60
75 92
7 51
88 90
46 69
77 88
13 53
60 83
25 95
70 98
21 98
41 62
26 71
17 82
50 86
55 74
42 56
13 56
80 91
83 95
62 95
70 89
65 71
63 74
26 27
20 69
33 76
36 44
49 66
90 100
85 100
58 60
70 91
12 99
14 54
35 85
55 97
47 75
30 42
92 96
49 71
92 92
33 94
1 21
53 96
29 57
25 46
31 69
27 78
29 40
2 5
1 31
70 95
98 98
33 79
41 86
61 89
10 74
15 30
75 75
54 80
32 39
94 100
90 90
94 99
43 61
98 98
27 83
53 71
18 75
81 100
64 93
98 99
60 85
51 94
74 99
12 55
33 97
9 51
13 78
97 98
14 77
84 92
59 65
6 39
96 97
18 41
4 40
68 75
60 72
35 56
10 40
28 92
15 18
100 100
2 17
70 84
54 96
35 49
88 100
77 77
19 99
76 93
82 92
72 74
5 36
57 99
80 99
77 78
62 94
73 81
44 69
80 86
40 75
43 65
90 98
64 72
34 89
76 88
92 93
85 93
63 98
84 86
99 99
63 78
7 27
44 81
27 63
96 100
35 72
1 73
54 59
17 68
24 46
21 95
8 70
71 96
39 70
40 67
79 92
22 38
49 55
71 87
31 60
69 94
91 99
100 100
22 94
95 95
82 89
31 92
49 55
62 100
87 89
85 92
72 80
75 87
56 84
96 100
45 97
50 50
100 100
64 68
65 86
66 75
54 67
2 67
75 80
38 45
89 97
100 100
19 21
89 100
8 97
6 78
80 83
98 99
15 96
57 70
40 69
70 98
91 96
15 84
7 95
68 83
85 99
60 79
55 57
48 100
58 94
21 28
8 76
58 66
83 85
16 35
68 69
88 90
97 100
5 63
36 54
27 57
29 47
85 97
96 96
8 86
60 95
90 96
86 95
28 71
20 57
24 79
58 90
35 72
8 63
48 94
26 46
96 100
27 89
92 98
78 86
70 74
24 40
67 72
65 80
67 78
78 82
9 73
49 100
79 98
5 85
48 95
77 79
37 83
14 96
67 86
26 40
21 86
26 46
58 66
48 82
63 76
78 98
27 55
41 58
41 84
55 69
94 94
54 87
12 61
58 61
64 78
11 57
37 38
32 76
79 97
18 22
100 100
19 21
63 81
91 95
4 41
26 42
33 78
40 56
24 80
84 88
62 76
89 97
78 84
92 100
36 47
4 93
67 79
53 71
11 80
14 99
60 97
11 22
17 41
35 99
97 99
82 90
70 94
13 83
69 83
65 80
91 99
96 98
19 69
84 88
78 91
50 67
85 92
92 100
38 92
31 37
88 97
78 96
51 83
1 44
68 80
8 81
71 91
85 97
44 69
69 87
73 80
79 81
83 83
23 90
41 72
73 89
40 95
12 46
97 98
15 39
82 89
35 98
52 54
99 100
34 67
47 60
57 73
30 99
47 95
31 88
25 53
12 99
9 75
50 90
68 75
58 60
80 80
32 51
83 96
79 85
98 98
94 95
23 79
21 84
36 36
25 63
98 99
88 94
63 97
2 38
56 59
51 91
88 91
54 73
51 54
75 95
59 97
34 81
70 78
62 65
66 88
87 95
60 64
61 63
26 100
87 93
38 97
24 85
68 68
1 92
76 79
1 73
89 93
44 68
51 92
93 96
10 43
31 85
4 38
4 82
83 89
37 65
97 100
59 75
66 70
62 92
74 79
64 100
73 77
71 87
28 93
76 89
63 79
13 92
21 37
83 93
5 28
49 69
53 53
43 91
34 53
92 94
41 100
33 33
69 100
11 70
75 95
81 94
96 100
55 56
11 67
61 74
29 83
89 96
6 50
77 79
18 92
63 73
82 99
75 78
47 90
88 91
19 57
71 99
32 100
15 53
82 90
43 100
57 76
99 100
21 86
59 94
36 88
71 94
48 51
34 66
94 100
59 87
8 91
26 76
8 67
36 81
87 87
47 64
87 95
63 76
13 89
91 94
83 92
65 85
39 72
18 40
71 71
87 98
99 100
39 70
82 90
2 93
81 100
75 95
26 56
83 88
14 51
17 78
80 98
51 90
80 92
83 95
24 28
36 60
59 100
49 63
81 98
5 57
20 30
53 95
90 98
73 92
1 9
11 77
69 99
79 93
34 95
94 98
43 60
30 80
32 79
48 96
65 67
58 61
45 47
49 86
76 91
60 99
60 74
63 83
84 94
61 77
41 60
2 94
40 41
90 100
74 78
48 53
67 93
44 87
54 57
45 80
83 91
80 81
21 23
55 90
76 76
51 86
57 80
43 98
69 86
55 60
14 60
5 64
77 87
11 40
97 99
35 92
79 100
10 41
76 94
70 72
38 80
95 99
46 61
54 84
40 48
65 98
55 99
76 76
89 97
43 58
53 54
22 29
28 92
72 81
11 65
37 99
80 95
28 38
5 58
73 96
100 100
88 94
33 75
96 100
19 41
65 67
59 78
75 84
34 37
4 68
20 69
50 76
40 85
10 13
41 56
42 58
77 86
17 70
80 90
37 99
73 100
68 91
85 90
72 93
34 70
22 88
86 92
100 100
81 90
18 44
79 79
77 79
15 60
47 65
5 78
72 84
85 100
76 88
81 91
23 54
19 73
80 80
97 97
55 70
68 77
7 25
37 46
48 77
11 12
46 72
46 78
84 84
46 62
18 76
62 68
39 72
46 94
20 96
53 65
83 87
87 95
41 58
49 89
49 99
56 59
38 91
42 57
73 78
8 65
28 76
17 30
13 13
13 65
5 30
63 68
57 85
32 33
72 81
50 75
91 94
10 58
56 90
78 78
15 18
67 97
64 73
60 79
51 62
86 99
71 75
26 95
80 100
2 22
9 41
96 97
70 72
17 27
7 44
15 68
19 93
12 78
38 69
57 98
15 82
8 52
3 58
18 83
24 63
70 85
59 76
100 100
2 88
54 69
3 95
50 68
39 81
18 59
64 78
63 75
44 52
23 69
23 31
40 52
81 87
86 93
78 95
20 84
32 36
68 84
88 99
10 41
69 77
93 94
84 86
59 89
94 98
36 87
37 99
26 99
68 84
64 79
50 64
46 83
87 100
35 77
99 100
64 85
13 13
18 22
33 38
47 92
46 65
14 66
57 85
38 97
80 84
35 99
72 92
42 82
31 45
35 93
63 75
86 86
41 97
36 37
31 70
89 89
91 91
97 97
81 85
60 88
5 42
7 65
94 96
46 51
41 52
9 93
16 34
98 98
15 73
27 81
94 95
4 89
89 93
93 100
7 27
14 72
59 90
73 88
98 98
28 79
7 83
56 57
66 87
43 75
34 72
27 34
63 66
21 44
48 67
14 48
50 97
58 63
87 87
76 87
84 92
55 90
67 96
8 81
78 97
69 86
82 94
64 94
77 89
14 75
45 91
93 97
70 80
75 75
40 86
8 81
74 85
59 72
29 83
50 75
59 70
81 86
20 56
87 93
100 100
65 85
83 89
97 98
67 83
53 89
18 49
5 87
98 99
89 91
3 60
12 74
9 33
78 89
19 34
3 70
16 95
5 63
98 99
47 60
98 99
20 29
65 86
100 100
99 100
7 76
23 81
52 94
56 64
20 22
55 91
16 56
10 58
11 80
46 86
57 90
50 61
81 89
66 78
88 98
81 95
83 92
76 93
57 68
29 69
19 81
100 100
19 49
61 64
37 75
96 98
97 97
27 55
79 91
92 93
93 95
93 98
73 77
50 65
16 33
83 92
40 44
22 29
50 89
1 40
73 100
91 98
22 81
26 57
10 39
39 57
7 39
94 98
23 97
93 96
43 82
10 56
82 89
58 72
39 47
95 99
14 24
3 18
20 92
6 59
47 85
52 95
11 30
84 86
31 47
50 90
96 100
82 88
49 86
79 86
10 20
49 74
9 79
20 100
52 88
35 65
24 35
53 100
40 70
55 64
84 89
60 96
71 91
80 84
21 64
54 73
9 31
49 51
72 94
75 80
17 37
29 60
15 36
92 97
66 83
56 58
66 92
23 51
6 55
43 49
27 68
25 43
14 14
90 91
33 91
50 92
51 98
52 99
31 84
80 98
53 83
50 53
78 83
72 74
7 71
67 96
53 59
10 97
52 57
89 96
40 87
99 99
38 54
49 50
69 95
74 87
2 66
85 99
27 61
86 96
93 93
88 94
6 29
76 100
51 95
57 88
55 92
82 88
46 97
63 82
92 95
8 43
32 81
9 40
81 83
68 68
28 95
19 95
71 79
71 91
40 60
54 92
100 100
89 99
56 99
94 97
64 94
84 91
51 93
42 69
60 69
81 90
52 63
11 60
5 98
4 46
73 86
40 45
9 15
22 59
51 55
47 55
29 32
85 93
75 95
61 88
100 100
58 85
2 67
8 43
33 56
1 86
16 34
31 97
21 72
8 70
40 99
57 67
91 94
12 46
77 85
33 91
22 44
37 82
57 62
66 66
14 70
88 95
29 45
56 93
69 90
4 35
21 47
84 87
95 95
19 28
16 85
31 81
25 67
49 51
41 96
98 99
9 26
93 94
94 94
14 86
55 56
24 61
8 83
16 16
40 50
32 75
84 88
41 46
1 95
22 99
42 81
67 97
36 91
14 75
37 92
9 56
65 74
70 75
88 90
61 82
58 100
23 90
25 88
9 35
11 84
17 22
65 82
37 52
33 77
53 60
13 63
57 74
74 95
9 12
53 90
32 72
37 42
42 66
96 98
2 60
14 77
68 98
5 58
32 97
63 76
89 99
2 53
31 90
63 71
14 90
64 100
96 99
38 94
15 87
12 84
20 25
94 100
53 75
42 95
93 100
98 98
66 78
72 81
14 19
34 37
63 74
84 92
97 98
40 44
4 67
17 48
72 74
79 82
3 30
73 80
71 71
3 12
33 68
40 87
78 87
98 100
82 84
77 79
52 76
43 87
96 99
47 54
77 89
1 64
59 75
56 91
82 90
57 94
41 93
97 97
40 82
27 97
82 98
63 88
4 29
44 77
48 65
95 99
71 92
13 76
48 73
49 95
70 73
84 93
6 84
87 90
38 47
81 92
31 52
23 61
9 12
89 100
78 95
55 87
50 62
50 67
34 52
95 99
16 91
36 80
80 80
31 52
34 80
61 83
42 95
3 37
55 87
12 19
1 37
50 61
51 79
36 48
5 61
39 54
51 96
66 74
8 11
8 80
35 58
22 94
42 43
49 60
14 48
13 52
53 78
69 92
12 100
92 93
57 99
43 99
75 89
61 88
28 79
42 83
82 86
88 100
11 36
93 98
87 89
66 82
42 74
86 90
32 45
61 75
83 97
77 79
64 86
65 92
98 100
73 88
62 67
83 84
5 32
77 92
77 94
53 69
77 81
67 90
96 97
83 99
70 72
36 78
63 72
54 95
42 92
37 71
34 37
16 48
49 86
87 99
92 100
93 100
77 79
99 100
21 39
86 91
34 99
25 73
55 77
21 74
98 100
15 79
57 88
74 99
66 88
98 99
61 92
70 78
70 100
55 88
80 83
7 66
28 88
23 69
76 97
16 94
44 84
66 77
40 85
89 90
52 58
46 47
87 96
80 92
4 82
72 86
12 32
68 81
10 87
77 88
54 83
50 72
87 98
6 84
57 90
77 79
87 98
12 37
42 88
88 94
64 86
3 14
26 84
75 82
2 38
90 92
54 68
96 98
71 82
32 83
55 57
31 41
12 64
79 91
94 96
77 98
73 85
11 59
48 62
68 90
12 97
83 97
98 98
43 53
49 49
6 61
38 78
18 67
86 95
95 98
35 93
47 85
55 62
37 40
36 68
89 98
46 73
90 90
37 99
44 59
72 98
18 84
54 82
42 46
61 79
52 67
34 52
63 80
78 84
19 71
37 77
44 55
78 83
50 91
20 52
42 99
44 63
96 96
32 67
47 76
57 95
75 90
6 68
51 52
75 97
71 86
11 58
56 99
95 98
39 87
29 35
54 69
17 23
62 95
3 10
90 96
75 91
6 45
87 87
9 39
41 75
44 93
31 82
73 83
25 89
37 90
82 84
14 41
23 51
78 97
91 96
46 73
41 46
19 77
86 89
1 16
52 60
71 75
32 67
68 76
48 55
1 55
50 90
60 98
91 95
95 98
29 75
51 54
74 79
34 80
46 76
21 84
73 89
70 71
62 93
51 79
89 97
90 94
66 99
95 100
64 75
29 79
51 68
53 86
79 87
17 25
59 59
15 61
50 70
27 62
97 100
4 20
27 96
36 98
16 71
39 51
34 58
41 81
95 99
97 100
41 81
22 22
53 86
22 52
53 97
1 68
46 53
3 70
38 65
11 78
98 100
45 83
50 72
13 34
8 75
62 89
85 85
12 64
12 13
46 64
37 49
1 69
83 88
26 38
19 65
92 100
71 77
52 68
39 52
35 85
99 100
28 64
34 62
47 92
21 48
87 97
27 85
33 89
63 70
91 96
56 64
42 99
44 86
16 41
9 61
11 49
35 100
31 55
89 95
56 93
71 87
22 64
77 92
87 98
27 61
77 86
51 82
1 26
79 85
93 100
36 88
91 92
91 98
48 97
68 88
74 87
10 38
18 37
5 23
98 100
20 66
20 30
84 98
98 98
30 74
12 16
77 86
29 32
98 98
98 98
93 93
93 97
11 93
55 89
30 77
75 79
55 100
9 83
73 82
35 52
36 58
80 85
34 91
88 98
25 81
93 99
59 61
5 36
81 81
94 95
77 93
20 82
23 95
83 89
20 79
14 22
42 79
57 66
69 88
84 94
58 85
81 88
71 94
7 35
76 90
93 96
60 98
11 43
61 85
98 98
52 92
50 78
74 76
91 99
14 47
13 31
84 86
59 85
15 17
33 60
52 72
38 51
41 77
83 98
83 94
2 46
93 96
32 85
42 59
23 65
39 95
40 48
87 96
6 59
61 73
85 90
37 76
8 27
67 67
45 65
47 91
19 77
19 82
34 87
9 46
11 84
42 66
84 94
83 100
50 94
60 99
91 98
44 49
80 85
67 83
99 99
52 79
94 100
43 88
54 55
76 77
42 53
14 85
85 94
61 88
91 92
92 97
45 98
76 91
89 92
67 68
19 27
18 57
6 89
8 8
19 21
93 98
29 54
3 93
88 89
80 98
82 97
6 10
65 100
81 81
11 36
81 83
32 85
14 65
71 89
58 94
90 91
94 95
89 95
78 80
84 88
88 90
74 80
85 96
62 96
40 75
58 71
29 78
70 80
3 7
18 96
70 90
86 88
62 72
63 67
38 76
65 75
98 98
99 100
37 46
44 71
24 38
38 65
73 89
10 78
89 94
34 90
35 87
31 36
18 60
34 51
27 29
63 86
12 62
1 95
62 63
60 97
73 90
16 96
59 91
59 89
32 86
67 93
84 98
61 91
20 42
43 49
57 84
10 42
36 68
53 93
17 68
33 44
99 99
43 61
10 80
45 89
57 61
77 87
48 99
8 77
18 18
16 83
12 76
3 53
33 44
86 92
85 92
19 39
2 56
83 93
38 97
88 97
90 95
36 97
32 75
29 57
95 96
43 48
37 94
9 82
24 48
52 53
98 100
62 89
23 95
40 78
59 97
89 90
61 62
29 65
10 65
11 97
52 76
59 75
43 47
88 95
71 72
48 48
84 91
91 97
9 48
79 90
82 94
67 89
10 60
55 93
65 81
70 88
63 82
76 87
51 66
37 93
24 58
20 66
32 44
36 97
12 93
79 93
66 79
42 44
31 61
30 77
17 64
30 65
42 66
11 49
79 80
82 87
51 90
78 85
89 99
3 32
41 74
88 91
27 98
62 100
66 71
51 87
47 66
24 84
60 79
31 91
45 47
57 69
58 62
1 44
3 88
80 100
71 92
7 61
5 21
36 98
46 61
53 76
33 96
31 83
14 25
100 100
56 67
46 69
35 90
26 65
98 100
89 98
22 45
94 95
61 69
91 95
88 92
32 40
37 97
23 91
26 76
42 96
76 81
27 45
61 73
23 56
7 15
72 96
6 56
47 90
34 78
83 89
6 22
24 57
6 56
84 93
86 90
2 27
98 98
58 86
92 98
98 98
40 90
56 56
87 99
66 90
80 98
40 52
98 100
5 68
17 88
19 48
25 97
11 76
20 80
54 87
72 88
42 61
48 57
13 66
58 100
45 93
79 99
27 100
11 95
20 80
77 79
55 56
84 88
89 97
100 100
27 33
54 94
100 100
28 82
48 77
26 34
66 92
100 100
59 90
65 76
92 95
74 86
60 73
45 50
32 74
58 59
30 33
81 88
90 92
18 92
20 86
99 100
44 95
70 70
24 57
61 74
62 62
12 48
27 85
46 60
97 99
84 93
65 82
93 100
10 23
16 34
1 86
98 100
95 98
25 58
86 98
98 98
20 59
75 78
18 82
54 69
6 93
16 30
14 21
62 68
87 89
100 100
23 74
14 18
7 38
93 97
14 65
68 85
64 93
56 66
11 26
54 82
98 99
49 82
37 85
41 66
10 54
70 84
91 92
7 69
73 91
99 99
39 96
43 78
37 73
78 95
97 100
48 60
18 42
27 58
72 77
61 99
45 87
84 85
87 92
69 72
24 33
82 82
93 94
92 97
11 37
21 83
61 88
6 96
35 79
55 89
61 80
98 100
2 11
84 87
37 99
48 86
40 67
2 84
52 76
21 62
47 88
34 62
29 47
19 35
54 74
20 53
75 83
57 81
24 55
89 93
29 34
45 51
38 100
48 77
17 79
28 84
71 89
11 13
47 87
80 99
86 98
42 84
6 9
60 79
84 89
48 59
81 95
15 25
92 96
30 71
55 78
13 21
77 92
26 93
15 18
98 99
56 83
49 93
86 93
97 99
48 65
63 83
3 62
30 95
8 99
54 100
6 28
6 67
29 60
99 100
31 70
54 73
42 70
22 93
96 97
76 89
94 99
48 88
46 54
63 63
86 89
83 84
98 100
77 97
21 50
44 54
93 98
39 70
54 54
39 47
3 87
95 100
33 42
82 91
18 18
57 91
4 36
62 100
52 69
25 35
55 55
99 100
96 98
38 44
35 93
34 57
59 94
32 93
98 99
90 99
8 43
88 88
12 30
69 72
66 69
66 97
30 96
23 97
68 73
53 69
53 76
7 87
77 84
34 76
91 99
66 94
71 92
68 85
5 77
2 18
27 60
49 63
58 73
88 89
29 97
50 100
45 88
88 97
84 86
89 100
26 88
8 80
11 37
61 86
59 76
4 88
84 85
13 15
28 46
14 43
44 76
88 92
90 92
19 68
44 81
77 79
22 85
99 99
16 31
64 97
10 72
48 79
91 91
22 92
58 80
6 54
72 76
48 89
4 70
55 85
49 88
39 98
28 91
71 83
95 95
32 41
87 97
52 73
2 68
80 96
18 18
55 87
85 97
92 92
59 63
84 85
39 41
14 77
38 80
33 99
18 90
93 99
61 70
26 75
23 93
60 93
24 67
97 99
87 89
42 44
96 100
75 96
71 87
90 96
54 54
92 92
80 85
8 30
32 84
1 45
66 94
17 98
10 76
5 83
59 75
25 70
18 59
87 91
28 31
11 70
71 72
80 97
18 57
75 99
41 55
34 38
1 70
79 86
74 80
61 95
16 72
62 100
93 95
68 91
46 71
10 48
2 63
33 33
85 88
20 72
66 83
8 95
34 81
30 76
95 98
23 86
50 65
87 88
13 94
30 42
70 73
50 56
85 96
40 42
90 95
87 93
1 92
62 85
24 68
14 56
53 54
35 68
97 98
50 56
27 52
69 86
10 17
71 88
66 96
44 53
68 88
82 92
33 69
67 94
100 100
28 54
81 83
19 69
30 46
30 96
77 89
34 85
60 99
50 92
73 83
17 44
91 97
3 32
35 92
72 83
4 59
3 100
6 98
13 14
24 64
84 84
50 54
84 100
24 62
37 72
32 88
99 100
88 88
9 46
6 23
51 73
90 100
84 84
96 99
32 73
23 92
46 98
31 99
71 79
36 91
58 82
85 98
11 72
18 70
60 100
22 69
23 55
45 58
97 99
39 59
64 89
88 100
26 83
81 88
72 90
86 98
8 50
70 82
4 73
25 76
81 92
3 72
16 58
58 69
12 34
11 65
29 83
65 96
3 40
1 14
34 74
73 90
64 74
10 59
30 73
25 67
46 49
21 74
2 88
27 35
84 98
29 67
24 46
16 92
34 81
90 94
73 85
61 63
69 86
94 95
25 60
3 22
41 87
53 87
86 86
42 97
1 55
96 96
72 96
44 84
89 96
29 48
81 82
11 73
3 82
24 34
10 25
65 100
94 96
82 93
79 95
50 89
20 45
68 71
33 50
10 25
66 68
20 60
83 83
65 82
78 98
94 96
51 68
14 45
35 73
44 47
93 94
100 100
88 94
22 94
64 96
93 95
36 61
77 87
29 71
45 45
70 84
67 77
14 67
95 95
22 36
59 75
84 98
34 97
73 85
29 74
16 88
12 85
76 94
87 97
17 91
74 97
96 98
44 96
55 86
97 97
18 48
16 34
89 97
10 84
35 94
65 95
64 68
14 21
28 75
46 75
59 84
41 92
59 99
59 93
40 49
85 96
7 24
10 88
55 69
27 82
91 96
6 72
87 99
4 59
66 74
99 100
77 80
57 60
75 77
95 98
67 70
38 41
18 93
97 97
2 56
90 95
36 93
100 100
70 91
64 80
49 81
81 92
29 81
70 71
4 34
12 84
51 62
8 38
29 100
14 52
74 97
5 75
90 97
20 86
7 7
89 96
22 94
60 100
90 96
72 75
83 90
6 98
5 19
32 72
10 69
39 88
20 96
82 88
37 64
73 75
17 98
95 100
99 99
76 92
96 96
79 90
51 64
62 94
47 76
29 52
65 86
90 98
19 21
88 93
77 96
15 63
16 75
26 90
14 63
70 96
56 87
68 88
96 96
39 97
51 94
51 77
92 96
35 90
43 78
95 100
43 54
11 25
89 98
43 100
86 94
77 85
13 54
14 52
39 97
37 52
20 43
66 76
81 89
80 99
72 81
60 100
14 23
80 98
42 99
53 96
16 76
69 78
63 100
97 98
42 76
72 97
31 93
51 67
83 99
31 89
35 81
82 88
39 87
26 39
37 74
40 63
46 82
22 90
34 85
42 87
23 33
89 100
6 25
73 76
90 97
99 100
27 31
69 78
12 68
41 94
13 13
64 69
78 90
1 12
98 98
28 97
53 97
39 96
23 33
4 67
55 55
92 95
80 97
77 92
75 91
54 58
75 84
22 30
63 81
100 100
32 62
55 69
61 98
14 55
77 91
100 100
92 97
66 75
43 48
31 67
35 35
95 96
34 41
9 33
18 55
50 96
7 46
83 98
34 34
42 96
72 84
85 86
51 72
94 98
66 77
78 80
84 96
26 77
34 100
49 99
33 63
20 92
15 58
60 77
59 82
32 62
49 97
4 47
44 79
39 41
75 83
42 54
99 99
11 13
35 97
87 92
26 40
55 68
81 81
67 85
39 85
3 62
3 67
16 38
49 60
29 97
1 66
99 99
7 69
96 98
77 94
13 29
56 96
68 76
32 64
27 94
31 53
23 73
82 100
98 100
48 67
89 96
81 87
94 99
32 60
7 43
65 89
21 53
60 68
98 98
4 21
80 80
93 96
40 48
30 96
20 54
32 52
25 54
29 65
26 83
86 97
71 91
30 31
18 99
32 63
42 91
33 71
35 59
60 60
15 44
32 80
4 63
61 93
11 19
27 89
83 97
10 85
20 94
20 81
81 87
86 95
14 58
88 94
54 87
80 92
87 91
51 88
93 94
28 83
55 75
38 72
45 97
90 95
87 92
68 92
40 63
93 100
72 78
75 76
79 96
73 76
24 94
87 95
7 31
75 90
83 93
95 97
21 24
41 99
78 78
100 100
77 78
78 97
27 58
76 82
74 86
88 100
94 95
72 93
71 78
92 96
21 46
28 71
86 93
84 93
7 65
38 97
87 96
19 75
88 96
63 65
77 79
80 99
30 31
67 74
60 96
91 97
84 85
99 99
12 73
88 88
90 95
93 97
91 95
10 23
49 88
78 79
30 95
93 93
51 56
15 34
42 66
54 84
8 28
15 23
79 89
94 100
93 98
82 90
56 91
98 98
88 91
63 86
36 68
28 56
97 97
24 30
61 65
59 66
9 83
81 99
44 92
81 86
10 55
100 100
61 98
76 76
48 66
17 77
47 61
67 100
88 99
18 50
81 83
89 92
56 56
44 49
98 99
74 77
60 65
91 99
81 87
94 94
77 98
24 60
52 75
76 83
1 77
82 95
87 88
60 69
72 77
59 67
85 99
35 69
95 98
39 80
1 28
6 53
32 65
29 30
89 90
94 97
87 98
66 98
34 89
41 70
81 97
57 78
65 73
46 81
88 88
100 100
19 32
19 30
60 74
15 81
24 57
70 90
10 85
17 18
3 83
22 76
32 36
75 95
95 96
34 95
50 94
63 100
26 38
70 85
97 100
74 91
92 96
11 92
90 96
68 84
32 36
49 53
3 35
55 85
46 72
79 82
61 74
3 43
86 95
61 66
75 87
62 93
46 96
60 95
12 69
68 77
75 82
38 80
80 84
64 68
62 67
38 84
1 58
32 78
43 44
90 96
59 69
7 74
17 80
28 82
15 45
14 83
15 23
15 75
14 46
66 73
71 91
10 72
70 72
67 99
26 94
84 91
36 98
50 64
25 79
100 100
23 28
85 94
64 78
66 91
54 54
1 79
54 88
43 53
69 88
98 100
54 57
28 91
78 78
86 100
30 94
62 62
44 63
98 98
23 31
66 70
27 56
98 100
61 65
77 88
89 90
19 31
75 98
44 68
57 60
40 63
16 48
65 81
91 96
55 56
51 80
31 68
57 81
96 98
31 88
41 98
78 82
26 39
85 85
42 64
21 89
66 69
32 43
29 93
63 64
46 64
28 78
22 28
68 72
95 100
97 98
1 24
25 76
65 69
85 94
77 99
23 59
46 70
73 77
58 94
8 16
26 42
30 62
85 95
64 84
3 87
5 5
27 77
73 75
74 83
98 98
50 64
34 52
3 53
71 76
41 42
50 58
12 66
13 100
22 39
94 99
17 33
33 47
87 93
98 99
44 78
60 78
67 72
39 75
21 32
11 56
45 84
14 84
94 94
38 69
17 76
41 55
16 76
20 95
47 76
44 93
43 83
60 60
54 97
4 6
73 95
40 42
38 41
91 92
82 88
4 77
40 72
73 84
60 85
79 80
61 78
75 99
43 43
20 84
58 86
15 78
65 89
6 45
5 33
21 55
43 90
40 64
81 91
2 23
5 59
87 90
80 92
4 59
57 67
6 57
64 84
83 88
76 76
77 84
88 95
97 99
13 46
64 70
59 87
33 97
40 99
5 73
77 77
58 73
16 99
53 73
78 83
65 74
15 16
73 95
1 63
9 54
5 12
62 65
6 54
1 40
24 65
72 80
50 75
41 81
100 100
18 21
98 98
7 99
79 96
95 95
99 99
95 95
74 91
33 80
67 87
66 94
57 78
21 86
93 97
14 98
2 75
83 91
39 95
71 83
21 27
26 34
47 82
22 83
24 87
77 83
72 92
89 97
83 97
22 72
25 56
52 87
64 75
42 58
58 58
80 97
44 48
78 98
27 46
35 40
47 48
99 100
15 60
4 56
55 71
57 64
22 52
71 72
84 88
15 29
29 97
14 28
48 76
32 55
57 86
28 67
28 42
54 59
64 77
21 38
100 100
61 91
85 91
75 92
66 81
80 80
10 91
26 75
34 43
10 40
77 97
59 86
54 95
22 40
21 26
56 89
66 69
83 98
33 91
9 45
76 100
35 41
76 97
39 64
21 40
78 81
97 99
75 87
37 57
7 91
44 81
91 94
2 2
5 16
26 72
43 100
28 67
31 41
28 82
45 78
41 64
52 100
19 20
5 82
41 85
37 96
84 84
20 76
66 86
21 26
16 33
15 67
77 80
100 100
84 95
72 93
74 92
10 77
66 85
19 29
35 49
73 95
1 19
22 25
84 98
78 86
84 90
41 79
3 17
82 89
46 92
69 97
69 100
78 87
22 34
23 72
10 66
6 49
56 74
89 96
67 98
49 58
64 97
59 63
87 87
70 73
13 50
67 95
24 82
19 46
31 62
32 51
62 83
41 79
7 94
77 96
16 36
20 95
42 86
3 22
99 99
31 59
30 37
46 91
89 98
77 87
2 94
3 65
87 93
64 67
40 64
27 49
33 57
1 76
14 83
8 72
33 60
17 45
31 79
78 81
40 66
1 69
14 31
34 59
58 93
57 99
91 91
86 94
60 71
63 100
26 87
18 62
48 68
48 66
34 73
51 53
59 81
57 58
7 97
31 95
1 23
63 74
50 62
30 81
80 92
95 99
4 19
46 65
85 87
89 92
54 80
42 77
68 91
75 79
25 73
53 64
51 52
46 66
67 92
36 90
30 35
11 77
51 74
42 52
71 76
59 88
48 62
18 51
34 83
50 70
49 72
9 72
25 53
83 84
21 54
14 45
20 26
37 58
71 85
72 83
2 33
26 46
46 98
96 98
45 93
3 60
26 34
89 100
61 94
73 79
36 89
74 83
64 75
60 75
69 71
84 85
30 92
6 13
82 84
90 95
26 76
41 68
96 98
75 88
41 83
16 56
5 44
12 47
94 100
100 100
40 90
16 90
59 66
28 70
55 66
70 77
76 93
92 93
16 38
78 78
43 89
40 49
10 18
70 89
8 97
6 15
52 74
66 76
70 79
55 78
98 98
19 71
95 97
68 69
8 98
59 94
75 82
26 41
65 87
6 47
68 79
5 96
37 100
33 65
30 76
91 94
57 100
10 68
95 99
93 98
46 92
40 76
47 97
92 92
2 65
35 36
24 62
49 88
40 71
89 89
27 56
41 94
2 5
93 97
100 100
24 40
78 96
43 68
21 55
84 94
23 72
9 84
75 100
54 92
60 84
51 84
86 87
23 91
32 38
6 98
23 100
56 99
30 97
63 89
84 86
18 58
46 55
4 51
78 85
1 17
81 85
45 47
37 50
43 87
56 84
96 100
99 99
65 66
60 99
81 83
25 68
60 73
54 60
89 93
91 99
69 91
79 98
25 29
54 57
24 34
48 52
39 100
16 69
60 67
51 51
7 62
70 71
76 77
3 78
31 52
97 100
18 40
15 48
59 62
16 47
95 100
74 96
92 94
23 80
28 49
35 79
51 91
89 98
57 85
70 70
10 11
60 60
20 22
43 66
5 6
64 76
51 72
77 97
90 91
63 89
100 100
68 87
52 57
1 48
7 77
85 97
79 94
24 24
80 85
49 97
61 82
33 38
27 97
98 99
33 73
44 63
63 84
51 70
75 76
19 20
91 99
66 99
64 75
2 21
13 57
17 89
2 82
35 90
26 45
71 76
37 75
70 78
42 69
47 74
59 89
1 70
16 28
5 46
43 78
5 13
15 44
69 72
32 89
50 64
49 71
90 91
3 87
22 58
75 97
40 93
39 48
81 98
34 61
12 24
67 99
21 78
98 98
71 83
12 24
74 98
86 100
26 68
54 84
22 79
81 98
34 89
98 98
2 3
9 57
1 1
49 82
82 89
3 48
38 97
61 81
72 77
48 52
60 97
70 88
68 72
20 88
98 98
97 98
64 67
54 79
47 47
8 67
97 97
89 99
90 95
15 64
19 23
39 53
54 72
71 89
32 84
93 96
79 79
86 86
76 98
91 93
18 18
88 90
33 79
88 96
28 93
6 9
39 60
15 49
94 100
61 77
20 90
26 38
5 97
79 84
45 82
50 95
42 54
81 96
38 62
60 69
87 89
30 88
25 98
41 73
95 97
5 20
90 95
17 88
69 74
47 96
7 44
83 91
8 88
91 99
64 84
94 95
3 16
96 98
63 78
80 83
22 92
6 51
69 100
82 98
53 86
99 99
38 93
12 46
27 50
95 98
40 95
77 97
24 49
51 92
71 85
8 76
37 95
57 82
77 78
63 63
19 100
53 63
55 61
7 67
99 99
56 76
37 45
17 53
83 87
95 98
5 5
73 100
54 60
8 74
43 45
2 33
26 29
64 79
57 77
67 100
73 85
74 90
51 86
94 95
87 100
9 48
91 96
32 37
44 100
21 37
34 81
38 45
51 63
32 51
4 73
32 99
16 95
81 97
18 41
57 58
56 67
64 83
91 99
56 70
84 93
95 99
66 93
47 65
33 64
85 92
84 98
67 84
84 96
82 88
3 45
45 75
34 86
76 80
36 52
21 84
8 51
15 67
35 70
57 78
72 92
60 79
38 60
63 63
57 57
20 42
97 99
2 43
89 93
61 93
22 90
28 95
2 95
79 82
9 56
9 70
100 100
100 100
13 29
4 40
71 92
23 45
20 47
88 96
82 93
55 96
85 86
23 72
21 56
57 70
13 21
34 55
93 96
97 98
85 99
42 92
95 98
36 100
89 98
76 96
92 97
7 79
6 63
52 92
90 99
28 54
38 83
80 99
8 71
47 92
10 32
38 70
92 95
29 72
26 56
81 90
40 81
84 96
100 100
54 89
23 35
16 69
41 53
8 83
56 61
63 70
81 97
70 73
58 91
96 96
93 93
95 99
100 100
71 100
39 89
38 38
62 79
6 62
20 24
1 60
57 69
24 44
100 100
80 96
90 93
41 83
41 70
30 36
58 95
6 66
84 92
70 96
2 7
73 75
9 86
27 92
11 65
74 74
29 99
24 87
63 70
74 93
15 100
23 88
37 38
99 100
41 93
72 72
20 35
65 87
27 36
98 100
7 48
41 43
88 92
4 69
13 32
97 100
33 61
44 53
33 79
85 96
8 66
35 57
78 100
62 80
58 59
2 49
48 94
42 90
67 99
46 57
12 100
81 91
33 83
44 49
7 62
80 83
13 44
12 26
42 65
53 78
3 96
96 100
98 98
92 94
48 52
81 95
20 26
82 87
50 86
100 100
30 40
97 97
30 35
58 96
47 96
69 80
28 39
67 71
2 98
99 99
2 18
65 90
14 65
40 81
65 93
18 31
58 74
34 65
25 100
92 98
94 97
34 65
79 92
7 56
18 50
95 98
58 81
51 59
33 70
20 72
24 47
20 23
31 96
85 88
21 37
77 80
73 74
64 65
52 90
41 88
40 79
73 89
10 24
14 14
73 76
25 37
1 33
40 45
74 92
26 27
50 56
78 85
46 73
71 90
65 89
79 97
59 65
80 84
80 89
74 87
91 94
43 81
12 69
98 98
42 55
95 97
85 89
1 94
80 91
68 70
8 75
59 82
24 49
12 71
59 63
11 64
34 45
75 89
3 89
72 93
99 99
62 90
24 70
9 38
76 84
82 87
36 49
57 100
78 89
21 58
16 55
6 22
78 100
15 87
20 86
72 86
13 24
98 100
25 85
58 71
8 94
82 99
41 51
95 95
48 52
28 81
97 97
9 23
51 56
73 79
37 59
73 93
40 74
23 93
35 75
48 75
58 94
6 30
100 100
11 67
61 69
8 13
60 78
18 36
37 81
85 91
17 58
100 100
5 24
58 89
95 99
8 51
65 92
20 81
76 77
40 42
34 84
45 60
60 71
61 74
25 95
69 99
29 45
83 90
63 73
57 76
28 70
89 99
42 87
35 81
41 87
66 95
81 86
95 97
41 95
28 53
98 99
27 62
79 91
100 100
63 63
70 99
90 99
23 35
11 36
92 99
39 71
42 91
53 92
55 73
16 49
69 83
12 64
6 86
38 69
14 65
11 36
97 97
41 100
58 89
54 79
21 38
11 42
86 87
46 81
88 92
28 91
71 88
32 57
62 77
18 45
10 48
65 79
76 93
41 81
31 69
66 80
12 83
27 64
84 100
76 83
14 21
33 86
62 63
89 99
7 54
11 93
6 9
40 61
41 47
71 76
9 31
19 46
80 95
21 33
100 100
72 72
61 64
59 84
15 74
35 73
50 100
70 94
60 81
72 99
43 99
78 87
96 100
22 30
1 7
93 94
28 52
5 67
54 84
19 46
37 75
46 75
86 98
54 100
11 33
70 84
26 96
18 60
77 93
86 94
96 96
89 94
90 97
55 55
72 99
76 90
24 33
62 66
19 70
59 100
20 57
9 69
7 99
72 91
30 96
75 79
60 81
43 97
1 2
55 68
63 74
10 19
36 58
16 36
86 92
65 69
89 98
49 60
53 58
90 91
41 76
93 93
29 74
30 92
25 67
67 69
51 78
61 66
94 94
11 57
17 27
41 53
56 75
6 50
64 97
70 75
53 94
89 93
71 88
58 59
6 41
45 62
57 66
90 97
76 79
27 51
42 98
2 35
48 77
41 59
80 81
87 94
43 91
18 38
67 96
40 55
61 78
20 29
28 40
4 61
4 87
45 71
96 99
56 79
6 86
64 98
77 78
62 64
5 16
52 95
92 99
47 59
49 53
61 87
16 21
15 43
54 94
96 98
28 41
67 85
40 62
38 62
80 97
58 98
33 44
47 85
70 84
67 72
34 55
23 77
61 79
23 42
12 73
8 100
5 28
16 27
44 89
24 32
100 100
63 74
55 81
64 84
41 93
40 99
13 68
9 41
44 56
69 87
44 66
61 99
67 99
54 60
49 98
51 85
41 92
57 75
25 50
58 91
37 66
42 72
89 96
14 41
64 66
7 66
77 77
31 34
26 71
37 74
83 100
4 63
72 84
56 68
53 60
37 71
3 64
46 85
14 85
83 98
77 77
44 90
31 62
31 32
90 93
65 77
39 77
58 77
36 60
85 91
50 88
33 46
50 56
79 84
12 22
58 75
55 78
65 81
55 59
4 15
8 23
11 15
28 79
86 89
29 35
19 60
44 80
15 87
23 86
41 48
67 70
90 95
59 91
95 96
8 33
90 92
15 68
42 84
50 73
70 88
55 63
2 98
31 86
46 85
68 91
81 95
64 79
75 93
96 99
7 96
22 89
74 96
55 62
74 76
49 98
56 99
26 91
63 92
84 87
6 87
55 63
34 40
22 72
69 77
90 98
100 100
69 80
7 30
9 89
68 89
82 95
91 100
83 93
4 33
34 47
23 85
51 98
64 73
85 86
45 57
78 95
83 93
66 100
37 58
11 41
34 52
76 86
55 93
29 38
31 72
93 94
38 88
41 64
83 98
70 78
90 92
94 99
98 98
47 51
28 45
15 30
62 63
31 94
49 52
52 91
72 98
33 83
86 88
43 80
52 90
7 89
84 89
64 68
51 77
94 98
64 70
56 84
67 78
75 88
68 90
49 64
29 96
67 76
27 82
23 89
65 91
50 68
56 71
55 100
81 89
7 58
18 41
63 98
10 14
89 91
20 52
3 81
76 79
42 47
29 72
28 50
68 97
55 100
16 79
48 78
33 65
76 87
17 20
91 99
57 69
92 97
65 68
6 95
88 92
78 96
21 85
54 75
17 79
32 63
46 53
53 67
17 87
47 73
33 54
67 98
50 75
72 78
4 27
54 100
29 35
27 71
74 94
58 70
26 85
3 5
5 49
20 38
91 99
11 74
15 94
74 77
52 70
81 90
43 56
100 100
39 40
46 56
96 98
23 70
45 60
91 97
62 71
100 100
62 78
36 90
58 65
45 76
32 41
96 100
56 78
22 43
75 95
6 78
15 18
73 96
89 96
84 90
51 55
46 85
46 53
75 78
26 56
10 57
52 65
28 55
55 79
62 72
84 90
39 57
72 88
44 80
26 73
39 46
22 87
32 53
40 59
99 100
3 96
32 51
34 76
1 15
10 10
60 93
54 70
70 74
94 98
93 99
61 84
14 23
11 77
68 91
95 99
96 100
81 99
83 100
14 26
47 53
47 74
98 98
82 99
13 65
97 98
79 93
89 94
7 56
92 99
53 70
7 71
18 22
25 33
59 84
78 79
75 94
37 37
6 77
34 87
70 99
45 89
42 53
50 56
6 85
91 91
36 98
8 46
94 95
46 84
25 87
56 68
8 95
57 57
99 100
92 97
80 95
7 72
30 56
92 98
69 83
43 62
63 72
3 4
94 94
100 100
16 30
66 88
58 68
33 60
65 80
60 84
56 100
6 63
31 65
51 71
62 85
88 96
16 29
43 46
57 74
8 8
84 100
31 96
97 99
59 93
37 61
28 83
68 90
74 81
70 91
56 98
60 82
18 75
98 98
80 100
76 91
1 57
26 71
28 86
26 51
14 31
53 70
74 93
62 90
67 90
30 32
26 26
95 97
38 63
62 71
62 72
72 75
99 100
84 85
23 53
92 94
98 99
71 76
41 91
78 90
58 80
52 57
34 66
87 92
15 17
2 49
50 52
42 85
30 59
48 51
87 96
23 67
76 85
51 81
9 62
18 38
70 96
98 99
54 64
33 90
13 25
92 95
39 94
53 63
90 94
54 82
52 58
11 93
11 15
63 93
59 98
40 83
11 91
86 97
88 88
96 97
8 84
63 87
29 72
61 82
84 94
96 98
26 66
81 100
55 90
97 97
77 90
99 99
37 51
23 52
67 71
28 96
41 47
16 25
52 89
7 29
11 85
32 35
54 57
83 87
92 93
100 100
97 99
75 84
73 92
82 98
95 96
42 47
19 68
93 93
5 66
58 87
31 81
61 68
67 80
96 98
31 55
84 84
34 65
60 85
26 69
69 91
33 49
73 88
94 100
48 56
98 99
58 95
41 53
83 96
61 70
5 59
70 97
74 96
73 75
63 90
80 80
58 77
87 98
61 86
99 99
52 91
98 100
31 62
56 85
2 34
68 82
68 71
23 68
88 100
41 73
7 24
43 76
24 50
19 69
2 39
16 82
90 97
30 74
94 95
56 73
95 100
53 61
63 89
54 99
29 89
86 92
88 97
100 100
31 86
25 28
84 85
47 95
84 99
19 48
53 70
25 54
85 86
59 79
89 99
69 85
86 98
84 95
90 99
10 99
68 91
51 96
84 93
16 72
76 84
50 63
15 56
95 98
8 81
54 62
67 89
78 98
32 51
39 49
6 15
5 5
30 67
39 77
49 69
5 24
82 84
14 75
41 58
15 50
45 78
30 99
86 99
40 81
48 54
84 97
3 10
37 84
21 42
32 39
99 100
16 78
40 82
76 82
84 100
4 52
2 83
12 82
39 43
91 93
21 73
90 98
5 96
19 55
25 65
10 22
35 84
16 24
12 88
62 90
69 90
42 42
25 95
59 65
69 75
4 47
15 57
45 69
1 68
42 90
95 97
66 70
63 99
97 97
68 83
22 65
43 95
18 97
21 45
67 100
25 48
94 94
75 83
82 91
53 71
74 100
98 100
3 22
13 16
47 61
43 70
99 100
67 88
47 76
91 93
13 56
9 88
33 39
96 99
71 78
99 99
79 93
10 17
53 86
69 84
63 75
78 85
82 98
71 91
97 97
66 96
91 99
87 91
93 100
54 94
30 51
82 82
94 96
11 90
48 77
21 95
84 90
27 94
85 94
37 66
100 100
34 40
39 49
98 98
23 82
89 92
86 90
3 94
18 61
70 92
24 54
23 53
26 91
52 58
98 99
56 60
92 100
31 51
76 95
55 76
10 74
81 87
76 96
4 66
23 52
61 65
94 95
22 59
89 94
44 98
56 82
80 83
46 84
65 73
15 66
92 93
22 79
23 70
67 95
87 95
81 98
90 100
13 68
30 36
38 82
8 43
43 66
54 69
29 70
89 98
54 56
7 47
55 62
94 97
15 80
39 51
17 63
5 91
62 73
52 65
40 68
50 55
36 56
97 98
53 60
42 54
15 97
87 91
94 100
90 99
88 92
53 69
30 45
12 39
83 93
94 94
43 49
69 98
50 84
45 91
31 34
8 71
97 98
77 92
85 94
4 6
30 79
84 89
72 98
81 90
6 96
86 89
12 97
81 89
5 99
62 78
89 91
68 88
61 76
59 70
86 98
35 69
94 98
79 98
91 91
99 99
54 64
28 64
65 85
6 77
93 99
88 96
97 99
76 83
29 81
75 96
69 73
35 77
55 86
69 89
8 71
3 52
91 97
14 23
4 58
53 80
23 49
88 91
87 97
34 42
63 67
60 74
56 78
32 91
65 69
75 95
62 72
47 83
78 88
14 14
52 69
1 13
46 77
85 96
69 69
73 100
58 67
95 100
17 36
46 90
21 73
31 41
97 100
93 95
9 81
63 84
42 66
54 89
10 95
20 85
77 79
66 98
51 60
22 99
79 91
62 62
73 85
60 70
5 71
8 31
91 97
29 55
37 79
24 25
39 47
47 90
66 72
28 28
49 90
23 30
6 64
91 99
59 92
46 74
59 64
68 68
5 93
100 100
17 96
32 59
10 74
88 89
64 69
82 94
35 55
81 87
87 96
78 78
35 78
9 34
74 100
90 90
64 89
25 86
90 100
41 64
18 32
34 45
56 77
67 85
48 65
28 56
37 55
65 76
79 97
6 99
14 93
49 84
53 62
51 93
28 40
75 97
71 72
21 48
88 92
100 100
33 99
61 89
12 21
6 46
77 88
24 71
27 72
73 85
75 98
98 100
88 98
58 74
77 83
34 43
50 52
99 100
4 45
11 80
28 97
44 92
40 100
87 96
18 95
70 84
86 100
87 97
65 71
55 81
85 96
52 65
82 86
7 53
16 81
18 38
66 83
83 86
92 92
71 88
22 41
93 95
67 88
21 56
83 83
5 36
66 89
23 46
98 99
76 95
65 78
78 84
25 77
12 39
89 90
1 80
39 49
29 46
29 87
68 100
54 84
20 100
40 68
95 96
16 84
38 43
39 49
28 55
93 100
61 79
96 99
56 65
21 25
82 97
12 66
32 85
27 83
24 61
23 98
8 24
75 87
94 98
87 87
63 98
6 63
40 50
32 61
20 47
9 34
24 39
40 91
33 42
49 94
18 28
52 84
43 84
87 95
7 7
56 94
87 88
20 23
5 88
93 96
94 94
42 60
76 89
42 86
56 74
72 76
25 95
33 33
79 91
73 87
37 96
54 80
48 87
12 12
62 81
84 100
8 51
16 30
28 67
20 41
96 100
25 75
89 98
100 100
45 48
43 44
73 83
29 35
59 67
53 56
89 94
43 58
32 39
91 92
90 91
40 81
21 46
6 22
66 93
97 98
11 73
19 92
65 81
78 81
51 80
8 27
97 100
44 57
5 71
92 94
62 67
10 39
84 94
9 97
89 98
2 36
47 74
81 88
39 48
96 100
24 40
59 95
58 69
95 97
56 83
62 92
78 86
88 96
47 59
9 13
65 66
77 92
92 100
39 90
23 43
95 96
54 94
56 71
57 98
42 86
51 73
65 83
4 94
96 100
36 58
99 99
74 86
93 98
2 41
63 86
27 55
51 51
50 97
34 96
88 90
63 92
32 61
53 58
99 99
49 99
83 87
34 96
32 46
63 76
82 93
40 86
69 70
17 33
7 87
69 95
65 84
13 28
83 84
35 91
40 50
35 86
86 91
21 81
52 84
45 64
55 68
10 12
28 28
84 88
77 92
54 88
76 100
4 65
14 95
86 93
49 88
67 71
91 93
35 73
17 50
53 88
61 77
50 80
52 65
96 96
28 88
64 95
27 91
20 30
67 90
74 84
4 100
56 69
37 61
21 78
55 85
54 81
76 99
50 90
5 74
61 95
1 45
7 87
48 70
42 98
9 12
99 99
72 93
82 86
56 58
73 97
18 48
61 65
40 63
80 80
52 64
68 91
3 79
31 96
86 87
49 49
84 97
90 90
57 85
89 98
69 84
86 90
71 92
16 49
58 76
68 91
72 95
72 95
38 46
41 52
57 71
45 96
28 52
30 61
44 93
85 86
18 40
8 25
93 97
45 48
53 66
80 87
73 96
5 10
54 66
3 82
26 32
83 86
30 75
83 88
48 90
11 81
73 80
27 87
24 28
31 96
26 84
94 100
52 52
52 59
72 91
68 95
52 77
74 97
29 77
5 44
17 75
30 52
62 86
44 95
24 88
90 92
67 84
29 64
63 81
31 31
63 89
53 84
39 40
6 61
73 87
77 97
43 50
58 60
51 91
34 92
34 42
7 71
54 57
5 46
36 69
28 35
15 33
15 60
79 92
71 77
26 39
70 82
3 18
60 91
50 76
97 97
13 28
45 75
6 28
39 68
94 96
6 67
60 74
55 58
88 88
93 100
13 77
100 100
28 92
35 70
82 91
34 60
65 79
24 38
67 95
73 81
30 72
10 88
95 96
8 54
91 92
77 95
69 81
39 51
2 87
11 34
75 85
35 47
98 100
16 79
58 99
77 85
23 89
30 86
67 97
47 77
79 97
98 100
14 66
64 71
41 67
68 88
25 82
34 72
89 95
58 94
50 83
35 95
41 41
40 55
52 52
70 81
24 47
40 61
76 90
78 84
86 93
19 79
49 58
62 87
37 68
65 67
63 94
65 91
52 81
99 100
58 85
63 65
3 39
44 59
12 79
93 98
43 82
42 48
18 21
24 100
58 71
61 69
69 81
93 97
4 42
8 58
78 98
61 77
71 88
28 100
61 74
69 78
46 76
11 64
48 73
71 85
65 95
70 80
52 93
74 94
70 96
49 81
46 49
40 69
8 78
54 81
23 98
83 86
43 88
54 57
96 98
74 87
36 45
29 91
61 98
76 81
77 86
80 97
5 41
49 73
46 83
1 75
99 99
30 53
64 72
57 67
69 88
80 96
45 47
49 78
39 95
96 97
37 84
40 58
84 91
11 23
25 79
78 91
55 92
94 98
31 57
54 83
95 96
62 96
87 90
38 67
67 85
16 97
63 100
58 81
25 38
62 70
86 92
92 99
61 70
15 84
35 54
56 62
78 89
34 89
35 66
44 50
19 21
66 83
17 92
77 86
78 86
46 86
100 100
35 89
100 100
54 96
53 65
67 99
46 91
83 100
11 80
24 95
17 34
38 98
17 64
36 59
69 72
52 74
91 92
51 72
37 48
58 68
95 100
16 80
92 93
33 85
37 78
4 95
16 99
30 98
62 91
10 75
22 45
26 90
72 88
100 100
82 86
87 88
39 84
54 67
31 73
20 34
28 84
43 68
56 63
24 26
25 68
76 97
83 99
62 77
18 69
95 98
17 59
33 75
92 92
13 97
51 80
73 91
73 98
2 80
62 70
47 69
65 73
56 60
86 96
84 89
81 95
67 71
14 44
5 56
14 99
89 91
37 52
11 85
10 81
2 8
49 74
75 92
77 85
41 50
62 89
62 77
85 95
84 84
7 90
6 61
38 42
70 85
7 97
94 95
41 66
20 72
93 95
69 93
100 100
7 28
16 69
78 99
7 84
71 81
50 70
28 93
87 97
97 100
15 56
7 80
61 89
59 85
74 76
19 22
11 46
78 78
14 67
47 48
1 17
66 70
46 65
7 30
93 98
93 99
81 83
100 100
35 39
84 98
1 83
87 96
20 96
39 57
62 82
54 77
45 47
95 95
83 96
92 93
96 98
19 70
39 94
39 98
57 60
49 55
80 90
69 90
54 66
69 88
23 45
41 97
43 82
58 81
41 61
90 90
81 84
37 100
31 87
71 86
85 89
44 57
13 20
31 47
61 91
100 100
78 99
78 94
65 76
89 99
37 47
45 97
75 88
97 97
64 79
65 73
50 83
64 87
36 100
63 88
45 47
88 98
9 66
8 52
9 20
86 91
6 37
77 97
90 96
66 94
78 84
63 85
29 40
54 90
7 74
60 64
59 62
50 90
42 99
47 85
34 51
64 64
12 65
71 85
94 98
84 84
90 95
7 37
52 71
92 98
68 76
58 91
18 25
69 90
12 16
92 93
68 72
27 86
39 53
30 99
100 100
8 71
46 70
41 66
53 100
76 86
30 73
82 91
94 94
57 74
40 85
90 92
36 68
27 75
52 99
90 90
70 90
52 56
28 34
63 72
71 95
13 48
85 95
54 65
4 90
46 100
80 83
61 71
36 90
25 62
2 55
99 99
70 89
38 51
3 37
71 81
67 80
91 98
86 98
72 75
86 98
9 21
94 98
53 100
82 93
32 63
81 85
10 37
40 41
22 78
36 47
32 69
19 21
15 32
64 76
52 66
86 91
45 88
29 29
3 4
46 57
4 17
42 82
14 25
74 98
90 95
26 41
18 60
45 92
24 93
71 86
92 95
76 99
2 61
2 10
93 96
78 97
74 97
7 17
31 91
18 89
28 48
13 14
89 91
100 100
70 82
55 59
58 92
50 91
100 100
95 98
37 94
36 84
32 44
66 97
81 90
75 78
71 81
81 87
94 100
1 43
9 12
65 84
49 54
66 66
96 96
74 96
71 76
23 30
32 35
30 67
93 95
94 96
95 100
2 81
24 98
42 52
14 18
23 74
93 97
47 70
57 65
2 74
25 74
39 54
98 99
16 51
26 98
89 100
73 89
73 98
19 30
49 75
84 96
35 75
75 96
53 71
75 86
99 99
45 86
5 90
12 12
46 61
56 57
78 95
72 75
33 44
100 100
1 38
71 99
17 99
69 71
80 92
3 36
2 63
86 98
96 100
40 62
22 34
63 91
20 56
60 64
94 98
57 65
71 80
95 100
87 89
49 95
57 100
99 99
50 82
60 88
28 80
33 38
63 70
20 64
23 66
93 96
93 95
68 95
53 86
37 57
15 27
67 99
83 99
37 55
55 64
88 93
17 19
67 97
14 83
34 43
28 53
32 69
81 100
40 93
29 30
8 86
24 40
33 42
98 99
72 89
69 91
33 57
99 99
66 91
22 49
33 56
42 98
71 95
70 97
34 98
31 64
48 95
6 11
61 92
91 92
25 46
5 95
75 82
99 99
35 87
62 69
17 92
45 84
52 85
8 25
36 80
97 98
9 15
74 99
38 76
28 85
90 90
78 91
86 93
56 74
85 86
77 78
95 99
69 87
19 71
19 70
12 64
21 36
88 97
15 25
12 45
3 77
57 81
84 85
75 99
14 39
76 93
76 96
98 99
7 99
54 66
92 93
6 22
41 58
27 98
1 65
48 63
27 50
9 86
19 58
81 83
78 79
81 86
17 36
86 92
18 20
31 62
26 70
8 62
72 89
17 83
4 36
12 15
13 53
31 86
20 54
100 100
11 18
19 32
7 46
55 70
58 94
57 70
17 22
72 100
51 77
55 81
33 81
42 83
28 29
97 97
30 60
28 74
81 98
50 57
6 49
34 59
59 66
8 63
74 87
21 84
84 86
82 86
94 97
38 95
8 57
65 87
81 94
42 84
52 56
66 66
46 70
70 82
2 73
37 67
23 51
47 62
57 65
15 17
33 69
78 87
97 99
18 23
81 84
52 90
48 56
11 14
36 60
91 98
65 79
79 90
58 87
10 24
65 79
97 99
62 71
8 15
83 95
1 94
19 59
52 82
2 32
30 94
55 82
29 61
34 67
98 99
23 79
47 97
5 100
17 47
35 71
47 99
91 94
65 66
58 94
46 79
9 82
90 97
83 90
73 86
77 89
6 53
32 91
13 47
3 9
1 73
66 78
63 88
56 98
41 53
62 86
28 69
49 74
27 27
64 84
66 96
28 72
35 95
35 37
84 96
90 100
47 47
42 49
33 75
10 19
12 34
79 100
76 91
71 97
2 99
99 99
16 60
45 56
62 69
47 89
28 87
90 99
98 98
99 99
15 56
70 77
27 27
42 51
57 84
2 42
21 53
95 97
23 68
87 98
82 91
52 67
10 20
87 96
63 86
58 94
51 83
50 70
8 86
34 74
67 95
22 69
70 96
100 100
64 68
23 42
87 87
59 100
97 98
18 78
56 83
90 99
1 44
84 85
70 75
75 88
19 27
7 90
56 97
47 60
22 55
95 97
46 99
74 79
73 86
82 89
3 45
59 67
31 37
99 100
89 99
53 68
8 72
53 63
92 98
26 76
73 87
85 85
58 62
19 76
31 67
87 92
7 39
61 97
31 71
28 59
17 21
25 63
66 66
61 86
81 84
31 31
73 83
80 94
15 93
25 41
69 79
85 99
76 77
33 69
76 89
42 59
15 83
18 72
49 52
42 88
55 59
13 27
43 44
16 87
37 41
13 15
65 93
65 85
83 100
5 41
74 88
84 95
50 52
12 52
70 90
5 75
26 55
49 79
18 76
2 16
13 32
38 60
42 62
70 83
15 98
87 90
25 34
61 91
22 41
19 53
52 56
64 66
74 87
97 98
18 58
81 90
41 66
40 98
41 66
28 78
12 76
67 79
14 94
62 70
75 83
56 94
27 95
69 93
28 93
27 48
31 92
53 83
7 33
99 99
77 97
99 100
50 93
23 58
76 88
73 75
74 98
5 36
27 70
63 63
3 81
59 67
94 94
38 54
79 82
35 74
78 90
96 97
94 98
1 5
87 93
97 99
54 68
61 79
32 69
22 74
63 96
51 65
74 87
73 97
19 70
5 18
32 55
38 62
91 100
4 75
92 95
14 60
75 92
21 41
35 54
67 68
65 68
85 93
7 43
45 59
41 95
8 73
99 99
45 100
77 90
4 99
54 98
72 90
25 37
27 48
23 33
44 45
3 18
96 98
93 96
74 96
68 84
16 44
48 79
69 82
24 78
6 95
29 60
52 67
53 77
21 90
29 77
51 97
7 71
32 98
81 85
64 85
40 54
78 99
86 99
47 60
1 32
5 13
73 91
81 96
34 88
62 83
87 94
96 96
93 95
97 100
50 75
28 87
26 99
73 92
21 98
78 84
63 94
77 82
22 75
15 22
80 97
83 85
71 80
29 88
63 75
84 94
28 41
20 91
73 97
61 82
85 100
10 54
74 100
98 98
29 97
95 97
71 97
89 91
48 80
52 100
91 95
76 90
99 99
90 99
81 92
66 100
55 93
11 39
10 35
5 34
21 26
79 85
100 100
77 93
66 98
12 67
28 93
97 100
16 60
34 55
86 89
44 77
38 44
50 75
92 99
40 53
14 26
13 98
66 71
62 84
6 89
77 90
14 37
83 88
26 99
90 90
92 95
64 70
46 83
22 57
7 33
53 71
49 60
81 94
5 58
33 85
75 85
36 49
1 41
11 34
41 58
68 74
12 35
85 85
8 100
59 87
47 83
52 79
93 94
49 98
66 76
68 70
13 30
83 88
62 67
64 85
21 58
75 75
53 63
27 28
22 76
29 40
80 87
75 91
94 99
47 99
47 95
13 83
76 82
24 49
48 57
14 17
83 95
72 82
88 93
47 80
2 4
61 71
63 77
40 43
56 77
58 68
6 48
39 48
33 97
91 93
3 26
33 89
46 71
85 89
71 77
11 67
87 96
98 99
66 68
82 94
19 27
70 85
14 19
19 73
35 37
90 97
72 75
2 53
70 94
12 70
16 74
1 36
14 74
52 91
55 72
1 7
48 56
3 42
52 91
67 92
66 86
63 63
73 96
8 44
67 87
84 96
66 83
93 99
22 94
91 94
74 77
98 100
66 74
42 70
26 70
25 49
58 82
33 40
48 49
79 85
14 99
65 94
45 70
97 98
31 42
76 88
77 80
36 54
89 98
42 73
66 95
16 50
67 94
40 56
13 39
20 44
58 58
48 70
6 16
47 91
9 14
94 94
38 61
55 69
94 98
63 86
43 92
65 70
50 81
77 94
10 38
29 59
91 96
68 96
3 7
54 60
52 96
25 82
20 65
55 67
68 75
30 72
82 93
86 88
50 79
79 93
53 71
84 97
89 99
1 25
22 99
86 86
97 99
33 43
92 93
89 99
43 99
33 78
21 25
61 99
8 77
22 80
13 100
72 97
17 64
31 72
79 87
79 89
39 87
83 99
28 72
87 93
43 76
54 61
18 98
1 83
74 97
30 97
70 97
58 67
78 90
11 79
68 91
42 80
90 99
90 97
10 91
71 74
84 94
88 92
49 91
11 20
6 86
27 68
32 97
52 61
64 69
96 97
71 78
42 48
50 52
14 73
69 77
85 86
7 42
32 65
16 51
69 100
23 30
14 91
100 100
24 58
63 74
90 98
79 86
19 61
48 53
75 84
2 80
3 14
91 95
89 99
25 70
21 85
29 55
58 88
17 96
46 76
52 98
97 97
36 89
62 64
19 20
50 78
31 67
43 89
16 17
71 88
98 100
74 79
9 77
39 69
75 77
20 95
22 64
22 83
75 78
50 59
3 90
2 56
6 73
24 71
3 37
26 58
18 65
88 94
90 97
50 59
67 77
84 86
89 89
83 92
83 100
3 88
13 73
83 90
22 56
2 62
59 61
90 91
14 30
44 72
84 88
14 50
20 63
1 95
9 33
54 86
52 65
49 50
11 81
2 54
35 93
26 40
64 69
64 67
8 29
57 84
7 44
47 86
58 86
19 51
59 72
31 74
78 88
8 62
79 99
57 64
70 92
67 87
42 79
7 26
83 84
7 53
68 98
33 50
33 78
10 49
1 90
20 35
89 99
81 82
60 94
66 81
54 58
65 76
1 60
7 13
75 89
54 96
53 86
100 100
29 88
23 33
42 100
59 93
74 100
7 28
27 54
40 78
75 92
100 100
94 98
53 80
76 99
35 78
33 75
33 92
51 84
41 71
91 100
47 71
84 89
22 55
95 97
80 99
5 97
65 72
72 77
19 64
23 56
69 70
17 100
87 92
22 91
96 100
98 99
25 95
92 92
95 99
63 80
88 92
61 98
34 80
95 95
71 79
7 58
24 91
34 80
70 89
90 94
84 88
5 63
59 100
32 48
13 64
38 72
34 73
98 98
30 84
36 89
64 66
76 99
28 46
81 96
99 99
72 92
18 42
51 57
51 88
46 85
71 79
53 55
49 51
32 95
98 98
82 96
55 66
86 95
22 69
97 99
9 51
46 66
97 100
97 98
88 93
73 81
100 100
58 78
38 58
63 68
67 93
13 38
83 87
14 88
9 68
51 79
92 98
10 69
9 74
61 91
14 79
73 79
33 34
28 34
95 99
44 50
6 40
21 37
15 67
99 100
49 88
57 90
80 96
3 32
39 93
97 99
86 94
51 64
60 90
39 54
94 96
94 94
58 71
26 77
14 32
21 38
62 92
21 31
34 57
98 100
37 80
100 100
59 85
98 100
32 52
59 86
38 96
69 88
87 98
93 100
45 91
20 42
77 97
26 87
64 74
14 53
85 92
63 79
41 95
66 87
77 94
25 49
76 90
33 72
10 80
65 96
98 98
89 89
89 90
72 94
84 90
7 96
6 84
20 62
28 54
67 78
80 89
84 95
90 93
19 84
78 82
2 29
64 80
11 12
50 76
48 68
90 93
77 90
29 90
45 100
65 82
61 100
47 93
72 83
58 98
17 66
51 63
73 98
99 99
26 59
80 98
49 93
40 43
68 83
36 58
53 76
63 64
69 85
80 99
54 76
27 82
62 92
29 40
1 52
95 97
14 60
16 35
63 100
84 96
65 98
49 53
53 96
34 97
58 80
31 75
56 66
90 93
19 66
17 61
66 96
85 94
60 91
49 92
26 66
9 91
19 95
75 77
79 87
82 83
12 70
46 79
72 90
89 89
13 74
45 57
80 86
16 78
79 86
15 18
75 87
15 19
2 84
23 82
1 97
52 73
8 73
23 75
49 82
42 78
53 86
96 100
19 89
92 99
55 84
58 65
84 93
23 31
95 98
24 46
38 95
18 94
81 95
49 61
64 96
64 90
82 98
35 100
80 83
14 24
61 76
83 87
99 99
75 81
40 90
9 9
79 95
30 33
75 96
80 89
75 93
12 77
81 95
11 78
34 36
64 79
15 17
5 87
96 97
89 95
55 97
1 6
50 64
56 89
82 84
28 81
40 57
12 36
20 42
93 97
37 64
40 53
59 75
68 95
17 99
45 62
72 88
65 79
1 18
22 93
91 97
22 44
91 100
10 14
13 46
68 100
54 60
26 37
4 75
8 31
88 94
41 44
49 82
7 21
23 92
78 95
32 65
5 76
66 93
69 88
75 94
53 96
4 6
88 96
91 96
54 75
32 50
99 100
28 56
86 89
81 82
75 82
11 81
45 97
83 89
78 81
47 81
94 100
59 92
44 73
34 65
5 77
6 65
94 94
96 97
6 97
57 74
14 30
68 92
39 73
93 95
83 86
19 43
41 45
95 100
49 99
23 73
37 88
60 98
50 58
29 45
35 95
69 70
37 46
53 57
30 73
16 81
22 38
13 65
13 94
36 48
63 95
1 22
82 84
64 71
32 51
31 50
30 33
52 91
42 67
80 99
38 42
40 80
78 82
100 100
18 67
47 95
54 79
41 96
85 94
69 72
35 55
31 85
78 97
35 84
56 88
96 99
59 96
6 34
88 92
84 98
49 70
11 79
15 58
61 65
68 88
7 89
3 65
72 80
3 73
28 93
11 23
89 96
61 69
45 62
91 98
90 100
81 93
40 95
61 69
47 97
2 38
19 58
12 31
94 100
53 100
13 63
76 79
100 100
13 86
45 62
90 91
93 97
90 99
11 47
16 69
99 99
36 54
72 85
54 77
34 50
45 57
33 48
22 60
68 75
2 23
27 95
92 98
81 95
4 51
63 99
57 57
51 68
36 37
50 85
94 95
58 78
14 99
61 75
93 94
97 99
80 100
33 96
10 81
82 91
31 79
40 99
82 86
53 54
40 74
33 48
59 83
76 87
72 93
31 92
65 100
71 89
56 88
61 89
82 93
9 9
60 62
26 55
9 90
99 99
42 89
34 95
69 89
88 93
92 97
25 36
15 20
38 47
68 71
34 64
26 65
97 97
2 90
13 46
33 72
96 96
10 20
95 100
81 94
72 97
32 92
30 99
90 91
3 38
78 94
85 94
65 89
46 73
50 54
38 78
39 65
69 76
26 82
26 84
58 59
98 98
74 75
11 16
94 99
49 90
50 63
28 46
88 92
32 35
22 42
56 76
26 67
24 77
48 70
15 56
80 87
21 93
65 84
2 34
83 87
68 88
10 45
21 72
17 49
24 67
96 97
7 7
42 44
96 99
91 96
28 47
67 71
77 100
62 62
5 85
38 90
85 98
96 100
100 100
66 76
93 100
47 65
12 55
11 37
33 75
56 92
83 96
95 98
10 12
75 78
79 95
5 93
63 92
79 79
3 81
90 91
15 16
51 90
34 94
89 92
55 65
37 61
67 79
89 93
17 36
70 93
77 93
98 98
14 27
59 86
88 100
34 54
26 42
1 59
49 69
5 21
83 98
40 65
72 82
48 76
33 33
98 99
28 88
33 55
74 97
45 48
42 55
64 86
95 98
20 20
25 87
50 73
12 82
88 92
99 100
16 20
46 88
8 9
5 34
24 41
44 88
31 73
9 58
95 99
52 99
20 27
90 91
76 87
58 81
22 57
15 21
58 70
93 97
15 24
51 85
93 94
98 100
67 73
81 88
3 64
92 93
61 70
25 70
88 94
85 95
64 99
48 90
37 52
29 44
95 98
79 87
19 44
98 99
93 99
75 98
48 62
36 98
23 54
81 86
16 33
18 59
36 97
18 95
77 82
26 37
56 57
83 93
11 30
76 81
23 76
70 97
75 78
41 85
79 96
74 91
90 97
80 89
1 93
6 94
34 80
12 30
42 77
97 98
83 83
2 6
95 95
6 27
79 82
88 91
88 91
65 100
5 28
75 80
52 64
3 25
21 43
91 93
62 94
12 92
69 83
38 78
36 64
3 61
24 62
64 75
79 90
73 74
50 76
23 69
19 98
5 46
48 57
84 95
35 76
89 98
4 92
91 95
62 72
98 99
94 100
42 81
62 79
6 11
96 97
17 81
80 89
68 94
81 94
10 20
97 97
74 90
12 21
93 93
61 93
90 98
94 94
16 94
23 70
68 84
94 96
8 84
42 70
77 81
20 34
17 96
16 33
29 71
90 95
85 96
34 47
43 48
51 100
92 94
85 88
79 81
23 78
12 34
98 98
26 30
51 85
34 80
77 79
77 84
33 92
70 96
20 57
18 45
49 71
29 98
72 77
52 81
88 98
73 95
62 72
33 90
28 69
43 48
59 67
15 23
65 76
72 95
67 85
49 66
92 96
48 49
5 51
26 71
7 45
28 86
12 13
10 21
90 94
14 81
54 96
5 65
98 99
67 80
88 94
6 58
77 86
7 88
7 90
89 94
63 74
40 50
23 89
3 81
21 85
26 52
14 82
21 96
57 71
59 96
14 82
84 93
35 71
4 41
62 86
2 7
76 79
45 58
27 39
90 96
90 100
24 96
32 87
18 86
57 85
49 75
1 78
68 68
6 30
62 91
78 92
35 69
62 98
100 100
65 98
2 63
7 19
99 99
59 87
81 96
58 80
8 43
53 54
49 64
70 77
93 94
7 48
42 55
78 84
7 87
92 95
55 83
42 73
55 66
15 49
84 98
40 95
69 71
90 91
59 95
72 100
62 100
98 98
87 88
43 46
76 85
96 98
58 86
35 96
36 64
85 89
1 97
76 93
34 34
9 30
10 65
91 94
64 72
14 96
16 97
73 75
54 55
65 69
50 55
52 73
82 98
31 64
67 84
80 92
29 53
73 76
58 69
91 99
27 45
64 92
71 97
17 26
38 53
16 30
47 73
59 88
86 89
99 100
71 98
10 78
9 24
54 81
84 96
88 88
91 98
10 59
99 99
53 92
78 79
20 35
77 88
83 95
75 82
44 72
55 82
34 43
78 83
77 83
23 78
35 93
41 83
58 92
8 21
75 76
8 99
33 53
69 94
100 100
81 87
87 93
73 97
74 76
85 97
4 16
87 96
91 92
16 39
47 82
35 97
55 56
75 78
3 99
98 98
11 93
9 64
82 99
40 71
56 76
12 47
9 63
12 59
36 87
76 92
77 96
38 42
31 84
88 94
67 86
60 97
82 86
57 87
51 58
97 97
91 94
6 91
36 86
95 96
18 18
17 85
33 80
59 92
53 77
53 61
80 87
63 92
79 83
95 100
98 98
62 67
32 88
96 97
27 90
91 97
90 97
68 69
82 100
2 79
60 68
56 68
46 74
35 71
42 57
3 72
69 90
41 66
49 67
91 93
8 41
92 95
55 67
36 57
40 46
97 100
96 100
81 87
61 73
81 82
85 85
59 68
30 34
85 91
80 100
80 87
86 86
79 94
13 24
61 69
7 100
6 80
85 89
78 81
38 85
44 55
18 90
73 86
72 87
3 26
32 93
98 100
57 61
70 78
92 100
7 47
99 99
16 89
92 93
17 62
84 94
85 85
96 100
60 78
71 94
49 80
77 80
61 74
10 35
99 100
5 16
91 99
45 88
47 53
52 58
1 84
59 96
30 43
83 86
96 100
87 92
69 75
20 38
54 74
23 47
25 70
91 92
20 99
48 81
68 90
37 71
78 97
19 48
81 100
64 85
1 52
13 40
38 76
44 77
72 83
26 70
45 95
62 100
14 95
5 16
33 44
8 16
16 19
45 79
9 83
42 58
60 83
24 51
85 91
13 23
27 83
19 49
70 94
86 90
69 69
78 82
60 75
95 98
64 65
4 94
18 88
13 29
80 82
40 67
100 100
67 89
15 25
80 100
16 96
96 99
18 22
49 64
69 89
68 76
5 22
16 16
85 86
41 49
49 87
69 91
33 100
11 19
25 78
91 97
59 66
67 76
51 57
13 97
30 39
38 49
87 87
29 54
25 83
98 99
12 41
16 28
71 89
16 79
19 54
7 69
27 84
59 93
70 78
82 84
85 96
2 63
70 85
56 99
78 92
65 83
47 73
48 60
67 72
58 67
83 96
4 96
1 90
100 100
87 96
61 65
65 92
43 87
47 58
60 67
12 88
37 89
16 83
41 99
83 91
21 90
21 84
98 99
24 65
27 78
56 77
97 100
38 85
25 80
61 84
21 94
20 81
86 87
27 100
63 89
81 92
42 100
91 100
46 85
12 100
47 47
67 85
62 84
97 98
4 28
88 88
39 84
76 82
97 98
70 76
31 77
48 76
39 71
11 26
35 42
65 81
16 68
43 81
12 61
28 67
24 51
76 91
35 51
27 54
33 70
79 84
92 92
93 100
70 95
96 97
37 57
20 71
63 76
73 92
84 87
53 57
38 70
34 95
23 32
18 95
50 98
97 99
6 50
90 90
99 99
90 93
85 91
56 63
10 40
3 52
84 86
96 98
73 97
49 98
58 73
94 98
16 66
52 81
86 86
61 61
40 59
10 96
50 52
81 86
27 70
83 94
6 28
7 79
97 99
73 86
29 34
56 94
19 78
52 97
66 77
65 99
47 76
19 59
48 100
52 56
37 65
40 93
6 86
28 90
27 86
98 99
18 47
19 52
28 83
74 97
100 100
87 93
87 95
45 90
27 84
59 72
1 26
51 54
90 99
50 53
65 72
21 49
11 56
100 100
70 71
73 79
23 94
37 79
61 92
12 74
79 93
64 96
5 33
70 86
40 70
5 100
45 95
81 100
71 77
61 83
78 97
57 86
84 92
9 34
47 99
64 84
65 90
66 81
15 48
55 60
27 58
22 52
94 94
74 82
39 81
20 29
10 75
55 67
62 89
2 30
43 71
78 85
28 43
70 89
98 100
53 60
59 79
47 97
77 83
89 94
100 100
32 72
64 89
30 76
4 45
61 62
12 51
61 97
28 100
79 98
15 43
76 82
85 90
30 62
93 100
56 85
7 64
93 99
23 90
82 82
29 43
24 35
34 80
41 91
98 100
40 56
12 82
5 38
80 83
87 92
26 93
45 86
7 72
24 63
19 40
23 97
58 67
21 99
94 95
99 100
84 98
100 100
75 95
39 74
100 100
24 63
44 76
79 100
45 87
64 82
57 64
37 67
65 93
91 94
15 55
78 87
92 99
92 97
19 28
86 90
17 57
47 49
83 89
23 30
67 79
81 81
95 98
1 25
41 81
91 99
93 93
6 82
78 79
18 67
57 96
90 91
96 97
51 99
100 100
19 57
35 88
15 94
47 62
90 93
66 84
87 96
48 81
23 46
28 88
85 94
99 100
12 47
27 78
36 82
94 98
81 96
68 76
71 90
81 85
32 46
36 58
21 36
25 80
82 92
80 99
93 94
51 70
15 35
88 92
27 79
9 63
76 84
99 99
31 39
7 23
16 35
56 78
40 45
31 80
21 89
5 9
62 99
60 63
91 95
51 95
90 91
41 62
1 50
86 98
2 51
11 11
52 62
21 70
93 95
26 70
98 100
59 71
57 76
63 64
76 96
86 98
47 62
35 47
2 43
59 81
21 72
72 86
22 91
31 96
66 75
66 77
33 73
75 77
65 65
58 66
11 81
31 92
70 81
62 62
85 85
53 78
37 51
78 84
25 86
6 38
85 88
88 100
56 95
95 97
70 93
39 76
79 85
13 67
53 99
22 57
13 82
81 87
15 62
74 94
46 79
19 92
77 82
22 33
49 67
69 95
93 94
37 43
56 89
36 54
42 80
72 76
7 14
89 99
14 67
30 94
88 98
85 98
7 60
94 95
23 74
41 51
52 94
53 83
2 97
33 71
36 59
46 80
74 79
27 83
7 39
56 73
51 94
80 88
13 70
80 87
78 85
9 98
53 72
41 62
90 96
39 94
47 59
38 41
33 83
6 50
40 81
4 29
31 93
97 100
85 97
22 35
87 99
35 58
75 84
51 89
22 29
10 93
72 82
24 97
43 89
51 73
35 83
20 73
60 60
78 87
62 82
26 67
81 92
10 69
95 99
34 80
24 30
74 88
65 78
26 64
41 66
100 100
11 87
18 53
39 61
29 35
25 77
91 93
64 84
14 46
91 100
7 62
100 100
64 90
4 57
86 90
77 98
3 73
4 41
81 92
35 90
45 81
80 94
30 76
68 75
99 99
45 91
56 62
64 73
2 74
25 83
79 79
34 80
79 81
71 93
61 84
60 93
3 18
9 30
93 96
9 41
46 78
25 38
19 26
86 100
58 69
62 100
29 70
92 94
56 85
67 71
91 93
19 59
57 63
43 63
26 33
12 41
18 98
65 97
23 69
57 99
44 56
13 18
60 94
11 98
87 94
40 43
62 65
54 62
81 99
47 96
92 97
4 75
87 87
27 94
93 98
54 91
30 40
1 66
81 95
48 84
19 31
98 100
90 100
19 28
50 83
67 86
63 99
50 92
6 33
98 99
48 49
91 95
78 83
38 58
15 70
54 89
68 95
90 100
27 78
82 86
13 85
85 95
56 56
72 72
62 64
94 100
95 96
6 66
63 64
41 88
66 91
85 87
90 97
34 75
69 89
49 69
17 47
88 96
26 55
12 41
91 93
59 94
9 56
94 97
61 79
56 60
43 53
45 94
30 36
24 27
89 100
22 98
21 48
49 67
33 39
21 59
85 86
74 76
27 71
40 59
29 80
57 96
68 100
7 36
47 49
12 41
90 96
76 78
44 51
34 71
57 58
87 91
76 91
62 97
7 67
54 86
26 41
32 70
43 60
42 62
93 99
96 97
40 77
59 96
3 17
53 67
79 100
19 92
73 94
3 32
59 83
26 55
80 100
27 62
40 77
6 22
12 33
82 90
16 85
23 46
12 51
89 93
66 66
99 100
83 88
30 33
54 58
51 98
7 9
44 88
73 96
63 89
57 76
77 90
81 87
45 88
70 95
15 43
70 76
85 94
42 83
85 90
13 64
57 91
64 68
86 91
56 85
54 83
35 98
30 42
83 99
64 97
89 93
9 25
31 97
65 78
35 49
66 86
82 84
5 100
29 56
81 90
20 68
98 100
86 87
83 93
66 88
40 90
1 26
49 84
14 79
73 74
24 43
32 76
16 16
14 39
56 94
82 82
69 78
51 53
78 82
26 82
38 64
74 89
55 70
22 45
1 66
3 84
91 95
8 24
47 98
52 60
29 87
51 85
51 94
9 81
8 8
22 68
24 28
72 82
10 81
85 100
46 61
90 95
100 100
100 100
43 82
11 88
2 86
58 59
51 83
81 93
59 78
31 55
55 67
68 90
90 99
84 92
21 28
74 96
13 30
22 100
61 98
8 45
73 88
99 100
84 95
66 72
15 73
22 49
19 21
26 94
31 98
81 97
44 61
88 93
48 76
22 47
92 92
54 55
17 41
92 97
2 96
72 80
80 94
10 36
13 34
68 86
46 59
15 50
41 71
87 93
40 70
98 100
64 67
5 98
26 59
15 77
18 64
20 71
51 95
27 93
52 67
60 86
34 52
19 65
43 86
83 94
13 37
92 95
49 91
41 62
25 57
39 93
50 74
60 99
51 98
9 76
32 65
33 60
47 72
87 95
7 57
64 82
28 67
99 99
80 96
83 94
37 100
56 77
28 98
62 86
84 95
33 54
37 48
15 54
10 36
37 58
35 64
71 81
3 49
55 80
28 61
50 51
98 100
51 81
75 97
37 42
78 90
17 60
72 99
62 97
17 60
56 66
89 96
98 100
100 100
100 100
85 85
18 49
56 85
18 85
92 96
58 97
58 87
51 52
35 98
15 78
22 37
17 22
100 100
35 75
74 88
79 82
55 60
71 76
48 65
59 99
74 100
27 87
91 100
31 44
44 78
37 69
96 98
50 57
84 88
66 98
66 86
83 84
23 63
94 100
12 71
86 93
1 44
54 93
1 88
95 98
99 99
80 99
72 95
13 78
78 87
57 84
51 74
100 100
96 98
17 44
66 77
1 37
21 66
54 96
48 91
85 86
10 57
29 60
24 95
9 64
21 57
78 97
85 85
78 89
66 87
63 67
22 63
10 84
54 58
92 100
85 97
92 97
95 97
51 63
50 81
39 82
17 18
4 16
60 93
70 77
61 94
89 89
18 38
24 25
73 83
46 83
19 54
56 69
25 82
62 98
74 98
29 36
82 89
55 80
20 65
15 71
46 80
20 85
28 55
43 93
57 62
82 85
22 38
82 97
8 81
62 74
14 23
73 91
53 84
68 74
94 97
29 67
96 98
65 76
19 82
92 92
42 90
67 84
58 98
85 97
89 96
99 100
32 68
82 88
93 94
2 80
29 80
85 88
99 100
31 48
95 95
37 52
64 94
82 92
52 72
53 71
62 98
2 43
3 8
37 55
42 94
61 78
69 72
89 100
31 49
35 53
13 30
12 69
40 42
26 80
30 60
58 95
17 30
90 90
75 99
92 92
56 87
21 51
67 87
27 80
5 27
7 28
68 99
56 80
65 84
30 90
99 100
25 95
30 65
87 91
60 63
93 100
44 57
22 87
94 100
31 65
48 68
65 71
12 15
10 67
71 99
45 67
88 100
45 47
15 30
86 100
43 69
55 93
40 91
41 41
18 66
59 65
52 74
88 88
5 5
73 80
15 98
20 92
46 100
70 96
22 55
65 83
39 75
51 100
70 82
37 64
19 56
49 66
9 76
33 81
44 99
81 84
43 100
61 98
50 61
80 97
94 99
86 91
40 80
91 94
98 98
82 90
73 85
24 62
48 50
42 99
71 71
94 97
5 25
51 62
47 98
15 100
23 87
56 85
98 99
5 5
42 45
25 89
1 34
8 32
76 81
53 63
72 74
48 61
77 82
10 89
14 56
16 22
78 91
24 43
62 91
76 77
72 96
17 22
74 75
5 38
73 74
97 97
43 69
60 99
17 57
86 96
45 73
86 98
77 91
45 82
27 49
21 25
63 78
6 17
48 59
100 100
7 36
58 98
70 85
41 70
35 44
60 71
70 77
74 98
19 78
51 59
25 96
14 36
20 85
64 72
96 98
16 20
47 72
29 87
47 71
75 100
6 11
43 62
92 99
34 86
25 40
58 70
44 78
53 58
49 93
8 43
100 100
37 79
56 57
13 91
45 78
43 64
90 90
11 93
20 46
4 37
96 96
98 98
17 26
37 55
92 94
56 57
58 89
23 53
46 74
94 97
44 48
68 80
7 25
92 99
4 60
55 60
81 82
64 71
19 44
35 45
24 65
82 86
86 100
63 96
1 31
40 63
57 78
14 39
70 95
79 86
34 67
71 85
51 88
55 67
38 83
77 91
77 86
22 96
66 74
56 61
26 26
28 51
39 51
65 72
54 88
79 94
69 76
97 99
78 96
51 84
63 73
49 86
64 66
54 95
64 89
34 43
64 74
29 58
30 59
37 97
55 73
100 100
70 99
68 70
75 91
73 79
64 81
2 14
72 94
36 97
75 81
90 99
31 47
31 82
2 43
47 57
6 30
38 65
51 89
56 98
21 77
83 97
71 92
33 62
33 64
59 69
91 99
90 95
79 88
10 26
28 63
74 79
93 94
98 98
38 75
9 88
16 72
91 97
31 96
60 75
35 93
43 63
25 51
8 77
69 93
35 38
78 80
90 94
18 98
87 94
58 87
12 17
80 88
69 90
81 88
5 31
83 93
89 90
7 69
3 29
20 34
5 30
7 24
12 13
89 89
13 31
44 80
92 100
77 89
47 81
60 63
11 38
60 94
96 98
51 67
52 91
80 96
40 57
92 93
47 77
84 98
48 83
70 94
1 93
16 73
87 100
27 79
67 75
94 97
20 90
40 98
10 86
41 46
24 47
10 29
71 97
45 74
41 50
10 26
23 52
80 87
52 64
61 100
3 5
97 100
9 44
91 98
93 95
100 100
90 95
30 46
8 33
35 49
47 82
75 98
62 73
41 74
10 73
35 64
21 64
26 36
99 100
27 68
45 55
52 59
68 90
59 93
78 100
30 88
86 86
34 74
11 52
12 66
61 75
23 58
44 87
87 99
55 57
80 86
54 64
61 96
33 60
5 63
34 80
26 87
43 84
41 69
9 33
16 68
86 86
36 72
49 64
86 94
48 65
10 11
17 68
16 60
42 72
89 95
39 77
36 86
32 82
58 84
9 45
73 73
32 57
38 42
30 39
23 65
59 90
77 81
33 54
71 81
69 89
30 95
37 39
79 87
99 100
24 98
73 88
47 73
91 96
49 81
65 89
8 75
86 90
66 71
2 94
4 45
48 90
36 86
57 83
51 71
3 86
19 66
99 100
70 86
48 51
34 55
45 78
71 76
11 93
64 77
12 35
34 43
21 84
31 71
46 66
5 15
45 80
36 67
2 50
19 87
45 54
20 91
3 15
43 60
37 98
95 96
20 78
70 98
48 62
68 100
60 69
87 91
91 95
22 22
10 83
17 93
28 67
39 71
85 98
41 94
8 42
72 74
29 65
14 54
95 96
49 63
55 85
35 51
47 80
85 97
64 83
65 76
61 81
47 89
17 29
31 83
41 63
54 91
79 97
68 88
92 93
77 87
95 100
84 95
68 85
77 99
91 93
81 90
58 68
33 35
30 98
3 29
30 44
57 69
35 38
47 56
6 95
85 95
61 70
31 45
27 68
71 76
43 80
39 100
17 45
28 74
17 57
36 95
45 97
17 58
19 36
60 73
14 63
90 99
32 96
15 22
6 96
90 93
4 22
42 51
33 82
32 61
28 65
58 74
46 52
54 67
61 100
93 94
10 57
57 79
60 80
24 35
59 72
14 97
3 17
54 57
66 94
42 97
33 58
26 59
55 83
49 86
16 83
32 76
64 94
89 96
74 74
6 69
41 70
87 99
46 71
36 66
80 89
76 85
91 97
35 38
38 42
57 72
77 77
40 68
83 89
59 89
5 70
45 59
17 64
54 57
8 61
46 93
92 99
84 87
90 94
5 95
78 94
78 96
67 74
2 96
88 98
17 20
89 95
22 59
50 66
14 91
10 23
78 96
57 94
21 98
19 74
96 97
35 60
13 95
53 67
32 77
33 93
37 59
38 93
40 92
47 99
35 89
33 40
60 63
43 93
48 80
49 55
21 97
10 45
16 34
54 87
28 40
48 61
90 95
96 97
19 36
99 99
41 43
66 93
14 87
11 90
31 70
36 79
35 63
54 79
89 95
19 88
93 97
24 71
96 97
52 88
79 100
95 96
69 82
84 91
42 82
16 39
96 96
80 100
50 65
75 84
40 66
66 67
4 37
49 75
76 81
57 72
5 21
89 94
90 96
12 53
87 97
94 97
6 21
50 98
6 21
89 89
11 20
98 100
79 99
84 95
53 79
87 96
52 53
92 100
76 80
76 85
89 91
89 96
66 86
5 48
32 72
92 100
52 61
23 97
100 100
44 74
51 92
63 84
72 81
52 83
23 27
18 64
25 32
57 58
91 99
89 93
18 95
53 98
26 66
1 31
42 95
9 99
94 98
48 71
90 90
9 36
64 81
81 90
45 57
27 63
92 95
66 94
6 40
23 64
37 37
73 82
34 99
83 83
82 89
50 62
32 64
68 76
70 95
97 99
31 96
62 70
48 55
97 97
64 77
35 93
82 85
66 78
50 87
51 53
16 19
85 91
72 73
28 74
93 94
3 15
79 91
82 98
20 28
1 12
14 22
75 95
27 65
76 96
20 84
48 57
35 53
57 71
62 84
49 83
21 60
82 95
47 54
88 91
42 77
94 100
2 48
77 100
70 79
32 73
31 64
82 98
16 36
39 89
56 97
59 70
87 89
18 23
33 63
98 98
89 100
76 90
63 85
84 88
50 99
88 88
36 36
13 51
5 33
22 73
96 96
7 50
50 91
43 76
92 94
54 65
69 94
80 91
82 100
12 41
88 96
82 98
13 63
46 83
20 60
30 94
29 91
52 66
62 64
66 66
12 61
71 99
74 81
61 85
89 93
38 48
71 82
69 91
68 100
84 86
96 98
28 90
31 84
90 92
19 60
97 97
18 29
26 83
45 80
71 83
66 67
48 68
75 99
18 73
93 94
15 52
73 96
83 97
70 100
21 100
38 78
58 88
5 82
66 68
69 72
74 95
92 97
13 85
32 59
91 94
10 40
27 28
60 60
35 84
47 59
26 89
85 95
21 72
37 92
3 77
94 94
11 69
7 39
6 24
38 60
2 58
53 90
33 36
68 83
4 70
53 100
24 94
7 44
84 89
74 88
5 68
36 80
65 78
4 89
44 52
98 100
63 99
76 95
11 53
73 77
82 92
44 80
59 59
5 80
49 68
56 87
56 60
28 60
24 36
78 80
72 85
27 86
40 99
94 100
31 87
43 68
30 34
37 100
99 99
5 95
51 65
100 100
41 68
57 69
52 81
85 97
61 75
97 100
7 80
72 96
97 98
66 83
11 47
66 93
25 26
69 94
99 99
65 76
3 83
75 93
14 50
85 88
87 89
69 70
23 98
36 99
15 97
79 93
5 41
85 98
56 99
67 77
39 58
47 60
86 100
87 92
93 99
15 82
79 80
46 93
20 94
72 96
71 100
57 62
41 89
22 60
40 87
79 92
61 78
7 43
91 100
59 97
81 100
78 86
96 100
43 62
74 80
63 97
64 83
45 92
26 77
91 100
6 6
55 94
88 88
92 100
96 99
37 45
42 79
10 48
14 91
35 48
14 50
58 69
39 90
5 38
32 54
94 96
80 100
61 80
32 88
90 97
95 99
60 87
25 64
31 61
77 94
67 91
43 81
71 86
18 73
71 89
11 36
38 90
20 43
92 99
98 99
57 63
8 8
21 31
9 72
54 63
90 97
53 65
13 99
13 65
43 72
62 65
55 68
23 86
97 98
21 52
1 65
97 97
17 69
38 39
62 69
89 96
55 89
96 97
49 68
36 57
49 70
70 100
29 72
65 96
32 89
22 36
57 76
87 99
16 74
5 14
20 38
78 95
66 81
80 87
53 88
20 88
49 85
64 96
92 95
73 81
47 59
69 86
78 95
18 41
68 76
62 64
100 100
65 66
11 40
34 75
31 60
94 97
29 80
67 85
12 47
46 79
52 61
65 98
69 87
74 88
37 47
79 89
73 100
92 93
36 91
4 29
14 58
89 100
3 94
59 66
86 97
60 93
62 99
27 99
80 92
20 35
75 77
74 78
31 52
25 45
67 93
76 83
3 11
65 71
90 100
76 76
85 89
24 46
26 62
17 63
93 99
47 95
35 65
46 57
86 97
59 91
23 92
46 100
8 36
66 84
78 98
74 89
21 81
40 47
78 95
49 68
80 94
79 79
68 97
55 71
11 100
39 41
44 70
44 60
39 39
13 19
64 64
10 67
90 90
58 68
28 83
26 86
43 93
8 27
14 83
77 80
9 9
83 100
87 99
52 86
12 88
13 100
47 67
95 95
32 33
61 99
76 91
89 93
56 86
7 45
50 79
85 98
20 25
57 94
11 66
21 76
29 70
62 83
79 81
46 76
28 62
34 38
8 71
36 71
18 72
30 81
78 86
30 64
92 95
88 88
76 96
3 3
36 87
64 71
48 90
1 59
53 82
20 44
14 58
93 94
73 95
11 49
16 85
92 99
34 75
44 54
46 68
86 94
4 29
72 95
79 91
46 70
55 68
71 88
16 64
95 96
86 86
62 71
72 76
43 98
49 50
82 87
85 95
15 97
85 95
1 15
15 53
24 97
31 34
27 32
25 95
3 87
24 83
57 59
64 93
24 41
29 35
53 55
14 62
13 35
23 71
71 74
24 63
39 46
40 91
96 98
30 44
43 95
99 100
66 80
42 98
34 79
22 75
33 47
8 33
88 93
35 48
86 97
50 76
40 60
62 73
35 36
65 78
73 93
91 93
56 64
33 56
97 100
37 72
82 88
15 58
17 66
48 100
59 60
86 88
18 47
53 77
35 56
25 52
44 79
17 88
51 96
97 99
69 81
13 23
77 94
88 90
67 92
38 70
13 86
19 47
69 83
9 57
60 82
38 79
60 97
24 71
56 85
34 62
63 99
10 98
45 92
26 45
78 79
53 68
24 100
93 97
89 98
35 75
18 49
20 44
82 95
4 6
93 98
1 99
38 90
88 98
26 26
17 17
82 95
62 76
36 46
32 66
10 38
42 74
90 100
20 47
89 99
61 76
72 89
57 92
58 90
48 100
4 18
77 79
63 67
36 42
30 39
9 62
77 91
10 33
91 95
9 46
69 82
36 41
45 99
86 96
68 100
93 99
16 43
31 96
42 49
67 87
29 82
2 94
41 52
40 46
53 79
63 97
66 79
27 46
6 47
89 95
78 99
87 89
64 74
17 40
50 81
64 84
49 85
62 99
55 58
83 88
29 85
66 78
65 96
24 54
13 97
13 62
6 35
54 88
58 68
57 76
67 70
41 70
30 80
18 88
89 100
23 66
89 92
83 92
97 97
99 100
33 87
14 24
27 45
55 71
86 98
59 69
90 97
84 99
61 76
27 89
97 99
80 86
31 83
97 100
86 95
10 94
14 77
76 80
30 87
77 100
90 96
77 81
65 88
77 95
37 73
38 90
22 66
22 50
7 39
96 99
8 12
91 100
1 20
35 75
89 91
32 90
96 97
61 70
38 66
78 95
62 83
98 100
80 83
18 57
59 73
20 91
96 97
73 97
37 44
20 54
94 97
4 91
63 76
34 90
61 62
37 48
44 88
68 97
56 67
19 89
33 72
6 38
17 19
8 64
2 21
42 83
53 97
2 91
16 16
32 72
4 84
25 58
92 100
78 95
61 71
61 75
20 100
77 90
43 73
61 68
12 60
9 50
72 92
41 65
69 86
32 64
97 97
86 96
73 96
2 57
71 74
57 63
76 93
45 79
2 31
67 73
91 100
14 63
17 79
97 98
32 66
89 99
79 92
20 77
99 99
47 71
42 56
89 90
77 97
66 96
47 94
78 95
28 76
3 42
43 85
70 85
40 72
11 35
62 74
76 94
98 98
50 89
43 100
43 60
92 96
49 50
9 61
18 38
78 78
86 88
14 44
9 11
41 71
86 93
23 63
9 17
7 95
9 42
28 90
31 78
84 95
1 96
12 75
100 100
65 77
94 97
50 65
49 54
52 65
58 76
68 68
91 99
73 96
70 99
63 97
19 28
45 86
78 82
20 25
59 59
78 92
20 83
8 23
82 87
24 31
96 97
27 47
62 93
80 90
48 73
84 98
49 62
60 94
81 82
58 64
87 96
76 82
79 81
23 33
24 62
37 82
67 73
100 100
35 48
40 66
63 70
97 97
48 61
55 87
40 50
85 88
100 100
59 78
79 90
99 100
32 44
99 100
4 46
53 66
25 40
54 68
20 28
96 96
92 99
24 41
53 66
81 87
78 79
15 98
20 38
80 94
45 78
15 22
81 98
76 83
48 57
1 19
66 81
28 84
46 64
67 81
83 88
74 94
50 69
24 79
22 48
35 86
55 84
8 51
84 96
12 29
89 89
29 90
41 64
17 56
44 69
2 46
59 76
49 52
59 75
15 64
90 99
67 84
74 77
58 65
52 53
5 77
66 88
51 92
97 100
16 70
76 84
87 88
99 99
5 18
54 77
51 72
67 70
36 76
35 80
1 70
33 36
83 90
21 99
97 98
47 96
60 89
90 100
5 79
13 88
90 90
57 89
48 72
49 62
11 60
69 71
58 82
24 47
75 83
49 75
57 62
14 96
77 84
52 66
96 98
76 99
84 90
18 89
59 79
29 94
78 93
52 86
95 95
87 97
60 70
43 46
50 88
46 57
3 4
4 71
96 99
25 34
16 86
80 99
3 39
5 14
11 38
44 87
62 79
48 76
50 89
58 94
1 37
83 86
15 24
53 76
46 89
34 98
80 95
67 93
76 91
99 99
33 54
74 78
47 65
7 40
2 16
30 98
76 89
82 97
19 52
51 67
53 93
93 98
71 78
24 42
82 99
35 73
49 90
41 84
64 82
6 37
7 36
51 71
41 62
34 90
17 61
35 66
61 90
14 79
30 80
18 37
82 92
95 96
45 93
41 97
87 98
15 91
77 81
73 87
75 75
83 93
57 88
91 99
91 97
63 86
51 99
53 58
38 94
13 29
95 97
26 40
55 90
1 26
100 100
61 75
15 15
29 91
53 81
53 81
85 99
22 79
92 96
21 83
68 71
16 45
70 81
57 70
97 100
100 100
60 61
42 87
67 70
37 57
83 98
21 95
61 78
73 92
16 91
55 78
84 96
100 100
31 50
65 69
51 61
65 75
42 87
92 92
9 85
93 98
18 31
57 96
26 49
95 97
20 84
37 79
20 27
25 98
73 100
2 72
55 99
87 88
73 83
75 84
8 39
40 60
46 80
35 71
9 71
17 22
97 100
94 99
66 77
36 100
47 69
32 88
12 21
90 97
29 64
68 100
13 44
3 5
8 50
66 77
45 100
49 58
44 78
79 84
61 85
80 95
12 18
68 83
14 56
2 68
31 84
78 96
94 97
68 80
51 98
2 23
10 51
98 98
8 13
89 93
13 66
21 85
53 79
41 58
22 97
100 100
33 44
17 23
1 48
45 45
59 65
64 74
96 97
48 99
66 68
1 90
3 15
100 100
92 99
27 31
51 84
38 55
13 98
62 73
61 91
20 80
16 79
90 93
23 64
3 42
72 74
46 57
49 99
31 89
84 86
18 91
41 48
30 53
35 60
59 95
67 91
57 99
19 79
14 21
68 89
60 100
12 29
17 20
5 89
40 73
49 87
7 51
16 86
16 73
53 53
86 94
21 95
90 98
74 95
56 65
10 27
58 59
85 99
44 48
35 88
3 32
31 61
53 66
81 99
38 100
1 89
70 76
9 60
81 85
87 90
46 60
9 22
21 23
76 98
85 96
77 99
22 24
75 75
8 65
15 55
22 85
14 60
84 91
42 55
13 19
50 86
94 95
1 50
69 90
91 100
67 89
81 94
75 78
28 33
72 87
26 45
3 43
36 51
43 45
45 51
83 86
17 98
19 51
75 99
95 100
100 100
78 81
70 97
45 65
90 99
14 44
30 60
85 93
52 79
42 51
84 100
37 73
70 90
97 98
62 92
6 28
6 79
91 100
80 91
80 98
57 68
69 87
40 86
77 92
20 63
16 88
33 55
9 13
20 75
41 77
42 85
10 72
54 61
9 51
84 88
80 91
2 4
85 96
42 87
34 36
2 18
14 85
79 84
74 96
91 92
93 96
44 45
63 96
18 70
24 98
28 71
70 93
88 95
14 65
86 92
36 52
42 89
82 86
67 84
45 58
88 88
67 84
94 96
66 75
92 95
16 38
18 91
69 85
87 98
97 97
24 50
59 95
66 91
51 69
55 94
80 89
82 94
63 76
38 83
78 89
47 62
74 94
62 67
89 96
56 59
41 68
22 100
31 61
44 53
13 91
5 62
25 80
77 86
63 71
32 98
47 47
96 96
20 66
18 99
75 79
93 94
42 52
42 95
49 84
59 100
80 99
44 61
79 84
45 86
29 69
54 98
33 86
33 33
13 24
48 54
46 48
84 92
12 56
11 59
88 93
87 99
29 65
49 57
90 90
51 96
32 49
22 64
97 98
20 25
82 90
35 97
62 75
76 80
20 64
98 99
4 31
4 47
55 78
31 68
43 90
53 90
64 89
55 78
18 100
4 52
12 99
95 99
47 56
86 89
25 69
49 87
2 31
51 76
38 42
81 94
61 76
53 95
86 93
49 78
88 89
18 64
40 47
21 44
5 57
68 75
63 98
78 88
33 53
7 73
15 49
78 82
76 84
83 98
36 38
60 94
56 60
52 64
41 72
56 73
77 92
100 100
58 74
40 63
61 69
28 56
52 91
55 95
4 93
53 87
32 34
73 87
72 92
28 53
16 26
24 78
94 97
38 74
35 36
55 96
34 98
47 66
31 31
98 99
2 50
29 58
66 95
23 58
86 91
25 44
91 97
73 98
40 96
64 87
49 85
44 75
85 93
39 100
63 87
21 73
69 84
22 97
96 96
98 98
33 87
43 56
12 33
7 38
88 93
68 70
60 93
90 94
80 81
12 47
97 98
51 67
13 62
8 18
68 71
95 98
2 10
71 79
50 91
15 22
36 81
45 74
100 100
53 67
41 51
30 90
87 87
29 56
58 83
80 95
97 98
28 71
51 69
60 68
37 55
72 94
34 53
55 96
98 99
57 85
56 87
9 29
67 80
57 79
45 51
73 86
55 63
3 91
54 65
50 64
58 70
58 89
13 56
46 56
25 50
39 53
75 84
18 22
61 87
33 56
93 95
51 73
11 78
32 92
2 31
73 92
8 55
38 46
2 58
59 90
17 83
22 63
4 56
40 74
11 35
80 93
18 99
6 65
59 95
45 84
52 71
98 99
75 85
87 88
48 81
13 14
6 100
10 79
18 70
63 98
43 91
3 5
68 74
31 99
17 52
88 97
14 80
84 95
71 86
97 100
55 96
64 98
9 92
79 94
13 74
56 95
100 100
76 93
20 93
56 61
93 97
16 25
74 92
83 87
29 84
36 66
43 75
36 66
65 75
70 84
66 88
97 100
22 80
30 59
12 84
63 96
65 90
45 77
60 75
19 26
79 97
64 86
84 93
22 84
90 97
69 69
56 81
56 78
25 88
57 98
22 78
16 86
43 76
51 99
2 90
81 90
83 84
98 100
55 55
81 87
92 100
94 95
47 58
25 66
54 82
65 75
38 79
65 92
42 81
15 30
2 15
28 67
41 88
33 40
23 54
61 81
44 52
53 55
67 82
50 83
96 96
55 97
6 79
56 83
82 99
68 92
75 87
20 96
87 89
49 52
16 77
82 82
57 96
72 82
52 97
33 61
47 97
70 78
16 77
100 100
12 99
78 80
5 51
97 97
3 16
67 98
23 28
69 83
91 91
25 99
67 69
17 88
68 97
78 92
31 70
21 35
70 71
34 45
56 82
56 84
56 57
2 86
26 57
33 71
10 30
75 87
19 36
6 27
49 79
91 98
28 60
48 61
14 50
94 94
17 22
64 93
59 79
2 9
7 94
38 89
23 53
83 93
93 93
49 95
44 46
58 67
17 43
52 91
80 84
28 33
3 13
97 97
98 99
15 97
58 77
61 97
81 92
91 93
3 55
48 57
24 69
6 59
16 74
69 72
54 61
7 29
66 73
19 29
83 92
90 98
53 56
28 85
88 90
57 72
59 74
33 39
78 96
39 58
64 96
67 79
74 75
84 90
22 80
27 74
9 77
93 97
62 64
53 76
28 70
44 57
100 100
48 76
80 84
5 61
54 76
3 64
39 39
74 83
80 84
24 49
20 66
58 75
100 100
31 90
42 61
64 87
6 99
87 99
72 84
85 96
32 37
27 64
69 80
17 32
3 34
94 97
85 92
81 98
23 82
35 69
1 85
78 92
18 51
24 72
58 91
26 84
12 93
33 85
85 95
45 89
11 79
1 81
99 99
60 100
63 84
31 66
21 31
5 5
94 95
54 73
32 62
24 30
97 97
69 75
89 94
54 72
8 13
2 63
50 63
89 92
97 99
13 80
82 82
73 85
60 99
57 89
64 81
23 33
11 17
57 57
7 37
5 82
91 96
80 86
22 93
51 72
68 76
57 61
49 63
78 83
16 97
13 96
29 57
96 98
35 99
83 88
19 38
29 41
39 86
75 95
40 86
26 92
76 91
61 98
81 86
81 96
56 72
27 98
59 85
46 69
56 94
86 94
51 99
54 93
32 45
63 97
42 62
39 97
14 29
59 66
74 93
1 98
22 86
74 78
30 81
29 71
26 78
78 94
65 79
56 58
66 89
21 74
26 99
56 97
76 89
66 90
36 47
86 86
45 85
86 97
83 83
45 52
41 73
92 96
80 81
32 79
34 77
75 95
68 87
55 77
8 95
22 58
80 93
68 86
85 91
28 48
5 20
91 99
74 80
27 48
28 69
29 47
87 88
60 67
18 27
56 70
46 51
75 90
45 99
60 82
11 92
47 76
36 46
2 76
88 99
79 89
10 19
35 76
65 71
25 66
74 97
69 75
80 89
78 89
35 54
36 50
66 91
19 21
40 64
38 54
23 96
32 34
36 99
63 73
21 73
36 37
87 98
84 87
80 87
86 96
74 80
34 100
46 98
96 98
58 73
11 23
87 100
7 61
92 94
3 23
49 66
75 95
29 63
32 32
97 99
55 60
71 72
74 96
67 95
54 62
21 99
14 17
41 94
62 90
30 62
57 64
31 74
8 37
57 97
33 44
39 66
61 67
33 48
66 96
25 40
82 91
25 51
46 99
68 85
32 35
44 87
41 89
78 99
99 100
82 83
44 96
34 86
5 69
80 88
4 14
9 26
47 67
87 94
51 100
56 68
82 87
32 39
53 81
11 97
70 71
8 31
12 73
31 94
18 87
32 40
51 59
78 100
57 72
81 89
73 87
5 32
53 86
49 76
39 96
92 92
23 57
87 95
85 95
25 79
92 97
14 94
84 84
61 78
89 94
13 86
65 73
40 50
22 99
51 65
2 61
35 52
69 93
36 55
39 59
44 44
4 71
49 68
61 88
96 100
61 92
39 45
58 87
91 98
80 81
67 73
54 55
59 61
5 6
98 99
14 75
57 86
60 62
33 74
60 60
25 71
67 94
13 83
20 82
65 91
87 91
95 96
11 78
1 24
5 30
97 99
95 99
43 65
26 95
86 86
32 59
35 47
59 80
89 91
23 56
63 82
88 92
33 62
54 80
99 100
91 100
1 56
97 99
86 92
41 83
57 66
21 41
78 95
3 89
62 73
92 92
50 73
14 16
16 33
34 34
23 30
38 64
43 44
100 100
22 25
94 97
9 17
24 57
63 67
97 97
20 68
54 89
31 84
9 90
1 92
99 100
48 83
75 90
13 96
97 100
19 37
87 87
22 75
48 84
48 86
20 29
11 72
57 100
17 88
25 53
63 92
66 69
47 72
12 83
41 78
35 62
6 58
42 80
36 56
81 95
24 98
92 94
88 91
33 49
65 67
27 42
10 40
65 89
71 80
23 30
55 78
86 86
74 76
50 82
8 93
15 22
40 52
82 88
74 93
71 74
65 66
82 84
38 91
78 99
75 96
31 97
97 98
62 81
15 83
24 78
81 94
27 96
97 98
56 62
97 99
50 86
11 22
10 88
15 15
49 97
26 36
13 66
37 54
67 68
14 28
43 79
55 75
92 97
72 91
88 89
77 82
26 57
30 41
55 81
62 67
24 59
37 48
31 47
98 100
94 95
1 65
18 37
34 100
94 94
32 49
66 68
27 63
68 75
99 99
1 67
98 98
65 81
6 11
11 38
92 94
66 77
70 100
68 74
59 66
49 55
13 56
84 93
98 98
62 99
32 37
65 70
59 80
39 89
32 61
4 30
4 87
39 48
28 79
46 66
69 95
42 81
44 78
64 90
18 37
98 100
63 67
42 46
90 100
2 24
71 95
63 81
37 73
54 78
20 93
14 59
4 17
91 92
72 91
85 96
76 87
3 33
39 93
81 85
50 53
38 44
35 54
90 91
91 91
14 53
45 53
83 87
52 96
22 37
65 68
23 81
14 80
38 51
8 48
84 97
23 94
60 95
89 90
71 100
58 80
63 70
99 99
1 32
26 71
23 66
67 81
74 77
10 26
45 75
35 97
13 61
73 98
67 84
92 100
25 74
27 77
33 45
86 97
48 83
1 79
56 93
71 84
11 92
35 55
58 100
3 67
59 71
24 79
19 74
32 75
36 71
29 71
65 82
38 92
17 54
89 97
11 11
15 51
81 95
54 61
80 90
56 67
54 54
37 53
65 95
37 52
77 91
8 97
17 34
96 98
59 82
22 47
55 98
77 90
84 90
14 33
52 62
6 37
55 67
51 65
31 71
88 90
99 100
12 43
31 76
39 66
14 16
37 73
65 69
97 99
65 90
83 86
64 80
90 97
81 85
38 51
3 70
8 93
78 93
13 78
31 71
43 81
78 92
57 68
47 92
5 47
83 86
97 99
50 93
11 99
76 100
59 69
96 96
77 87
62 81
64 69
59 84
37 65
52 73
22 51
35 70
7 20
62 85
36 55
1 66
89 95
16 60
61 73
83 92
47 90
76 95
12 56
53 97
23 39
83 86
80 99
40 96
2 75
22 100
57 97
70 95
56 85
77 100
48 78
51 59
47 78
43 59
74 86
88 97
11 28
59 99
16 37
38 70
14 100
15 62
71 97
87 91
65 84
28 83
36 65
40 49
8 82
95 98
68 75
12 84
53 100
29 48
53 73
2 44
20 38
70 93
74 78
78 96
39 96
24 34
41 64
78 81
2 28
56 72
24 30
46 75
23 77
83 93
35 70
83 86
27 69
66 75
34 82
58 63
26 56
42 71
72 98
81 90
73 84
27 41
25 68
84 84
19 50
75 99
34 68
85 98
83 89
87 90
100 100
28 58
2 65
92 96
36 71
98 99
94 97
83 89
75 87
28 53
12 100
56 57
15 27
32 36
60 95
18 59
31 32
66 92
64 72
20 24
29 53
48 48
52 89
28 49
63 75
26 46
54 77
7 98
17 94
21 84
34 79
73 75
23 37
82 86
70 80
81 99
52 88
31 58
43 61
62 96
80 88
92 96
81 85
54 71
64 83
67 73
66 96
66 66
45 47
19 80
63 72
51 67
92 96
71 77
28 79
54 80
58 64
48 91
42 94
39 69
8 26
50 69
3 87
69 70
91 93
58 100
52 98
11 65
29 51
21 60
53 98
59 91
49 75
9 70
52 66
82 86
14 18
62 86
5 57
84 95
55 83
69 84
23 62
52 74
7 65
56 74
88 90
57 63
46 50
27 100
47 80
5 73
65 74
100 100
77 84
45 65
24 88
18 92
26 99
26 45
14 71
68 98
80 92
100 100
75 95
55 57
28 58
62 69
85 92
94 98
34 86
83 88
39 62
44 73
67 81
53 91
51 98
82 97
38 50
65 68
55 69
71 72
21 40
96 99
74 93
46 57
40 76
50 51
23 89
40 60
74 99
45 48
97 100
92 93
16 64
63 79
11 54
1 26
52 70
91 91
61 72
68 77
27 32
23 67
63 80
24 38
37 40
87 95
4 28
56 100
100 100
66 66
16 52
49 85
5 51
35 75
88 100
42 59
16 75
96 97
54 78
2 29
6 37
22 89
33 46
62 76
21 75
14 84
63 84
29 31
50 81
9 59
26 27
30 70
45 92
51 70
53 69
97 99
16 85
99 99
95 100
64 88
28 38
36 58
79 96
51 95
53 91
32 58
36 94
31 52
68 91
51 93
22 35
38 100
8 22
76 90
6 77
32 56
75 98
43 75
61 84
10 34
17 48
12 88
48 84
54 65
13 44
97 97
24 36
16 36
20 75
31 77
34 71
17 26
40 62
87 93
75 82
94 98
18 72
61 74
76 100
57 93
46 94
96 100
99 100
14 42
42 51
7 32
79 91
11 35
86 100
8 9
95 98
68 84
72 87
96 99
7 25
46 98
77 89
80 93
39 96
43 73
53 70
92 94
34 86
62 67
70 77
7 64
100 100
11 63
64 100
68 68
18 49
36 54
37 69
89 93
97 99
84 94
61 82
91 98
74 83
95 98
95 98
86 93
2 25
35 47
73 97
41 70
79 96
91 92
14 79
99 100
4 82
55 79
39 70
79 95
27 98
69 83
28 81
92 93
50 75
72 75
99 100
95 100
4 51
44 51
21 29
95 100
40 82
6 8
78 86
8 70
18 49
64 97
60 91
26 92
87 95
90 93
59 92
91 94
84 88
54 99
69 82
76 81
94 98
48 93
30 50
94 97
18 98
57 92
92 93
22 43
1 13
2 89
80 87
88 97
16 18
33 36
38 55
94 97
4 95
70 90
79 82
21 81
11 78
6 17
30 85
46 81
32 64
79 97
34 86
34 81
54 90
45 91
56 64
62 85
32 45
34 46
2 24
38 68
85 100
13 25
25 35
41 87
65 97
69 91
77 87
90 95
12 77
23 81
43 80
87 92
81 88
27 67
86 97
24 56
60 73
2 53
49 95
12 84
6 13
85 89
61 76
46 52
85 91
78 90
44 81
25 97
32 42
61 96
79 85
32 57
73 95
59 71
66 68
76 80
17 85
26 66
71 97
72 92
26 92
54 90
94 98
16 64
51 67
8 32
1 37
12 22
83 87
70 77
9 78
10 49
46 67
68 93
22 29
31 81
1 27
59 72
10 88
60 96
56 59
49 72
53 59
18 94
34 86
2 82
61 85
49 59
7 76
63 86
58 68
44 51
68 83
22 92
54 75
54 55
23 42
59 96
34 43
37 77
35 95
55 71
94 97
98 99
30 49
87 96
56 75
37 57
2 9
1 47
96 97
21 55
2 46
50 61
36 70
85 93
29 59
49 51
52 57
59 78
66 82
89 100
38 97
24 72
20 58
70 81
87 100
25 80
7 17
22 83
39 45
79 97
60 68
17 100
44 81
30 58
20 52
48 85
58 99
41 74
40 98
37 93
71 75
11 24
41 65
92 99
68 85
54 56
92 96
78 88
17 23
38 46
18 46
1 37
95 97
94 94
84 91
48 72
45 66
13 15
72 72
91 98
10 21
38 91
85 86
84 86
59 81
96 97
22 92
94 95
90 100
69 80
79 84
9 76
91 95
9 38
80 84
63 75
17 96
95 97
16 86
72 79
38 89
18 24
3 20
73 99
14 20
5 68
70 81
35 81
56 93
79 84
98 100
56 95
29 65
13 70
60 80
44 89
63 86
2 67
37 55
45 45
83 95
34 95
31 73
3 56
49 89
53 81
13 28
55 80
79 100
53 89
85 87
34 44
49 96
71 77
37 89
30 65
45 70
40 71
4 66
39 69
39 81
69 77
37 48
63 81
29 91
58 85
100 100
13 42
68 93
70 81
50 79
73 78
56 73
72 99
28 46
41 41
51 52
70 88
95 95
48 51
21 53
45 100
60 71
82 87
12 67
1 12
88 96
72 81
21 34
89 97
12 24
32 69
64 100
84 91
89 93
6 70
19 84
96 96
81 89
40 76
42 86
70 91
55 70
25 100
19 23
47 91
18 55
100 100
62 74
96 97
89 95
18 33
53 59
73 89
7 79
43 59
65 98
44 66
32 52
76 95
42 73
6 52
12 57
18 22
54 61
60 64
46 63
19 36
97 99
47 62
70 77
95 95
49 91
36 40
53 53
43 86
91 97
75 81
37 74
25 62
83 97
30 91
57 80
65 85
54 82
2 2
87 92
16 61
75 75
4 26
4 51
20 56
72 78
49 49
6 33
9 87
25 39
33 79
32 93
28 94
85 96
7 44
1 46
95 98
41 98
42 82
53 68
50 54
3 83
96 98
77 86
26 43
72 93
34 53
61 70
89 89
80 81
41 97
8 11
23 63
17 20
49 64
74 74
57 71
96 97
77 83
4 5
29 73
81 100
36 87
16 85
27 64
65 94
4 59
25 52
20 90
86 87
50 59
93 96
86 96
5 35
42 61
46 51
81 95
66 92
47 82
79 93
58 71
95 96
64 71
43 66
59 81
21 91
15 49
73 95
79 79
60 97
45 90
52 63
66 66
9 13
51 71
8 66
90 97
87 100
70 100
74 86
90 99
24 76
74 83
66 76
86 96
64 64
69 100
84 84
72 93
62 96
76 79
22 95
32 77
27 32
4 88
62 64
87 98
37 94
26 29
81 90
67 82
65 78
59 72
80 100
8 49
27 90
63 72
73 76
87 89
89 94
44 50
11 33
21 22
79 87
39 68
85 94
44 87
27 99
57 62
31 95
84 89
46 97
27 81
29 66
63 96
28 54
2 93
34 82
13 29
71 91
94 96
98 98
67 88
15 28
37 62
82 91
43 99
34 53
52 89
59 61
96 99
60 80
36 97
22 24
82 89
39 84
62 99
56 65
39 98
52 94
18 23
35 50
86 98
7 70
87 90
2 61
47 70
54 100
40 58
19 96
79 86
1 100
39 52
60 79
100 100
46 98
37 44
88 95
98 98
98 99
3 98
62 95
3 34
25 82
53 95
18 73
79 89
80 85
49 90
1 93
15 49
78 78
17 86
63 99
100 100
42 44
88 96
71 79
36 58
13 40
43 68
98 100
79 80
53 86
89 89
39 90
11 91
10 69
81 91
72 86
79 79
55 94
94 96
90 100
30 83
78 98
79 81
39 54
53 91
91 99
54 93
62 77
80 95
92 96
64 72
37 90
44 95
49 98
41 100
54 71
94 94
9 37
96 97
77 78
40 51
49 66
88 94
63 67
26 93
48 78
27 62
84 96
49 74
60 83
58 61
23 82
23 72
57 89
74 95
24 52
12 55
58 67
23 50
20 24
73 99
100 100
40 56
76 82
84 86
41 99
16 31
42 44
29 91
10 53
65 90
69 89
93 96
95 100
100 100
31 33
90 96
30 64
6 75
42 68
12 60
75 88
19 92
65 71
68 90
88 91
34 98
11 11
40 92
98 98
54 97
12 64
32 51
45 74
93 100
100 100
37 79
2 95
96 99
90 96
69 74
36 64
59 97
54 99
80 82
86 96
69 84
17 82
91 97
1 97
61 61
12 50
16 99
43 65
9 47
9 24
19 79
77 85
66 96
55 57
81 86
35 57
97 98
8 81
40 85
6 67
71 71
49 71
60 61
9 60
28 56
60 99
58 66
75 99
3 10
61 69
88 89
41 54
35 47
64 77
18 28
81 85
78 90
16 42
61 61
52 66
21 86
93 97
50 80
22 37
44 55
76 92
95 99
49 62
30 92
45 67
5 95
45 90
78 83
59 93
87 98
40 76
94 97
23 47
40 40
59 59
3 5
60 68
48 100
70 81
22 22
32 52
41 76
98 100
67 67
12 84
55 70
98 100
85 85
62 93
59 68
8 75
63 82
73 97
3 48
48 50
15 64
44 97
6 98
57 58
62 67
22 89
32 88
80 97
73 96
38 91
83 83
44 45
60 78
4 98
22 65
39 62
34 61
45 60
41 73
29 72
26 75
6 72
14 30
68 77
58 72
36 61
73 93
48 88
91 92
52 59
51 57
20 62
86 93
79 83
33 47
49 70
59 61
46 63
65 73
46 60
73 79
3 82
91 91
13 49
7 99
21 25
69 94
22 66
23 23
67 71
2 28
4 43
70 86
88 98
14 93
40 85
4 76
39 98
47 48
68 80
64 81
40 68
4 77
85 87
33 83
52 99
89 93
71 78
5 40
23 58
71 98
60 61
45 94
44 48
20 63
24 73
82 99
27 76
96 97
45 54
57 78
70 89
45 72
40 74
62 79
8 30
83 83
89 100
39 43
23 73
27 33
26 66
98 98
52 93
38 47
67 96
66 67
37 72
42 93
6 99
20 70
33 69
43 48
11 67
59 71
23 79
82 100
92 98
74 80
31 43
69 76
98 100
72 74
57 87
92 96
77 85
84 95
36 37
76 87
23 92
28 98
24 63
39 59
8 14
68 79
58 82
73 97
42 72
79 93
15 23
24 45
10 79
4 41
96 97
63 63
20 46
66 67
47 88
25 64
61 75
92 95
55 62
71 88
