12664 54377650
58 98
17 63
69 92
4 21
45 95
63 70
85 86
34 80
62 100
77 87
91 99
16 94
98 98
36 63
16 80
84 91
68 99
24 71
97 99
41 87
3 17
35 65
59 89
22 29
88 99
38 66
42 100
39 88
39 76
77 98
25 74
69 71
89 97
62 71
59 74
93 97
84 84
93 99
46 77
48 59
8 78
12 42
52 76
39 74
11 61
96 100
56 83
64 74
73 94
74 76
88 100
22 35
3 6
94 96
77 96
60 100
15 47
33 74
99 100
46 65
29 62
34 64
25 88
77 93
14 74
32 35
23 47
38 90
76 86
28 81
9 71
62 65
83 100
49 79
53 100
83 89
1 85
17 74
76 82
96 97
14 15
20 75
48 80
60 97
87 99
97 98
80 99
67 70
82 85
74 77
69 76
34 40
59 67
83 99
34 47
70 90
84 99
83 95
67 75
29 34
77 88
48 50
20 27
78 78
63 91
22 65
96 100
36 63
56 67
88 88
30 53
42 96
24 92
91 97
61 61
23 55
85 88
46 57
84 98
79 98
43 89
52 81
41 49
71 77
3 72
34 77
25 29
41 48
15 34
86 92
60 69
40 88
27 90
21 71
61 84
23 78
85 85
68 78
32 94
81 86
96 97
59 80
41 50
61 67
68 98
40 75
34 47
67 100
31 77
3 54
77 81
92 92
32 44
70 97
33 94
53 68
80 82
18 36
48 71
72 73
19 41
95 96
91 96
8 95
2 52
23 30
83 90
8 55
67 68
19 62
16 69
88 92
74 97
79 99
69 96
45 92
36 87
73 91
53 97
68 74
91 98
90 92
39 78
70 79
67 79
66 79
70 80
81 92
14 79
35 70
60 69
36 84
48 80
1 48
22 78
74 99
10 75
78 81
5 25
59 91
18 36
11 48
58 99
56 76
16 100
68 69
50 50
78 88
49 56
20 50
21 100
2 98
47 53
97 99
18 40
65 83
31 93
67 80
52 75
69 69
24 50
32 36
9 97
70 76
1 75
4 98
75 84
28 81
43 52
54 56
17 53
74 76
10 22
80 82
49 59
100 100
3 79
19 23
23 51
40 86
64 82
27 89
34 34
37 38
73 88
94 100
30 84
81 95
95 95
56 71
51 89
50 70
72 93
15 70
72 93
16 71
68 76
76 77
96 99
72 84
33 78
59 62
9 22
55 91
95 97
30 33
60 78
2 50
11 99
74 80
34 80
66 82
27 37
7 30
76 89
49 68
71 96
59 87
63 71
6 14
81 87
7 29
71 71
68 79
93 98
11 13
59 76
59 69
92 97
29 36
70 76
32 82
92 95
21 97
75 76
84 91
85 88
61 83
1 94
45 73
21 76
94 98
90 99
10 62
43 71
41 47
11 88
82 82
47 64
86 88
69 80
49 85
3 67
18 41
29 29
47 53
66 70
16 46
19 94
99 99
9 70
31 77
42 89
30 56
48 52
100 100
45 71
39 73
72 87
74 82
75 95
48 55
7 55
51 94
19 90
95 95
93 95
83 88
19 28
4 56
99 100
77 91
52 64
16 87
15 96
67 71
71 87
52 63
37 70
45 54
65 70
53 96
75 96
90 90
74 74
16 97
29 60
68 75
41 71
62 84
96 99
23 81
13 17
69 83
78 98
22 41
17 54
85 90
11 20
66 74
32 54
35 78
29 64
2 64
80 100
56 78
60 85
77 79
22 93
89 96
65 74
52 62
11 67
51 82
50 99
65 82
64 96
55 61
75 88
45 68
97 100
75 78
65 85
69 97
37 82
59 66
82 89
5 86
47 90
60 68
2 4
63 80
94 98
99 99
31 32
59 64
93 97
65 89
5 40
23 100
26 100
23 67
10 79
24 93
98 98
54 78
14 36
26 68
38 99
8 60
78 78
51 100
59 66
93 97
51 94
12 15
98 98
29 57
19 65
73 89
91 96
71 90
91 92
36 71
93 96
88 92
7 19
2 16
55 100
67 82
8 71
27 66
31 84
50 95
7 28
77 91
26 38
7 63
50 79
12 22
53 57
37 65
78 97
22 22
57 81
87 100
50 89
56 82
91 97
49 81
38 97
58 81
40 44
76 83
12 15
75 84
13 67
73 89
31 42
33 76
98 99
74 91
43 78
72 96
77 85
2 48
94 100
50 50
84 97
84 93
28 98
59 82
90 98
20 62
63 82
10 13
41 69
83 83
47 85
53 72
90 91
50 86
97 100
21 23
26 26
78 92
90 96
62 82
1 40
12 40
73 79
70 72
86 91
10 25
56 74
49 92
13 34
60 73
98 100
13 46
10 90
34 87
31 43
59 66
43 44
99 100
9 65
87 91
29 78
15 79
52 97
35 75
73 85
40 42
33 77
84 85
4 89
5 31
58 93
98 98
83 83
20 65
75 76
55 91
43 61
43 86
42 89
24 76
61 72
26 55
7 79
37 89
25 26
50 60
27 80
16 77
22 22
64 91
88 89
93 94
43 86
25 68
10 97
78 99
2 88
50 57
58 92
4 59
12 90
1 88
22 55
44 92
34 100
65 77
74 80
6 64
21 71
77 91
12 90
67 95
42 68
33 89
12 29
30 94
6 53
74 76
76 80
58 58
57 99
21 91
56 57
32 41
97 99
59 73
33 55
31 100
28 96
10 11
76 77
81 93
57 72
17 39
4 9
2 61
98 98
7 94
83 90
1 25
100 100
60 99
48 93
100 100
64 72
25 77
75 83
95 98
95 96
87 91
42 52
33 42
81 83
44 95
17 67
48 50
93 99
99 100
57 78
92 95
74 84
51 74
64 85
60 70
79 90
79 92
94 99
45 54
87 89
58 72
76 98
14 65
16 59
40 85
52 94
74 74
11 84
22 76
15 69
74 86
69 97
18 67
60 61
4 4
43 50
31 70
75 77
13 42
98 98
64 69
46 79
22 29
78 86
76 95
44 95
99 99
98 99
50 89
57 85
30 48
45 60
82 85
11 49
79 98
13 57
25 87
62 76
56 91
63 68
80 98
51 66
70 98
20 40
25 54
40 87
37 55
77 82
91 92
78 86
87 89
67 70
61 71
4 88
5 49
11 35
27 80
37 56
7 61
69 76
66 67
78 98
3 24
96 100
95 100
6 86
74 82
75 91
27 86
33 54
28 97
52 100
44 51
29 49
35 99
9 77
9 96
81 93
39 48
53 68
93 94
73 74
26 96
26 36
16 52
55 97
5 76
76 90
87 88
11 99
88 100
22 44
27 83
75 88
10 53
88 97
81 98
51 55
81 86
6 74
78 82
68 94
29 55
3 100
36 87
4 16
85 96
10 64
95 97
71 90
82 91
97 100
7 35
46 60
62 92
89 93
7 83
75 84
6 33
71 82
63 72
23 62
23 31
8 65
69 98
65 68
45 55
33 75
48 53
88 97
10 46
30 38
38 74
85 100
58 74
14 69
1 73
52 88
67 90
96 96
49 83
46 91
66 77
59 63
39 53
48 82
15 41
26 33
36 87
20 43
48 81
55 71
17 64
51 64
66 83
31 56
23 85
25 72
21 71
83 92
72 87
23 93
55 84
95 99
67 84
22 93
85 96
26 51
79 90
32 72
87 93
47 81
40 45
30 43
83 86
77 99
95 96
75 78
85 92
63 84
69 79
99 99
83 97
63 70
28 81
60 62
14 58
39 49
11 83
21 65
75 87
25 34
61 94
26 46
38 83
57 79
34 89
29 86
56 59
59 67
30 68
50 53
80 99
92 99
92 100
94 99
41 84
56 65
37 64
11 90
64 88
14 95
88 92
26 80
32 58
65 95
7 90
50 75
60 100
15 84
52 58
46 72
57 79
89 94
55 75
7 59
65 79
76 95
37 64
77 80
29 85
5 79
95 97
69 89
34 43
65 90
18 85
100 100
4 70
17 74
75 85
56 56
92 100
21 63
24 31
14 21
5 14
24 86
72 84
89 96
30 60
69 94
66 71
5 39
68 68
30 64
38 57
16 28
46 68
32 62
61 76
53 60
63 98
8 90
36 95
84 88
52 52
7 77
48 100
51 79
71 85
26 76
3 80
82 98
5 40
34 89
4 64
3 4
83 91
31 36
94 97
70 100
37 37
52 95
45 75
16 18
61 83
28 29
46 90
71 91
79 97
17 85
98 99
35 62
45 77
45 65
90 96
45 49
84 94
91 96
59 84
19 68
88 90
77 92
51 83
73 83
83 97
91 96
2 16
37 95
34 44
68 92
28 58
31 60
25 92
32 47
96 97
84 92
74 96
19 88
91 93
18 32
70 83
99 99
16 38
17 22
21 87
70 72
93 93
59 63
1 46
15 99
4 35
8 41
2 26
96 97
16 63
93 93
18 46
26 64
16 31
76 81
70 97
26 95
84 86
77 80
7 7
16 99
77 95
46 54
81 84
31 59
89 99
59 83
5 60
79 83
23 35
9 9
50 85
80 82
77 86
34 37
11 27
20 58
37 95
2 96
57 85
100 100
39 66
18 77
98 99
17 65
48 74
40 52
15 46
60 87
37 81
28 75
33 58
22 83
39 41
100 100
20 70
36 64
91 99
4 33
50 54
19 35
79 93
94 100
83 92
11 96
43 52
53 73
21 21
2 96
63 65
13 46
61 97
66 66
94 97
80 91
27 37
58 88
28 66
81 96
13 42
64 89
7 55
41 95
8 19
81 82
22 69
79 100
92 94
10 91
35 44
39 71
55 56
100 100
56 56
63 93
74 92
47 71
73 99
14 43
89 96
78 100
19 90
100 100
82 85
68 72
35 53
15 51
33 50
15 78
94 100
43 85
96 97
89 96
1 67
10 12
64 82
57 85
26 82
88 96
22 85
41 49
56 71
26 85
66 87
70 70
78 100
94 95
25 72
100 100
64 79
44 70
62 64
70 79
99 100
81 85
100 100
100 100
4 11
11 43
4 84
78 92
92 98
42 61
53 54
98 98
33 95
48 50
2 6
10 31
23 47
21 66
4 73
57 85
94 97
2 34
89 92
93 95
5 26
69 89
54 89
47 88
32 55
7 10
16 35
7 86
56 70
87 90
15 48
48 84
47 93
72 84
88 93
66 92
68 69
94 99
14 40
21 64
22 94
87 98
24 42
23 74
64 90
71 75
63 91
58 89
13 50
8 100
94 97
89 95
29 46
34 78
44 62
54 57
13 50
66 83
22 45
42 57
59 65
6 81
31 78
29 69
74 96
18 43
69 93
46 89
73 78
100 100
72 78
77 89
63 93
15 28
95 95
74 84
35 83
15 52
64 71
71 86
77 92
2 79
51 91
70 100
42 73
39 89
62 77
50 61
80 89
35 75
78 99
97 98
42 78
38 91
91 93
48 62
78 80
13 47
67 87
8 62
78 94
50 74
79 85
61 91
74 78
97 99
87 96
42 100
31 55
79 81
1 26
10 57
50 55
62 93
70 87
28 82
96 97
2 55
26 29
83 92
11 14
25 60
67 94
41 45
26 67
35 48
17 67
27 60
56 85
13 41
82 94
50 98
17 70
97 98
11 89
43 68
46 48
43 93
33 44
7 91
48 94
24 81
28 52
10 11
16 30
90 90
29 53
11 95
31 54
18 29
47 85
21 40
99 99
55 77
85 87
6 71
32 71
56 87
72 95
56 100
34 91
90 95
90 90
18 55
40 44
69 89
12 81
70 80
38 68
58 61
39 100
68 99
86 94
15 99
91 100
87 100
35 64
92 98
90 100
59 63
35 75
54 72
100 100
60 97
36 38
91 97
7 79
49 77
54 75
91 99
92 100
65 87
70 93
36 44
51 60
66 78
77 98
82 90
34 46
45 71
44 57
66 80
70 96
83 86
72 90
70 81
83 84
61 90
75 79
90 96
39 68
84 99
69 96
64 97
27 47
88 95
46 71
64 90
43 70
80 93
41 72
47 85
21 79
19 37
34 34
43 89
29 79
56 93
54 83
4 57
6 60
54 84
87 92
88 89
98 99
19 20
92 99
82 92
25 38
16 54
100 100
90 97
46 81
38 45
43 52
46 51
94 95
50 91
29 34
18 55
36 99
36 79
34 52
52 80
11 45
31 86
92 95
11 92
36 74
78 90
69 69
83 98
50 56
28 34
90 95
50 69
20 48
28 34
57 59
12 15
59 83
56 70
46 63
18 66
97 98
41 51
58 85
78 90
75 78
64 82
14 95
32 50
82 97
2 81
35 53
46 51
98 98
47 89
58 77
36 63
84 85
14 37
17 60
23 47
51 56
74 81
35 82
89 91
26 38
50 56
55 89
86 91
14 77
49 64
53 59
12 45
66 92
85 95
10 46
91 95
69 90
67 91
87 91
44 60
96 99
96 96
17 93
69 82
98 98
37 80
26 51
14 17
33 83
74 82
57 77
80 83
1 84
42 59
17 82
29 87
25 28
88 95
78 92
54 83
91 99
51 61
41 89
78 95
47 82
2 31
15 71
88 99
23 100
19 91
81 88
5 92
20 28
55 88
4 70
97 99
54 68
3 56
14 34
25 26
43 70
56 100
19 70
78 95
28 76
35 48
44 47
86 90
13 76
44 82
93 93
90 100
36 64
90 99
94 97
34 85
94 97
84 85
89 99
95 99
51 62
52 97
72 95
46 75
65 74
51 73
13 52
65 84
44 44
82 89
35 67
73 96
94 97
58 85
29 56
6 32
76 76
32 80
27 56
81 99
39 66
89 93
54 88
43 58
63 93
66 69
92 98
62 94
69 79
87 87
96 98
30 35
8 34
18 92
76 87
13 48
15 61
77 87
70 78
55 97
71 77
31 73
18 39
10 37
78 93
2 26
49 71
62 89
13 59
11 83
20 99
100 100
89 98
55 79
88 91
90 90
22 23
54 67
74 100
72 99
6 47
79 89
64 83
43 69
61 99
50 59
26 86
17 24
13 53
39 63
4 61
26 82
67 81
12 57
41 52
4 38
15 62
54 78
21 40
35 61
3 39
43 80
38 40
28 81
84 89
62 93
15 49
61 67
62 93
16 56
54 97
26 65
47 51
88 88
57 74
13 77
68 99
98 99
88 89
42 59
1 100
74 80
32 83
22 58
92 94
19 56
46 93
79 96
85 85
20 55
67 85
33 78
59 95
99 100
56 96
17 35
8 35
73 76
7 63
33 77
20 99
43 55
23 94
74 99
74 94
82 98
55 82
87 93
63 86
59 72
3 95
83 86
54 88
19 40
84 99
87 100
38 81
58 60
95 96
51 94
20 51
55 63
34 49
12 95
59 97
29 57
12 24
36 65
82 93
18 41
32 92
39 77
14 57
11 32
17 94
46 97
89 100
77 87
74 74
35 66
52 92
53 65
79 96
74 95
40 79
32 67
97 97
69 96
1 89
51 52
2 49
12 64
16 32
42 69
53 94
72 74
16 19
76 96
69 95
71 77
64 77
16 89
1 15
5 98
13 49
60 93
56 75
39 65
26 91
97 99
82 88
67 79
70 76
76 79
76 89
62 76
50 96
62 76
60 89
83 92
5 37
88 95
21 99
30 47
9 57
3 74
78 94
33 35
26 55
43 57
58 66
19 43
27 28
99 99
12 39
36 69
82 92
50 73
88 97
38 64
27 74
18 82
51 85
37 50
60 90
80 94
67 85
30 42
86 90
93 98
83 90
19 45
61 66
26 45
98 98
29 46
67 90
56 75
55 84
59 94
29 92
44 44
17 49
40 58
95 99
66 77
92 94
33 52
87 89
41 74
45 98
77 94
54 74
36 94
81 89
4 93
92 96
30 57
46 67
40 40
39 79
70 100
43 78
72 87
47 72
62 65
67 96
17 48
2 42
7 7
38 97
42 47
81 94
26 95
89 89
46 48
1 56
87 99
69 80
62 68
54 92
5 78
3 19
58 98
5 57
51 70
96 99
75 94
73 90
40 53
14 66
27 98
21 62
75 85
9 87
10 75
62 90
38 51
21 79
50 74
90 96
10 16
41 82
94 94
6 37
68 79
77 86
38 38
31 93
49 59
87 91
64 82
5 89
82 87
62 92
51 84
58 99
19 89
24 69
84 88
90 97
3 74
87 93
75 75
15 16
61 77
31 95
29 37
90 96
64 95
41 46
59 62
83 93
15 42
6 98
39 43
84 88
40 90
79 95
38 94
58 60
96 100
81 84
68 89
33 94
44 89
2 84
86 92
11 67
100 100
34 98
69 78
89 94
67 86
81 84
39 44
15 59
69 99
10 64
57 62
59 68
46 68
73 93
6 65
41 59
8 46
43 59
42 54
96 100
60 90
94 94
51 65
90 92
20 64
85 93
44 69
95 95
15 98
27 47
37 86
66 78
46 62
80 98
92 93
84 94
60 68
33 52
9 20
20 28
53 98
59 68
58 99
33 38
85 85
19 57
42 99
88 88
67 91
58 83
77 93
80 90
38 52
53 89
37 83
60 79
32 73
30 83
33 45
53 62
34 94
77 99
50 77
25 37
53 70
35 59
36 83
41 99
66 84
45 61
48 73
78 98
34 54
16 47
51 71
32 38
62 77
45 70
31 76
100 100
10 32
6 19
13 72
81 81
93 94
2 63
97 98
86 96
94 94
48 64
72 77
80 86
91 100
40 71
99 100
2 57
17 51
59 79
80 91
75 79
34 61
66 73
44 80
56 72
12 36
26 68
30 92
16 33
35 70
85 88
29 32
57 82
15 48
70 92
58 59
19 29
64 80
44 72
65 94
5 35
81 87
35 100
19 91
73 82
13 71
40 99
2 85
83 96
11 32
48 87
26 68
53 72
42 89
96 100
48 92
88 93
96 100
65 86
54 88
76 86
62 69
29 67
84 88
99 99
16 19
68 72
100 100
74 80
81 82
43 46
50 67
89 95
21 41
15 53
83 90
42 90
24 86
93 99
49 70
54 55
53 99
50 68
76 95
5 34
39 71
55 76
46 54
1 69
20 64
82 92
7 49
30 42
41 71
14 15
32 55
26 29
99 99
98 99
51 63
14 64
79 79
30 89
76 94
59 87
41 72
47 82
73 88
89 94
8 60
99 100
42 67
97 98
40 73
61 62
32 76
74 89
37 91
31 87
73 91
63 100
33 90
95 95
57 80
53 100
81 87
29 61
13 54
2 51
10 77
42 58
3 88
71 92
81 97
15 30
11 33
77 85
99 99
21 67
87 94
48 56
53 73
34 77
23 58
78 86
52 77
21 86
93 94
91 96
60 82
17 29
84 86
57 76
52 92
53 83
100 100
25 100
39 88
100 100
31 32
59 87
7 35
26 73
72 93
9 29
29 38
37 56
60 87
68 70
78 80
56 68
14 99
24 47
67 100
25 72
78 83
27 43
85 88
94 98
62 92
82 98
96 99
59 96
69 91
9 11
47 95
65 84
75 87
62 98
25 41
21 42
2 89
57 88
17 51
48 98
30 56
25 86
26 62
15 29
69 74
92 96
62 75
88 89
67 81
46 54
62 78
90 92
21 22
98 98
7 73
92 94
25 28
25 47
73 95
26 90
63 87
34 38
39 58
81 82
80 86
88 89
65 80
6 98
70 93
40 84
99 100
79 82
81 97
93 96
79 87
3 72
87 88
58 60
75 93
73 100
8 55
16 63
78 82
80 97
86 95
69 95
82 84
47 71
52 88
38 95
36 89
14 53
18 70
64 89
32 54
18 69
34 77
79 92
73 80
17 47
15 50
96 98
27 32
10 53
90 97
10 12
70 84
36 99
6 13
72 74
8 88
90 91
22 41
48 68
59 100
51 100
43 67
30 39
46 85
51 81
29 30
64 76
99 100
23 50
97 99
50 92
95 96
1 57
9 57
91 94
82 96
36 64
41 47
45 52
47 81
19 25
11 52
80 85
74 97
41 92
39 98
47 95
99 99
33 48
42 80
32 84
49 82
71 73
57 76
15 61
35 60
80 96
83 84
50 84
59 81
10 22
98 99
46 50
22 98
24 36
85 94
3 33
37 83
93 96
48 73
59 77
85 85
12 43
81 97
99 99
38 68
36 36
12 16
47 57
71 97
1 73
26 96
69 76
95 98
12 94
57 93
34 77
49 75
62 83
61 88
6 53
68 72
13 13
32 70
15 39
78 82
80 84
82 100
13 81
72 92
30 57
96 96
70 83
39 46
59 81
28 100
51 84
76 86
64 77
70 97
25 95
32 97
22 64
56 60
88 93
51 90
30 78
37 88
65 100
56 64
25 76
57 67
23 69
6 50
5 30
34 67
1 6
80 97
38 100
64 93
12 82
33 82
40 73
9 77
94 98
91 98
58 87
36 99
16 87
91 94
96 97
61 70
3 66
10 45
80 99
58 74
63 76
72 80
1 95
27 43
62 75
4 71
50 63
45 70
32 55
65 72
62 73
26 89
79 80
62 98
52 84
94 94
12 78
14 56
8 65
55 83
51 83
63 83
67 78
69 82
90 95
46 83
34 39
57 74
90 93
16 44
26 61
41 50
7 45
86 88
97 97
73 83
91 98
9 84
87 93
91 97
75 78
42 97
64 70
63 75
79 99
37 71
35 62
66 80
13 82
89 96
60 68
94 98
29 38
97 99
44 53
67 97
18 25
63 85
41 70
43 71
38 78
56 67
54 72
70 73
9 61
25 100
62 91
9 13
22 70
39 83
25 42
2 11
3 66
71 88
92 93
81 98
56 96
37 70
8 44
83 91
11 52
28 30
10 43
98 100
84 93
27 80
27 28
18 61
58 88
41 80
61 95
65 82
80 87
13 49
91 98
3 34
27 85
5 99
48 58
73 83
33 97
50 78
40 41
53 99
51 70
69 84
44 52
43 55
38 62
31 97
97 98
65 84
94 98
40 51
28 34
35 81
72 74
15 60
43 67
94 94
23 96
19 46
97 100
20 75
14 34
71 71
29 83
29 61
11 13
14 44
79 89
27 31
94 96
26 61
36 67
90 93
1 100
96 100
85 89
91 93
32 74
13 94
67 78
64 89
50 91
2 53
48 49
69 79
1 10
23 89
83 95
15 74
29 87
7 11
67 81
72 91
77 99
73 91
80 86
21 42
47 87
56 77
75 76
85 91
75 95
23 40
97 98
15 83
99 99
88 91
23 94
68 90
40 83
16 83
99 99
88 95
50 94
76 98
32 100
56 68
63 99
17 85
33 50
53 73
40 91
80 90
2 55
74 89
89 94
61 77
4 12
73 79
100 100
59 83
24 29
93 93
38 44
57 79
27 99
82 98
15 99
97 97
2 83
10 17
33 52
9 86
51 99
96 97
52 94
76 96
54 98
52 57
94 96
71 84
27 79
45 80
24 30
17 30
45 74
100 100
83 89
38 71
84 91
86 96
67 77
75 96
10 35
61 95
41 49
64 94
94 97
94 100
92 100
68 96
94 97
40 50
63 69
66 92
28 76
46 54
95 99
28 37
72 75
93 93
14 57
43 50
79 90
73 95
85 94
8 39
54 61
83 86
93 100
92 94
46 97
41 96
42 82
96 96
49 92
7 20
90 96
52 92
90 100
26 97
77 94
43 75
48 88
64 91
45 99
84 94
98 98
57 73
79 83
89 97
35 71
11 81
83 98
100 100
71 84
62 93
19 62
32 74
96 99
55 100
40 82
51 64
25 28
40 67
30 73
97 100
80 96
29 71
35 46
61 64
67 73
52 95
4 57
39 65
82 87
81 98
89 90
91 97
70 82
77 77
12 46
20 27
16 37
10 46
45 68
73 91
49 58
84 86
47 89
32 63
38 52
8 81
36 97
42 66
17 45
64 89
12 92
8 68
69 94
77 84
42 91
83 99
93 93
30 83
100 100
16 84
89 94
58 64
26 54
4 77
18 36
34 47
46 98
95 96
49 96
66 69
52 52
8 61
96 100
55 62
99 99
98 99
62 85
47 65
18 35
27 57
70 81
86 91
94 96
36 85
75 99
13 19
1 30
22 42
84 89
38 43
36 98
46 79
73 75
57 86
8 99
77 79
35 92
48 48
17 55
8 58
64 92
51 72
60 87
35 82
91 99
31 53
16 61
33 61
43 73
22 99
48 73
57 87
31 56
64 64
46 83
29 90
86 94
59 96
54 86
22 96
72 76
98 98
30 62
41 77
66 92
77 82
86 94
55 100
78 97
11 76
21 87
61 87
75 80
93 98
21 95
56 65
12 37
92 99
18 43
80 98
28 63
66 100
27 32
12 30
98 99
43 86
46 64
99 100
82 92
5 67
23 35
91 98
29 72
68 74
4 36
65 71
9 23
34 57
22 68
2 63
13 39
18 31
13 77
39 91
92 95
96 100
67 68
45 85
41 61
54 97
65 70
25 56
15 75
83 90
99 100
40 48
18 71
40 52
55 79
6 40
59 81
12 96
78 88
13 75
39 56
23 87
12 84
71 90
76 91
63 67
91 94
51 78
85 89
31 98
15 99
55 66
77 87
24 89
50 53
68 90
76 92
65 80
65 77
51 77
31 68
34 68
5 74
20 25
23 28
73 100
10 78
74 98
9 11
5 70
77 95
32 90
18 18
66 90
29 52
73 81
36 86
2 7
45 53
68 92
23 42
89 91
10 51
15 35
87 94
29 72
66 93
43 100
63 64
97 99
58 94
85 87
23 93
61 73
55 56
2 52
65 76
7 9
37 92
51 76
40 78
70 78
26 54
100 100
63 98
35 89
38 90
68 95
77 78
38 72
51 93
6 11
21 64
100 100
14 79
93 100
31 50
75 100
51 92
88 95
76 99
39 61
48 96
73 89
5 29
33 41
30 99
57 92
88 92
3 21
33 92
45 91
8 53
73 90
79 85
81 96
40 50
96 96
61 93
20 54
87 91
2 39
83 92
98 100
72 93
56 87
27 87
83 88
27 93
26 60
73 97
57 91
66 75
13 52
48 53
46 83
96 96
6 26
74 93
25 50
51 78
59 90
63 66
88 88
29 95
80 92
66 68
51 85
82 87
95 99
81 91
33 90
75 85
92 95
76 84
74 91
13 35
1 45
37 85
62 81
1 93
81 83
100 100
84 85
72 78
32 49
28 58
87 94
60 91
76 97
8 10
49 93
80 92
72 100
81 92
80 85
43 80
73 74
57 72
31 74
53 81
27 65
41 98
19 54
39 92
55 74
58 100
43 55
82 83
50 66
56 58
83 93
91 99
6 28
60 75
43 64
88 89
60 72
77 83
70 84
56 75
80 89
2 80
31 31
30 33
75 96
81 100
8 24
34 88
42 74
62 79
15 96
97 97
99 99
55 88
95 100
68 79
91 100
80 96
13 34
40 98
77 96
76 80
88 93
67 95
80 98
85 85
4 60
24 95
17 21
23 36
82 99
2 22
24 37
89 94
86 97
1 60
70 76
49 81
26 40
10 66
41 58
59 64
8 19
94 94
1 52
45 82
75 94
46 71
35 36
24 84
49 91
72 91
5 93
36 79
95 98
63 66
59 61
27 28
37 65
34 73
83 86
90 95
2 91
13 16
45 73
45 97
78 95
25 58
30 47
18 75
13 93
11 22
64 78
38 57
34 40
92 96
43 99
49 52
96 97
85 94
77 94
89 100
9 10
48 88
22 37
22 92
2 54
77 100
31 96
58 59
20 43
76 100
6 65
54 93
16 29
32 55
7 87
27 100
79 88
81 100
52 60
81 81
45 56
9 36
29 30
53 73
85 94
51 61
47 64
78 88
66 67
14 59
28 98
11 29
22 59
73 76
68 72
69 86
70 97
27 49
24 33
66 86
24 28
32 53
54 79
95 99
2 23
81 98
38 52
13 59
84 99
67 76
90 92
76 95
54 75
96 98
6 13
82 90
69 90
7 32
12 33
23 57
17 71
19 29
63 82
41 51
73 87
27 68
27 43
97 98
44 91
14 46
86 94
19 76
4 83
88 96
75 77
13 23
46 81
27 39
87 90
52 76
11 57
2 3
65 70
16 73
64 93
88 93
13 38
43 49
98 98
100 100
41 52
10 86
37 40
37 52
48 100
73 97
36 88
19 59
23 56
82 83
30 43
63 80
21 76
45 63
38 52
74 89
41 80
17 68
7 42
21 64
20 41
4 16
95 100
38 44
18 96
38 64
23 60
4 73
56 62
62 84
56 100
54 62
44 91
10 96
51 57
64 94
22 50
70 70
28 62
43 61
19 90
12 87
90 90
28 37
41 54
24 25
36 47
77 80
69 98
25 31
36 81
37 60
58 77
94 94
76 76
55 74
43 89
36 84
95 96
10 54
9 82
37 38
15 60
61 76
91 96
82 100
17 95
8 46
25 85
64 73
33 55
60 61
41 79
99 99
42 95
39 62
90 94
56 57
72 86
52 60
5 6
54 69
91 95
18 81
33 89
68 81
13 51
28 43
74 82
44 98
52 89
29 51
58 62
26 47
35 52
9 51
72 99
72 89
24 45
33 67
20 48
50 59
4 51
75 100
20 78
55 61
92 96
10 30
44 74
37 74
12 94
5 56
58 70
48 50
71 94
39 40
98 100
27 98
60 84
67 86
53 61
56 58
66 80
49 89
97 97
67 72
56 99
54 83
30 85
98 98
96 96
68 93
5 30
58 66
43 83
34 68
40 99
36 88
58 66
39 85
95 98
71 76
94 97
66 99
16 38
7 90
87 92
26 56
31 94
79 85
72 90
83 86
77 90
53 95
5 52
30 38
48 51
70 93
74 75
16 59
8 83
62 78
89 91
15 66
87 91
3 11
87 96
90 99
1 9
73 92
45 73
96 100
31 78
14 98
24 65
53 99
79 79
71 88
1 29
46 60
9 85
73 86
25 54
100 100
75 90
12 62
52 84
40 98
56 97
97 98
9 98
20 94
4 64
27 88
63 63
31 90
74 88
29 44
29 44
88 98
31 48
36 43
78 100
34 51
76 97
55 83
96 96
100 100
71 74
40 85
76 89
91 99
52 64
63 87
71 98
46 89
85 96
67 67
81 91
35 41
58 62
78 83
5 66
8 89
32 35
8 94
22 77
52 99
13 70
39 44
27 51
22 92
89 100
56 76
47 70
74 100
66 81
28 40
68 84
81 99
24 32
43 62
7 80
96 96
44 49
50 78
53 91
45 80
68 69
55 75
59 67
95 96
12 22
91 99
90 91
17 17
18 43
23 38
75 81
46 66
34 39
63 85
58 69
77 77
49 84
5 84
74 79
2 55
25 88
78 94
62 84
19 90
30 92
50 67
80 96
39 63
22 87
46 83
29 98
24 61
5 97
81 91
34 79
60 97
88 97
90 90
48 59
39 57
9 42
87 88
32 57
66 76
88 93
4 56
50 80
26 32
2 18
39 64
13 87
80 92
93 94
5 93
64 95
65 82
45 63
42 96
46 60
95 99
100 100
64 95
6 40
13 60
98 99
91 98
50 80
78 96
36 93
61 87
51 74
34 91
88 91
39 43
38 66
70 74
2 25
50 83
56 59
79 92
52 61
98 98
65 83
14 42
10 90
9 78
12 38
89 97
81 82
79 93
88 91
87 99
3 8
26 44
20 92
23 66
56 65
43 57
31 45
77 84
34 91
50 73
91 96
86 90
93 96
29 55
45 72
19 84
46 54
92 95
66 72
37 50
11 45
14 58
59 87
98 99
8 77
18 69
24 61
25 38
34 60
93 97
88 92
57 75
27 49
1 77
43 94
70 82
100 100
27 100
89 96
81 86
24 53
19 98
40 60
55 80
46 94
95 100
81 86
69 69
39 41
96 100
5 79
45 91
99 100
31 74
49 53
58 76
27 55
92 92
26 59
83 83
29 43
84 87
41 47
48 52
9 84
13 17
70 82
22 45
44 80
16 37
4 14
66 73
72 95
26 64
22 62
49 92
9 46
63 93
6 10
56 75
13 73
1 3
18 61
25 45
48 69
36 89
21 92
80 94
79 87
95 100
65 96
37 41
48 57
52 72
14 23
35 75
31 92
15 85
23 88
78 95
25 79
15 78
36 73
4 9
8 97
5 28
9 38
16 82
85 88
72 90
65 100
21 38
91 99
11 86
71 86
54 97
85 94
43 76
89 92
90 95
72 81
91 91
48 53
49 69
40 77
13 80
9 26
4 56
86 93
49 59
37 68
72 72
68 97
10 19
1 22
43 74
66 94
86 93
97 98
32 73
49 84
45 72
8 61
74 98
67 91
37 74
65 70
49 88
28 47
11 64
66 95
85 90
14 52
92 98
13 93
10 32
93 96
8 80
77 91
38 73
42 86
72 75
96 98
59 91
95 96
14 52
15 22
83 91
48 74
87 90
58 91
25 47
7 99
88 88
60 65
20 63
52 55
17 53
96 98
76 91
4 79
84 95
1 75
82 82
57 83
58 89
70 85
27 84
27 63
95 98
29 97
28 38
59 88
12 57
39 99
19 54
23 82
24 54
25 38
3 15
64 93
74 97
72 99
63 83
97 98
24 37
49 57
23 76
89 97
90 93
85 87
80 84
21 49
78 86
44 85
67 71
85 97
13 82
21 26
10 19
26 85
15 16
67 68
88 97
66 85
2 32
92 92
48 50
57 94
38 88
57 85
69 75
68 83
29 41
91 100
50 82
25 45
96 99
83 84
63 95
44 74
40 58
66 73
9 46
83 85
85 86
65 77
18 31
14 57
37 84
44 90
65 96
94 94
44 87
86 95
93 96
61 96
40 58
26 63
77 84
87 99
34 74
2 39
52 57
98 100
86 93
63 72
90 92
18 24
94 96
62 84
32 51
16 52
2 95
72 83
84 87
62 82
45 50
38 98
93 100
48 84
30 34
21 91
18 32
67 76
42 99
53 90
50 73
25 64
23 91
61 88
28 75
82 90
10 78
84 88
48 70
76 82
51 61
92 97
47 60
27 53
28 87
47 83
55 74
1 60
10 44
56 68
31 61
45 84
90 98
32 51
50 55
59 95
72 73
82 93
91 93
25 71
77 97
6 37
57 74
14 21
35 68
89 90
48 54
23 95
3 14
3 66
33 63
88 89
2 65
90 96
89 90
46 95
28 28
100 100
74 83
50 96
91 95
60 77
51 53
50 71
71 85
40 90
11 13
91 95
43 87
57 76
98 98
80 82
9 31
92 97
53 70
25 47
29 73
29 54
89 93
24 66
70 80
99 99
11 100
76 92
77 78
13 46
13 85
93 97
45 55
42 75
34 35
73 97
77 91
13 56
37 52
32 52
42 81
16 93
66 94
44 91
91 92
48 52
37 87
41 93
2 43
82 97
34 74
32 82
23 58
71 94
11 44
2 99
45 62
44 60
66 66
41 51
62 86
25 70
17 69
2 61
54 69
53 77
99 99
61 80
99 99
63 88
47 84
67 98
62 81
46 100
89 91
78 80
92 97
1 61
6 84
78 98
73 79
70 94
19 64
76 89
26 56
26 65
70 81
42 94
21 47
82 84
90 91
48 50
43 94
3 70
38 55
40 78
33 56
13 59
33 78
53 93
91 98
43 60
26 37
31 61
91 91
84 94
29 78
13 22
42 100
62 82
8 87
60 89
92 95
51 82
58 75
49 64
82 84
66 94
25 74
82 88
71 94
73 81
63 90
23 93
94 96
57 82
4 63
82 86
81 85
30 47
9 25
27 45
60 70
59 87
83 83
48 66
81 84
80 91
71 84
25 96
81 100
17 42
94 95
59 76
40 62
60 75
38 76
87 98
52 59
70 96
30 62
43 44
53 83
21 60
49 64
56 71
9 18
96 97
67 92
26 62
89 100
88 97
93 94
34 46
14 43
16 27
100 100
10 95
76 94
72 72
93 95
38 87
53 97
16 58
22 44
87 87
33 66
11 45
46 99
87 99
2 28
88 88
32 35
6 96
69 71
69 69
96 97
41 95
90 91
24 92
47 60
62 62
51 54
52 61
66 81
62 81
40 74
7 69
34 94
84 92
36 40
73 77
21 33
15 21
50 88
73 99
18 58
32 55
39 92
39 79
20 35
75 99
89 93
83 100
63 93
89 92
5 11
91 94
48 63
64 79
83 91
81 84
16 98
8 68
93 93
100 100
80 80
38 97
12 46
94 95
82 84
76 85
69 92
80 85
41 64
74 82
48 79
43 73
80 82
30 54
6 96
79 87
83 95
36 71
21 80
31 82
47 64
10 34
2 97
66 86
21 28
39 85
90 97
91 100
98 100
87 89
5 23
93 94
3 17
64 84
89 98
10 54
22 80
57 84
94 98
59 96
71 75
86 99
71 91
41 84
90 94
93 98
46 95
77 92
14 18
10 15
51 97
56 97
87 89
79 94
57 79
30 35
95 95
100 100
57 87
62 67
53 63
10 54
98 98
19 26
64 89
35 46
75 91
83 84
79 82
47 69
9 97
64 65
29 38
19 45
55 90
29 64
90 91
33 69
59 73
56 92
71 89
46 92
81 90
5 48
81 96
17 31
100 100
23 90
58 83
49 91
46 88
34 75
89 91
11 13
39 65
34 59
9 14
7 82
89 97
90 96
22 22
98 99
77 89
5 43
12 29
29 29
4 37
9 77
79 93
74 76
78 78
47 51
17 49
30 85
76 87
12 30
68 79
49 55
72 72
97 97
18 54
4 11
63 80
7 29
54 100
76 79
26 32
6 63
31 93
71 82
81 96
73 80
5 73
34 76
54 72
63 97
25 75
52 97
74 75
39 69
28 50
12 98
45 95
76 86
59 86
95 97
12 37
72 77
4 5
57 100
90 94
36 67
3 19
11 67
42 86
85 86
24 25
19 69
98 100
80 96
34 38
41 44
6 79
69 91
85 95
10 29
52 69
79 91
62 92
100 100
13 38
81 82
63 83
56 87
5 37
38 85
67 73
97 99
46 98
53 82
81 97
66 100
80 81
20 98
64 75
56 71
49 60
68 76
11 66
42 73
18 95
2 54
70 96
52 78
32 91
35 38
86 90
8 87
63 91
59 87
89 92
89 95
49 67
65 98
78 78
96 96
2 64
28 83
8 34
8 79
28 75
39 59
91 98
33 54
64 83
41 64
35 69
41 43
62 93
12 67
63 96
19 81
8 67
77 99
88 92
71 89
42 63
5 11
85 95
59 92
43 49
65 68
88 99
35 73
14 56
37 83
99 100
97 99
8 52
12 79
93 93
33 71
75 100
49 76
45 69
60 75
28 81
19 25
99 100
84 95
95 95
77 79
40 41
21 38
59 78
13 60
86 99
92 97
22 91
72 98
76 97
15 57
100 100
99 100
89 98
30 44
60 80
79 97
16 66
23 64
63 70
57 78
76 80
94 94
3 50
69 94
73 90
56 92
85 97
30 82
96 98
31 48
54 95
95 100
35 38
75 77
50 67
78 80
41 74
2 99
71 88
72 90
84 93
80 85
21 94
46 96
30 71
10 99
95 100
97 100
67 76
94 98
27 33
66 91
24 87
12 42
1 44
10 27
2 26
86 87
84 100
93 99
22 44
36 86
77 89
58 92
66 84
27 94
23 58
32 56
97 99
25 48
77 83
94 96
90 91
54 58
20 62
11 75
89 95
95 100
35 90
13 28
22 61
30 53
40 44
45 69
73 98
43 43
23 30
56 92
80 85
12 65
99 99
6 71
17 68
61 70
18 19
46 65
50 89
47 55
76 97
72 81
46 94
84 84
23 75
60 97
72 77
77 93
100 100
48 53
48 54
61 72
60 61
69 97
91 91
95 95
43 62
60 80
82 94
36 38
94 99
6 50
35 39
43 88
52 66
60 65
53 54
100 100
23 49
7 41
27 70
13 74
95 99
20 34
36 62
21 80
11 20
63 88
71 74
4 48
93 95
55 95
40 97
16 56
70 98
31 76
41 57
53 78
38 44
45 88
29 84
65 79
42 71
38 56
10 56
96 97
41 42
35 43
82 96
11 20
50 83
37 78
65 92
44 47
7 89
89 95
92 95
59 88
88 95
87 97
12 16
17 56
87 93
82 92
74 76
76 87
89 95
73 93
47 95
4 67
62 87
91 93
37 96
83 93
92 92
15 58
43 99
85 85
43 70
87 94
44 87
99 100
69 86
4 80
4 35
39 54
99 100
11 85
48 82
49 88
42 73
97 100
77 99
95 97
86 90
94 96
12 63
53 98
57 72
81 85
27 28
44 87
67 71
45 95
49 53
54 90
94 95
1 61
41 81
63 70
15 16
92 92
59 94
33 78
6 72
36 54
24 96
76 92
13 49
46 57
33 94
33 88
4 67
75 77
27 79
34 73
90 99
92 97
80 86
31 86
70 100
34 54
43 98
90 92
49 100
25 92
7 76
46 90
13 88
8 10
52 54
87 87
27 60
66 92
55 93
99 100
51 64
13 63
69 71
45 86
52 53
34 91
75 99
38 66
24 84
34 56
59 82
42 64
71 95
14 78
60 81
34 57
4 62
39 90
45 100
48 53
16 78
90 94
10 89
16 16
9 79
67 92
56 98
7 36
84 84
13 38
100 100
59 70
18 32
63 82
27 73
28 75
51 90
23 48
78 98
88 91
89 97
91 98
63 88
23 55
100 100
26 46
90 94
34 55
75 80
94 100
27 82
59 83
92 94
51 96
29 60
98 98
59 96
60 66
40 96
76 78
83 97
41 78
82 87
79 86
57 71
74 81
38 100
56 75
92 97
66 96
87 90
94 97
99 100
20 27
64 97
88 91
23 36
90 92
40 82
31 62
83 91
77 87
15 65
23 54
45 67
66 73
98 99
29 87
97 97
26 45
78 94
75 82
22 99
74 94
21 73
13 22
74 89
70 77
54 78
76 80
17 19
1 68
40 97
70 86
97 100
94 96
51 83
55 86
55 68
31 54
60 66
73 100
92 98
82 95
16 95
80 87
32 55
46 93
100 100
29 51
16 44
17 85
13 65
34 89
15 65
60 80
45 96
95 96
87 95
23 81
3 70
22 88
84 85
77 94
50 90
83 87
21 99
5 8
62 97
11 92
100 100
58 63
16 62
20 41
2 56
91 96
69 99
22 25
39 54
26 71
70 86
95 98
56 82
92 93
49 51
10 88
52 97
74 89
14 50
19 71
54 65
37 38
29 38
44 98
92 96
6 13
53 75
9 11
54 100
62 86
82 89
56 99
34 56
1 9
33 49
88 96
73 97
54 98
32 88
77 85
43 67
96 96
18 52
9 94
54 66
25 78
78 83
48 74
50 99
74 96
79 90
79 84
53 95
60 90
24 95
56 95
80 86
4 17
69 80
75 80
48 91
99 100
28 86
74 85
97 97
6 72
48 74
77 93
29 34
33 77
47 66
5 16
44 56
63 94
83 99
8 57
40 92
27 35
56 72
62 92
98 99
59 93
42 55
41 73
94 99
76 97
80 84
65 74
10 39
71 77
3 84
99 99
30 38
37 95
86 96
37 81
93 93
23 36
51 99
67 97
14 94
66 90
76 95
18 52
34 54
78 87
53 99
20 52
39 78
58 100
6 7
77 99
66 95
1 91
66 90
51 90
91 94
85 87
41 69
66 74
77 93
84 86
41 81
60 80
66 74
89 89
37 96
85 86
86 95
98 100
72 79
2 90
48 68
47 90
61 90
44 47
9 68
15 73
67 78
41 63
31 63
42 50
2 76
70 87
27 65
12 25
47 90
95 99
2 92
27 98
72 77
37 76
88 98
73 93
80 82
5 40
71 79
9 23
45 58
57 99
99 100
85 99
57 76
90 90
47 72
66 95
64 73
35 47
61 78
89 99
99 99
24 80
93 95
42 89
83 85
7 79
38 99
56 80
77 92
35 72
69 76
67 73
43 61
8 100
77 89
87 96
60 65
56 96
45 58
22 78
59 61
47 96
38 68
45 86
68 98
91 99
27 41
85 99
16 26
96 97
82 83
91 95
48 93
83 86
55 65
80 90
41 81
42 84
25 25
53 69
48 57
9 81
66 99
71 88
47 55
33 70
82 98
2 19
9 27
88 93
88 98
56 77
97 97
34 39
18 89
15 75
7 49
53 87
76 98
42 76
64 65
25 42
21 94
87 94
73 91
11 16
46 93
19 55
24 36
85 94
90 90
43 48
28 78
7 87
63 85
52 74
100 100
71 71
81 94
94 98
52 59
21 51
71 77
24 63
84 94
82 82
51 92
29 65
75 84
60 62
42 70
11 92
18 97
43 81
76 88
36 53
36 94
20 74
39 59
55 85
19 23
13 24
19 61
42 53
21 40
55 95
42 57
22 67
14 62
13 52
29 80
79 93
63 68
50 81
8 61
32 43
69 92
87 87
41 54
29 32
13 67
52 57
5 63
54 55
100 100
6 66
56 98
93 97
48 76
11 68
96 96
24 53
84 88
75 80
73 82
62 76
67 71
67 83
77 81
93 93
33 59
61 79
17 63
42 96
63 63
5 47
54 70
73 80
2 93
41 59
100 100
13 32
51 96
21 25
61 88
98 98
72 74
54 79
9 57
40 59
24 85
30 43
2 47
93 100
70 73
73 89
41 93
71 72
34 58
68 71
50 55
5 14
69 86
17 62
27 81
41 69
16 51
77 87
69 94
20 47
96 96
71 81
20 97
82 92
47 78
11 47
18 27
90 99
24 95
63 64
19 95
64 66
26 71
42 72
49 79
72 73
21 69
92 99
45 54
72 91
46 89
47 95
27 39
94 95
58 92
15 17
34 57
65 79
38 83
93 95
80 98
39 53
12 100
75 94
69 78
97 99
43 83
18 65
44 54
80 87
66 86
9 53
78 81
56 72
93 97
87 100
26 63
92 97
93 95
29 71
82 83
83 90
27 95
54 76
86 91
96 96
36 59
66 96
29 65
62 68
69 88
39 95
29 93
47 71
96 100
20 51
50 85
16 63
17 65
53 68
55 65
46 80
24 84
68 71
30 92
98 100
36 49
21 70
43 99
97 99
74 99
82 88
9 34
51 59
53 70
47 97
73 78
55 59
31 56
97 99
94 99
36 51
22 85
10 93
83 100
40 49
21 49
78 83
69 91
61 65
11 72
90 94
39 59
94 100
68 96
100 100
95 98
85 100
21 67
57 97
97 97
70 75
79 97
68 75
28 48
52 60
12 32
32 96
30 98
11 52
51 77
34 90
79 90
43 96
3 38
62 92
26 55
15 82
32 56
21 28
77 100
10 24
95 96
20 67
72 93
6 75
53 94
93 99
54 71
84 94
59 74
41 74
72 88
5 77
66 91
64 81
89 94
54 76
8 80
43 93
63 68
68 72
4 68
3 85
58 75
51 82
89 89
66 67
81 99
86 86
19 60
25 33
70 95
24 67
3 70
87 87
26 68
88 94
66 95
8 66
49 82
73 75
53 89
30 40
65 82
5 51
94 100
80 83
22 36
81 95
61 82
74 77
94 99
74 79
78 83
10 76
54 99
1 90
52 53
48 53
50 96
78 81
23 92
46 90
28 92
32 39
88 93
39 43
81 84
82 82
97 97
3 70
73 80
99 100
21 85
32 37
38 42
6 40
71 77
61 96
44 76
25 83
35 40
7 9
85 99
5 85
61 77
54 76
14 28
51 86
20 94
35 68
100 100
36 80
33 59
35 62
71 90
4 48
67 81
72 85
29 85
74 96
32 81
23 51
98 98
21 78
42 44
63 72
72 94
28 36
89 93
12 49
92 95
22 84
45 76
72 100
6 84
49 73
85 88
38 44
24 33
90 94
14 85
82 83
55 71
2 7
55 83
18 97
39 92
82 86
54 57
94 96
50 100
74 88
77 81
100 100
20 34
49 91
52 79
72 94
3 73
6 54
87 89
55 94
44 50
92 96
89 90
3 12
59 99
82 82
95 95
16 63
75 92
46 52
4 6
79 83
78 80
29 53
66 67
30 61
76 87
52 69
43 62
21 37
20 36
36 83
18 37
38 93
15 91
86 86
14 53
25 29
48 63
94 95
87 95
55 97
41 68
67 91
98 100
74 77
42 64
48 64
77 99
46 54
6 42
75 83
55 73
13 90
35 48
69 71
63 86
39 40
26 34
67 84
16 46
17 95
79 95
10 57
57 72
41 52
67 71
3 22
38 84
99 100
29 39
3 71
48 56
77 83
16 44
79 80
68 82
55 86
2 85
55 57
24 59
62 72
47 83
45 70
55 66
8 92
77 89
79 79
60 81
49 71
76 82
8 97
99 99
18 49
11 54
98 100
81 88
61 63
53 79
62 79
79 86
78 80
15 76
5 13
2 6
47 49
59 82
43 85
27 64
28 80
54 66
3 75
52 97
51 69
80 87
57 83
92 96
71 79
56 81
85 96
22 72
72 72
68 80
9 33
18 23
12 23
32 55
10 88
65 76
38 78
31 51
62 78
12 91
79 89
38 52
100 100
17 94
82 91
80 95
89 100
63 83
3 26
64 88
28 40
81 94
8 84
59 67
21 64
79 90
36 75
39 92
48 62
29 86
51 58
81 89
48 88
62 81
55 91
58 62
68 87
71 97
88 100
50 95
2 91
43 100
96 99
39 92
11 29
12 60
35 74
5 84
12 58
8 97
70 97
54 85
58 91
55 68
47 75
99 99
66 79
6 14
34 92
52 57
73 84
82 86
32 34
59 73
35 100
92 100
35 95
97 98
3 53
37 71
67 94
58 95
20 86
23 33
38 57
84 92
68 94
73 98
76 78
95 99
20 49
14 18
31 52
6 92
77 77
14 93
82 89
71 72
32 87
94 100
13 26
34 89
94 94
7 37
2 23
82 95
28 28
94 96
28 50
5 83
78 92
17 27
19 19
51 68
15 89
7 36
25 74
26 79
30 79
3 5
74 84
23 74
85 94
93 93
4 26
46 72
33 41
10 38
83 87
85 100
51 83
51 71
88 88
97 97
76 90
41 71
29 64
82 96
5 95
74 100
10 53
26 84
27 80
89 91
37 81
45 78
58 76
65 96
45 94
45 46
89 93
54 86
2 30
63 65
59 99
73 76
70 86
36 91
2 69
99 99
73 80
32 43
83 87
65 86
1 18
40 76
23 44
37 100
13 77
91 94
67 70
34 41
57 84
60 82
28 53
67 100
79 90
76 98
59 66
24 29
19 53
22 63
92 96
14 30
74 87
20 70
86 95
18 100
30 56
98 99
40 72
21 85
15 73
15 49
85 99
16 92
71 88
29 36
52 57
57 90
22 51
37 54
55 55
80 91
21 74
99 99
35 89
66 81
30 38
4 48
80 98
83 88
29 73
31 70
49 75
99 100
51 80
91 99
74 74
16 64
74 94
54 92
35 63
12 82
55 90
16 46
99 99
21 95
93 94
39 63
17 65
66 72
68 84
15 41
39 91
26 50
58 64
75 98
94 98
33 90
66 98
38 86
27 75
72 93
44 96
61 64
75 83
84 86
58 99
90 93
7 39
87 90
40 47
26 84
43 51
20 31
63 95
37 77
70 83
94 97
85 98
58 89
83 92
33 81
30 55
7 15
89 100
62 83
100 100
68 90
63 94
38 75
79 79
36 75
63 88
26 69
44 63
92 94
22 64
11 22
49 97
27 87
29 79
51 82
14 82
4 50
28 40
61 100
69 76
24 72
38 71
20 93
6 43
17 46
43 69
44 96
98 100
68 99
91 94
10 23
71 100
46 60
88 93
35 47
13 76
39 47
79 89
93 95
58 95
93 94
18 61
3 27
29 59
4 98
64 70
76 77
6 40
50 76
34 60
59 60
35 93
56 66
35 50
99 99
20 67
38 74
79 98
40 100
47 90
18 51
66 84
35 86
55 96
1 47
87 95
30 44
56 68
35 85
17 36
12 47
12 49
18 86
58 97
84 93
67 77
38 94
71 97
6 80
34 57
30 99
1 93
82 88
67 74
52 66
65 96
47 94
70 73
72 87
8 10
18 46
45 55
53 75
31 43
38 41
40 53
5 33
78 89
97 97
32 69
76 87
24 69
25 45
95 99
8 82
88 99
82 87
13 96
10 24
100 100
32 77
76 76
50 50
37 69
14 77
8 87
42 49
32 55
29 50
46 68
83 89
50 69
96 98
36 62
41 47
96 100
53 53
46 100
42 68
59 82
26 59
1 17
54 65
19 33
79 83
79 89
3 4
23 91
60 66
17 85
18 32
42 70
24 47
86 88
8 12
47 89
96 97
37 56
17 63
5 82
83 87
35 98
18 26
18 67
43 64
60 93
98 100
15 27
38 87
9 12
64 79
100 100
11 86
55 63
21 22
16 60
93 95
8 59
16 90
23 48
84 95
93 98
31 87
29 49
85 100
94 97
58 89
97 97
54 87
48 65
44 93
34 99
26 50
88 91
63 82
38 73
76 80
24 34
8 93
2 62
11 63
93 94
55 84
55 89
34 36
3 35
77 97
74 87
97 99
71 88
21 86
79 87
17 54
42 82
10 44
57 60
99 99
74 85
34 100
56 100
73 98
83 100
61 76
60 100
30 76
91 94
73 93
19 67
9 53
18 91
10 68
82 96
62 82
50 79
39 65
46 80
70 87
3 50
55 68
64 74
6 47
42 51
75 95
65 77
63 73
45 72
73 83
66 77
42 68
80 99
6 66
20 37
13 30
96 97
70 84
63 91
19 48
39 78
20 59
94 97
11 15
5 84
94 98
88 88
61 88
72 76
64 77
55 84
6 43
16 44
45 72
80 95
95 99
38 78
34 53
60 99
78 88
52 82
54 94
36 52
6 16
22 43
28 66
93 95
78 78
54 93
33 61
7 62
94 99
40 64
55 90
57 85
66 78
13 36
7 85
34 63
50 99
27 94
34 70
53 94
76 91
18 70
52 52
29 45
50 91
47 73
79 83
28 90
46 72
56 86
11 19
91 98
71 71
54 85
78 83
99 99
76 97
52 89
85 91
32 35
81 91
85 94
40 56
5 48
87 92
38 39
29 53
14 72
19 71
31 93
41 65
47 95
46 99
17 43
16 55
30 49
10 70
86 90
72 87
21 36
46 62
62 62
29 40
79 99
85 94
86 90
26 96
2 28
15 29
12 32
93 97
15 56
89 95
8 25
98 100
30 84
92 95
36 88
16 47
10 100
37 48
40 84
45 46
27 65
10 13
33 46
37 51
13 21
18 33
49 72
42 47
62 73
52 64
96 99
1 20
100 100
20 91
100 100
38 94
18 87
15 77
40 69
11 41
2 10
42 57
80 83
77 92
81 100
46 83
39 95
12 85
15 58
21 58
66 75
90 98
31 42
90 91
74 84
11 59
13 94
48 56
53 56
77 94
89 97
7 96
59 71
37 48
78 83
84 97
82 92
76 87
7 21
100 100
58 97
14 62
2 86
44 99
33 37
52 65
100 100
86 97
22 31
53 81
58 66
69 86
61 87
72 93
33 64
40 74
76 79
70 81
73 84
71 82
90 99
6 73
69 87
79 79
8 97
82 87
60 92
5 54
5 12
14 57
33 41
70 81
17 62
61 100
55 75
8 51
34 69
37 43
16 88
90 93
11 73
67 71
57 81
79 96
37 49
71 74
99 99
31 43
79 91
74 96
39 93
18 56
56 96
31 72
6 64
56 83
57 59
33 84
8 47
67 76
34 44
78 96
36 44
45 96
32 45
6 16
77 81
12 77
93 97
59 66
18 54
19 84
85 86
49 50
34 68
65 79
10 72
15 73
83 83
42 95
11 22
80 91
34 99
75 78
20 22
89 91
100 100
77 85
59 88
56 88
29 39
34 90
23 60
10 83
68 81
21 88
49 56
91 99
96 100
41 51
49 57
78 88
64 98
58 68
100 100
93 94
35 50
41 73
63 72
100 100
51 52
87 94
9 28
86 100
93 100
81 98
40 57
60 60
86 90
12 99
19 84
61 93
39 51
34 76
22 41
20 62
69 87
14 23
78 91
66 71
21 67
47 92
77 82
81 81
83 91
85 91
12 77
34 77
1 12
81 92
94 100
58 73
57 74
72 87
87 89
81 96
38 83
60 68
49 60
65 93
22 43
20 40
79 90
10 60
50 80
71 80
25 88
10 39
71 87
68 85
57 70
30 67
62 99
62 91
83 89
46 73
67 86
77 97
33 57
20 88
29 79
94 100
34 47
17 83
11 91
31 88
58 71
81 82
76 82
51 92
83 89
94 100
63 88
25 70
40 68
20 51
14 59
5 39
46 77
26 39
86 94
55 75
93 97
14 37
4 62
2 25
2 42
84 87
77 90
87 92
38 45
31 54
77 78
45 45
39 50
1 8
67 81
90 98
34 72
94 98
14 56
60 74
23 30
32 34
77 90
39 54
15 83
24 71
75 93
64 81
27 74
38 66
22 72
16 18
69 100
76 83
11 44
56 68
86 99
3 98
15 82
93 96
9 59
47 60
43 59
100 100
85 98
18 79
91 100
79 89
7 72
32 49
6 64
38 59
39 76
31 55
39 93
93 94
58 98
16 95
85 100
23 29
46 75
40 70
43 85
77 78
79 99
95 95
43 44
70 74
6 26
42 96
50 78
28 33
77 84
76 88
9 85
89 95
68 90
100 100
9 60
36 100
33 63
11 65
11 43
84 85
56 98
48 92
31 81
41 76
74 100
26 91
16 95
28 43
61 91
26 27
17 57
99 100
69 78
82 82
32 85
73 87
60 85
15 19
90 94
33 43
90 97
26 73
93 100
50 64
20 87
43 62
39 39
83 83
68 94
43 96
56 95
24 97
98 99
89 97
36 61
38 45
72 97
4 86
96 99
58 65
94 97
30 59
84 94
58 81
73 89
59 99
62 97
33 52
51 99
45 72
16 79
10 32
16 48
8 12
61 64
57 72
45 87
59 79
31 89
47 54
24 97
29 49
51 94
53 79
93 100
59 93
14 93
32 100
90 99
39 47
89 90
65 93
27 65
58 63
20 34
66 68
18 92
65 85
30 100
6 69
94 94
60 76
18 89
72 98
75 86
44 62
26 80
84 96
99 99
100 100
68 100
43 46
17 96
67 93
55 63
30 99
94 99
10 46
41 94
87 98
85 85
48 52
34 99
13 56
2 44
68 100
21 22
31 81
67 75
63 100
42 81
97 97
19 29
79 97
57 57
60 84
70 77
61 76
29 67
65 81
6 94
46 46
29 30
69 70
87 90
26 39
91 99
29 93
39 50
83 91
80 81
63 88
54 91
61 95
77 90
26 30
25 43
90 92
95 97
69 77
78 85
23 76
31 51
44 76
49 89
8 31
26 64
28 61
59 85
63 78
68 98
10 74
34 81
9 56
28 47
3 48
74 85
82 86
73 86
81 85
1 64
72 80
69 80
31 86
87 98
35 93
33 93
80 89
26 37
70 77
58 93
16 97
57 85
7 89
37 98
68 69
12 39
54 63
47 61
85 100
89 98
66 86
61 73
64 82
27 43
21 26
75 91
23 53
79 99
67 74
48 84
97 99
24 56
50 83
39 40
21 30
73 88
63 81
6 51
75 80
19 41
42 64
50 56
12 89
70 88
1 86
4 16
17 36
43 73
81 84
73 88
3 12
12 42
78 79
78 86
60 87
25 85
50 52
80 92
47 69
36 40
25 57
31 94
63 69
61 75
13 69
6 92
76 76
49 88
19 60
72 77
23 52
26 44
68 97
87 96
89 92
64 71
76 97
92 98
71 82
64 78
72 74
84 90
15 63
8 87
83 88
96 99
68 75
68 86
56 72
65 92
13 21
70 79
20 95
88 100
30 78
62 88
46 49
45 59
20 55
33 89
97 99
7 79
8 42
65 83
34 77
21 49
79 100
6 92
23 63
46 59
3 34
86 88
49 95
17 37
35 99
53 60
41 68
40 80
34 73
96 99
59 77
56 72
4 97
33 42
48 73
34 56
10 31
56 98
63 83
34 73
65 70
55 79
23 56
47 79
98 98
41 89
90 90
72 72
2 4
46 76
88 99
20 34
59 81
16 72
51 58
94 97
88 95
11 75
31 57
24 85
20 63
25 87
23 42
75 83
67 100
41 81
34 41
32 51
58 91
75 90
61 78
96 99
82 83
21 75
98 98
92 93
21 50
35 43
18 48
84 87
98 99
66 69
58 76
55 75
64 97
52 57
54 61
68 88
95 100
61 75
71 85
18 62
80 83
59 99
92 96
32 74
40 73
50 95
76 97
76 77
48 61
15 80
20 47
43 76
57 82
64 98
47 92
18 82
93 97
5 29
16 39
53 54
63 81
100 100
64 71
95 95
54 72
53 68
25 44
20 77
18 69
65 84
80 90
96 97
48 80
82 85
66 87
37 74
89 92
60 87
39 67
29 84
35 36
65 67
33 52
27 34
1 96
1 44
64 65
69 81
74 94
29 91
46 54
23 33
1 71
15 67
60 79
76 99
9 32
87 96
86 92
36 87
62 62
94 99
26 34
27 90
70 91
70 91
81 94
80 85
68 85
27 32
47 54
66 89
78 85
99 99
98 98
99 99
46 94
26 31
82 99
57 76
24 52
17 61
46 95
71 74
72 80
30 54
36 75
94 98
17 93
61 89
24 76
1 93
68 89
84 100
65 86
24 90
72 79
59 63
45 55
39 46
75 83
27 53
72 77
17 87
71 80
50 89
44 85
33 46
60 81
40 72
86 97
21 64
19 49
83 88
22 89
99 99
49 93
3 51
30 95
70 88
31 39
1 44
95 95
39 86
34 34
79 98
5 66
69 85
63 84
57 88
94 94
72 79
48 59
76 82
46 50
9 24
41 44
38 72
39 67
80 95
82 97
16 47
78 92
95 96
26 90
85 89
80 80
48 86
62 99
92 100
85 98
62 67
45 70
70 93
98 100
43 58
77 81
83 87
38 100
88 90
36 95
52 52
16 30
13 59
2 84
19 50
49 73
45 71
75 95
44 54
4 17
40 85
10 63
92 99
16 87
42 45
51 75
85 90
46 57
62 82
100 100
35 93
52 97
27 100
52 54
8 26
83 88
35 89
66 84
87 93
84 92
79 84
49 89
88 97
27 33
88 98
80 89
30 95
5 75
11 88
87 90
6 71
41 85
49 68
11 48
29 90
86 93
86 97
57 82
81 93
38 97
57 100
59 95
55 94
57 79
1 28
4 14
10 62
85 87
16 51
87 96
73 85
50 97
31 38
52 82
89 90
11 62
72 85
68 88
22 31
83 92
41 74
44 45
41 83
19 100
14 96
93 94
12 51
1 14
83 86
64 92
31 80
50 70
13 89
75 90
23 39
79 88
68 74
81 96
46 64
44 87
99 99
89 90
88 97
70 98
69 98
55 90
27 62
60 60
24 100
96 96
3 55
81 87
77 91
25 76
9 19
14 90
65 66
32 49
23 55
98 99
41 57
20 61
77 85
96 100
82 97
40 100
21 86
45 47
100 100
80 93
47 66
59 100
74 84
73 95
36 45
63 95
67 76
44 90
18 18
94 98
66 84
42 75
37 90
56 78
74 74
52 57
50 60
11 24
85 92
20 93
23 55
47 98
8 87
13 34
89 90
70 91
88 96
38 94
47 73
89 89
33 84
87 93
72 81
88 92
14 80
53 77
93 96
41 59
7 33
69 92
46 87
69 76
80 98
92 93
60 68
92 100
15 100
80 100
21 47
8 17
86 94
48 49
5 5
29 75
80 84
3 62
9 36
22 30
87 92
85 100
19 68
49 52
44 48
87 94
59 68
94 97
99 99
90 92
7 41
28 47
59 81
51 75
67 82
81 89
4 4
96 100
56 90
77 86
66 75
72 75
68 68
42 46
15 98
2 72
59 60
53 62
61 79
42 64
19 22
18 53
35 39
57 75
68 71
71 80
83 89
84 87
91 98
1 63
94 96
4 26
90 98
20 70
57 84
39 41
41 72
18 21
52 73
88 91
1 31
67 74
22 87
38 93
60 67
9 72
54 87
29 86
2 87
17 99
3 91
46 75
41 84
96 99
4 5
82 92
17 22
90 94
51 92
50 53
76 84
48 90
5 74
100 100
93 99
1 99
39 62
87 88
92 100
24 33
70 81
86 86
83 84
10 100
82 87
69 91
97 99
78 85
10 69
5 32
43 52
79 92
73 83
55 94
53 58
38 65
58 82
48 65
16 97
53 70
12 86
66 100
81 84
21 58
49 56
16 36
38 94
59 98
90 97
53 70
4 15
7 64
52 99
65 67
2 4
2 91
24 99
5 67
64 67
47 58
11 32
46 59
4 49
45 95
93 94
17 91
65 100
50 73
57 72
59 87
91 92
94 94
58 74
86 88
12 45
27 91
19 76
81 94
84 99
45 73
99 99
83 83
69 74
43 84
68 88
68 73
30 70
28 83
51 93
65 72
39 95
69 94
21 22
87 92
78 88
84 91
58 100
20 83
18 68
74 90
81 85
95 97
4 47
32 47
45 65
67 73
4 59
74 99
57 69
32 62
39 52
13 33
92 100
35 98
31 94
64 84
8 23
25 27
72 72
22 42
22 67
19 35
63 75
56 96
91 98
10 46
18 98
5 47
32 93
88 88
13 84
12 73
58 77
40 40
69 94
94 100
54 68
37 38
24 42
13 80
76 88
15 27
79 82
42 64
95 95
47 57
66 85
58 89
6 45
98 98
98 99
93 95
31 84
6 41
84 85
49 84
39 40
94 99
82 84
78 82
51 79
17 63
36 84
50 99
52 85
54 85
36 50
74 74
15 49
12 99
78 79
98 100
60 81
51 95
96 98
36 89
70 76
73 73
66 87
85 97
36 62
29 42
89 89
85 85
25 97
81 87
94 99
38 79
36 72
71 71
7 31
12 64
83 88
63 79
41 44
38 80
91 92
86 97
100 100
62 91
97 97
57 71
85 100
12 67
62 83
73 88
25 29
35 99
62 98
19 30
58 63
5 83
12 82
4 7
97 100
30 85
55 99
94 95
18 52
24 74
14 61
53 94
42 100
72 85
8 38
62 82
98 99
30 78
83 91
46 51
76 82
8 98
100 100
58 62
1 23
27 95
60 61
11 54
48 90
71 87
44 69
10 60
96 96
90 90
64 97
77 90
74 99
96 99
39 100
100 100
78 83
95 98
73 83
96 96
77 91
32 96
6 25
82 97
73 100
16 82
20 66
51 80
46 93
67 93
48 95
8 18
1 84
46 76
23 62
54 93
64 97
4 65
78 87
7 77
59 74
100 100
82 98
27 57
56 92
99 100
92 100
30 53
23 33
16 68
24 69
47 68
33 72
38 85
53 66
70 78
80 91
78 96
74 87
61 92
80 85
34 100
93 98
39 76
63 92
35 47
60 84
23 23
17 39
86 86
38 45
4 85
3 18
75 80
49 66
5 53
35 89
8 50
89 91
30 30
41 43
1 36
5 80
84 93
67 79
40 68
33 49
92 96
25 47
38 78
97 100
40 70
32 35
95 100
16 66
79 95
90 92
13 54
5 82
56 87
63 72
9 9
78 81
39 91
48 74
55 69
76 76
85 93
83 98
29 36
68 83
15 62
5 26
83 99
15 54
58 87
49 82
39 45
22 61
11 96
50 54
6 49
93 97
68 96
93 94
97 100
7 50
48 82
1 52
56 57
75 75
42 70
78 89
32 85
91 98
22 92
98 100
52 71
13 87
1 85
72 88
95 98
64 65
76 100
5 94
22 83
62 74
73 87
73 98
44 64
95 97
75 82
85 99
28 78
46 96
37 51
66 97
59 77
99 100
39 75
2 30
63 95
98 99
82 83
98 99
37 62
98 99
27 78
65 98
82 96
2 31
3 48
6 56
18 57
60 93
3 33
38 86
87 93
49 52
65 72
41 55
1 49
14 46
40 46
64 68
18 63
16 45
75 87
1 60
27 98
8 96
58 80
16 26
92 95
59 81
86 88
2 22
83 86
57 85
20 43
65 96
97 99
29 52
1 80
94 95
86 89
2 70
59 60
4 73
84 84
46 57
21 87
2 87
75 98
18 98
46 81
45 79
26 78
95 100
86 96
20 94
63 99
70 79
94 95
87 93
22 97
68 89
23 86
56 82
54 57
90 96
90 97
30 37
77 96
44 96
97 100
70 94
75 81
89 98
72 97
95 99
98 98
40 47
95 98
81 89
43 51
43 93
89 90
58 71
70 90
59 83
90 95
1 10
21 41
49 58
67 92
18 28
89 94
74 94
30 97
91 95
86 97
11 28
30 39
48 65
26 79
41 61
61 88
39 80
41 51
92 100
49 69
24 93
45 52
71 91
42 74
36 73
95 96
1 47
1 97
53 95
92 96
32 80
15 19
87 97
40 59
86 86
53 87
43 63
44 51
54 82
97 97
63 74
39 45
5 96
54 89
59 86
56 71
6 33
59 95
81 93
100 100
29 29
64 82
73 94
34 55
59 77
74 86
16 97
37 74
80 98
54 60
60 96
6 48
78 98
77 78
69 96
11 80
35 37
65 75
69 71
73 89
10 82
93 95
24 90
29 51
45 90
44 55
47 58
3 54
25 26
6 97
8 59
65 67
71 72
56 70
23 76
83 99
15 84
31 37
82 92
95 96
44 78
12 18
81 95
22 95
33 36
84 88
85 95
52 77
53 94
45 88
92 99
75 92
63 64
18 18
38 47
76 92
33 38
26 44
12 46
11 23
80 97
97 99
84 95
86 100
13 20
16 47
38 53
9 49
13 98
92 100
84 94
58 72
21 33
11 91
58 97
30 63
57 64
52 73
37 94
30 62
96 98
78 81
3 27
98 98
57 81
61 86
60 98
51 64
31 79
82 82
26 43
36 87
53 59
82 84
41 82
100 100
33 98
6 94
66 77
32 68
92 97
59 97
79 93
79 94
15 98
59 77
56 73
100 100
59 84
69 94
71 99
52 98
84 95
84 97
60 83
89 99
61 94
16 99
36 88
40 92
49 61
18 65
49 85
38 60
6 88
99 100
27 59
87 90
18 85
41 84
60 91
33 63
48 81
55 96
16 66
44 82
2 6
16 84
56 59
6 27
5 68
27 39
46 55
52 87
65 99
23 33
10 20
6 36
49 69
64 93
9 83
58 93
76 89
20 37
5 23
81 97
5 24
98 98
54 71
31 64
3 19
80 83
10 14
26 46
68 68
8 37
29 56
2 14
6 51
22 66
8 61
74 92
56 99
67 96
5 51
12 70
43 79
36 46
92 100
40 73
2 24
10 100
7 54
21 64
77 80
58 62
22 29
25 78
80 91
37 66
42 57
100 100
62 98
53 58
13 70
84 97
74 81
6 43
51 97
30 76
14 24
85 87
30 65
98 100
52 89
51 86
90 96
22 77
31 35
53 75
96 98
79 94
25 74
8 28
54 77
81 84
30 68
89 94
72 91
38 61
77 97
98 99
91 99
74 93
98 100
11 69
29 78
75 89
37 54
5 31
67 92
26 90
60 88
49 66
28 28
72 79
45 46
88 95
3 27
29 29
91 99
51 90
89 91
22 70
8 11
31 61
34 62
94 95
13 98
50 58
7 85
60 92
59 65
4 54
90 97
49 63
34 70
33 44
79 87
20 54
17 33
96 99
87 87
84 84
51 88
17 74
48 81
26 59
99 100
78 79
50 82
64 96
92 94
90 97
95 96
63 71
44 94
28 47
39 68
36 76
100 100
55 78
59 89
47 95
37 94
50 97
77 84
94 97
36 38
13 24
49 62
69 99
82 89
69 83
60 60
66 86
31 33
55 90
20 79
78 100
26 73
69 87
94 100
13 65
50 88
2 33
29 83
13 46
45 86
29 39
16 75
67 89
89 93
6 33
100 100
27 51
53 66
62 65
13 35
91 97
63 97
86 88
8 88
7 41
67 88
39 84
39 43
5 8
84 86
82 92
46 50
78 82
46 84
97 99
98 100
43 77
69 92
40 71
41 47
76 77
92 99
31 99
83 83
66 92
46 66
57 65
82 90
12 12
17 95
98 98
66 84
93 93
26 57
91 92
56 99
94 95
54 94
98 100
30 95
26 95
50 65
42 88
52 64
60 97
95 100
46 76
44 48
73 86
17 53
58 95
54 86
23 61
67 94
31 78
51 64
11 40
36 72
50 60
93 93
98 98
19 61
68 82
60 79
60 92
19 33
70 86
65 90
67 90
62 62
54 98
6 61
27 33
9 63
31 76
56 84
10 59
25 84
80 84
58 90
1 76
19 68
33 64
43 49
60 79
59 73
71 86
64 82
77 98
24 66
63 80
93 99
61 74
5 52
6 70
87 96
12 72
85 100
78 100
68 90
28 59
39 71
94 100
28 44
69 93
53 59
97 99
12 31
50 63
16 47
95 98
54 68
53 86
73 76
17 69
18 52
50 85
16 78
96 98
66 76
28 97
44 92
74 95
82 83
57 87
93 100
82 97
99 99
77 96
47 54
23 73
31 31
18 57
61 67
12 93
78 78
85 97
30 56
88 92
10 73
58 79
32 72
63 98
63 63
51 72
24 91
82 91
50 92
49 61
71 92
71 83
37 48
36 51
10 56
89 100
16 21
90 99
29 45
83 84
12 87
31 65
51 99
24 90
67 86
69 91
71 84
91 95
53 70
73 81
28 78
36 57
100 100
68 99
41 54
88 89
28 52
14 30
72 74
80 89
59 76
4 95
62 79
66 75
12 20
21 54
40 71
97 99
87 90
56 82
47 49
48 87
90 92
66 84
19 85
7 89
44 51
62 86
3 13
87 93
38 84
79 97
43 43
45 47
88 94
26 94
35 98
54 96
7 69
49 49
73 96
64 66
12 20
25 36
78 83
94 96
9 51
35 78
95 98
23 79
43 54
27 45
97 98
99 100
73 92
83 96
17 74
23 100
63 91
7 17
28 87
48 71
39 46
41 82
90 99
99 99
4 19
54 72
6 44
33 69
34 93
94 94
39 56
68 74
95 98
11 43
84 89
15 25
51 59
74 77
36 41
41 92
36 63
87 96
17 94
14 92
98 98
12 74
68 68
31 85
70 71
73 80
34 73
18 77
57 77
4 58
39 98
62 88
2 49
90 90
10 54
13 57
59 81
48 51
15 55
13 56
47 62
30 39
22 87
62 85
46 88
41 83
73 73
73 94
2 72
44 70
57 59
47 53
27 85
10 63
11 13
13 19
38 100
100 100
44 91
76 98
73 97
5 18
29 60
58 89
84 99
4 19
23 60
62 91
37 64
6 16
83 96
91 97
36 70
1 54
97 98
5 44
50 86
94 95
100 100
97 97
65 88
94 97
11 69
100 100
1 80
25 49
80 88
20 42
63 65
37 82
64 64
32 96
89 99
10 61
60 79
87 97
99 99
98 98
1 68
9 52
87 93
34 50
84 89
18 50
53 58
42 44
85 89
57 62
19 64
76 77
59 60
11 63
5 62
53 88
29 96
63 95
36 39
25 56
70 70
59 79
89 90
94 96
61 97
1 35
71 81
28 76
24 96
5 48
92 96
6 23
88 88
92 94
43 88
15 33
86 98
15 94
16 32
12 44
15 47
99 99
93 94
83 93
59 94
73 91
18 71
45 97
77 88
38 43
64 85
74 91
80 89
80 97
81 93
92 95
59 81
35 69
5 24
28 73
5 90
36 86
53 85
62 83
12 84
16 66
15 61
80 94
73 93
32 35
76 98
43 99
65 81
13 57
23 100
99 100
81 94
60 89
20 34
46 65
62 86
31 48
73 89
60 77
92 93
70 96
1 21
19 88
18 80
86 96
8 76
100 100
23 45
60 61
80 92
56 82
81 98
85 95
1 92
47 66
89 91
62 78
96 97
94 97
92 97
76 100
99 99
44 64
23 36
89 96
42 91
84 86
23 91
57 88
59 82
43 47
61 76
84 85
62 93
76 82
97 100
9 45
37 98
86 93
74 83
5 32
3 33
70 79
79 92
43 43
64 74
6 59
90 94
85 96
54 68
23 82
85 94
25 40
40 90
26 42
71 73
90 93
54 75
27 37
6 89
91 94
94 94
4 24
10 100
84 85
68 88
85 98
50 66
98 99
74 83
40 46
90 92
54 72
52 82
6 22
66 80
14 27
59 64
23 40
45 57
9 73
57 98
97 97
82 91
10 75
86 88
85 96
43 51
45 53
23 59
67 86
1 94
51 93
90 90
89 90
53 99
5 72
60 81
3 18
28 69
24 54
28 30
63 88
51 67
53 90
73 80
82 98
70 75
6 21
20 40
17 46
64 83
51 63
5 65
76 80
76 99
40 99
21 91
24 31
100 100
16 58
5 71
60 83
18 67
7 23
67 96
71 99
57 68
87 90
52 69
2 29
71 73
75 89
20 74
88 92
65 79
61 73
32 53
16 90
87 90
83 86
29 32
83 99
48 69
33 74
1 42
3 54
87 96
96 100
9 12
5 81
47 64
33 50
12 68
46 83
59 79
41 67
25 89
70 94
49 62
17 30
17 69
79 84
38 85
31 73
12 89
37 92
7 39
18 49
75 96
22 28
73 100
37 62
64 77
63 67
45 98
72 83
87 98
24 74
96 98
52 75
61 78
31 33
14 67
6 78
16 68
45 54
58 91
87 99
73 75
14 71
35 47
97 98
67 69
32 80
23 41
67 89
41 67
4 78
75 86
72 93
84 89
50 67
60 76
76 94
28 95
80 95
83 97
4 20
70 94
66 91
93 99
25 29
3 83
38 76
3 74
85 100
9 80
53 55
53 84
11 48
49 54
11 84
78 84
62 70
78 80
82 87
49 99
53 95
96 98
51 58
96 99
23 25
21 36
6 31
24 53
8 67
28 37
77 100
18 35
49 97
61 98
53 97
19 87
20 34
58 66
10 35
4 91
76 85
83 90
34 100
98 99
4 73
2 32
53 70
85 95
55 66
71 90
69 74
100 100
48 100
55 81
91 97
30 44
91 93
28 68
16 72
1 34
33 97
6 43
72 90
11 76
27 90
86 91
84 90
39 73
87 96
62 89
71 73
79 93
72 91
6 99
32 48
35 63
57 70
68 97
60 68
26 94
62 99
76 93
90 98
40 81
92 95
7 32
29 92
89 92
40 92
67 72
86 93
79 84
71 79
56 67
35 36
4 25
47 96
60 87
21 96
43 82
51 64
47 51
89 97
62 73
98 98
66 98
39 92
14 79
32 50
11 61
97 98
20 38
58 67
42 65
15 78
16 44
25 91
37 63
87 89
53 96
58 97
84 96
30 49
98 100
2 66
32 73
64 87
66 87
99 100
51 55
27 57
40 96
89 95
57 58
36 72
70 98
12 90
15 36
19 40
85 94
71 97
67 88
38 74
30 52
58 97
61 61
53 59
34 48
43 79
43 46
70 92
90 100
41 59
9 96
18 78
35 64
34 100
44 81
94 96
25 46
88 94
58 90
22 46
70 81
31 57
32 84
39 47
100 100
72 72
97 98
88 95
2 3
36 79
16 37
52 68
74 97
40 68
50 61
40 53
85 95
41 51
98 100
15 49
20 22
29 74
36 93
36 68
16 97
39 70
30 92
36 60
49 76
58 67
47 82
9 66
90 96
42 91
3 29
36 36
66 68
16 85
40 46
30 95
71 71
9 21
58 69
47 59
91 93
31 37
67 100
97 97
93 93
73 77
91 91
48 56
47 92
70 90
71 72
10 47
6 18
90 98
81 90
88 96
50 83
61 61
45 53
30 92
46 91
62 85
96 99
10 45
18 25
70 92
60 98
81 91
42 43
92 92
73 91
15 37
60 86
46 76
73 88
34 75
90 97
74 84
92 95
79 83
23 57
100 100
79 80
90 99
9 55
21 91
32 47
5 54
61 82
26 79
87 90
32 37
31 71
48 87
18 69
17 79
94 95
64 80
21 84
9 36
90 94
64 72
45 62
96 98
23 86
3 21
12 21
44 51
23 31
32 65
38 43
26 31
64 91
15 78
13 84
50 55
57 60
89 98
45 64
70 81
56 61
27 68
55 64
71 76
22 99
26 29
73 91
69 71
63 98
100 100
83 100
50 63
26 41
28 94
7 70
66 67
23 82
93 93
80 100
19 58
22 60
23 45
98 99
82 90
29 41
67 100
75 84
72 98
14 49
58 93
10 33
5 39
44 52
41 71
16 88
18 52
13 23
33 38
49 60
70 76
66 73
68 85
74 82
72 98
8 36
78 88
25 83
69 70
43 84
31 81
38 39
4 89
70 71
46 60
70 75
36 55
52 81
68 73
51 71
90 90
68 86
40 59
57 86
20 44
61 63
84 94
2 9
27 73
73 98
66 70
90 97
56 82
73 97
29 66
82 100
83 98
74 98
16 75
92 100
94 97
85 97
3 89
40 68
49 94
91 99
7 17
67 75
46 48
92 93
77 87
91 92
98 100
39 79
59 64
53 57
73 96
51 53
60 80
96 96
77 84
2 27
19 83
39 66
43 59
38 83
28 87
71 85
47 53
42 45
12 41
16 31
43 60
76 92
92 99
71 96
55 99
36 64
17 75
50 61
73 83
81 87
92 94
93 99
62 97
67 80
43 84
53 80
23 98
6 77
14 35
64 80
40 58
77 98
61 91
6 43
70 87
7 24
67 96
25 33
8 90
90 97
64 68
49 60
17 32
67 86
50 63
99 100
15 40
43 47
100 100
65 65
46 87
71 90
76 78
35 80
88 95
100 100
56 89
83 99
57 84
94 100
60 94
21 41
52 64
80 86
41 88
66 96
55 56
33 87
36 74
52 94
18 99
76 83
22 44
47 65
4 73
16 100
40 54
37 52
67 77
67 73
60 66
33 74
43 79
54 92
21 75
39 83
50 74
98 98
54 82
37 50
65 82
48 83
43 48
19 71
96 98
68 76
65 94
67 91
37 68
49 86
73 81
32 96
1 9
2 33
44 70
62 99
36 64
94 95
60 83
47 48
40 85
88 92
85 88
23 30
54 71
82 96
63 67
59 74
86 88
61 99
1 57
57 89
50 91
54 65
3 55
81 89
86 96
82 99
26 64
9 38
28 29
61 78
96 98
77 79
29 82
42 59
36 43
10 17
97 99
96 96
5 54
50 89
98 98
38 59
10 24
69 83
5 19
15 76
54 64
41 83
42 51
61 76
77 81
86 94
99 99
69 92
76 76
73 93
73 84
56 61
69 77
80 84
64 99
67 95
59 72
83 95
74 75
22 58
33 49
71 95
63 85
12 63
50 54
18 70
86 99
72 73
1 48
80 89
97 100
65 68
14 33
51 99
56 60
90 92
70 80
55 97
22 80
97 97
83 100
14 43
29 55
99 99
12 86
88 88
17 93
49 85
95 99
34 37
68 70
32 50
2 43
49 96
70 76
33 43
21 52
43 58
78 90
76 90
45 57
13 37
91 93
44 49
71 75
99 99
66 67
48 92
28 76
46 62
13 100
90 91
54 69
55 65
65 87
95 100
20 56
16 35
79 99
68 81
77 95
22 63
7 88
6 37
93 96
48 92
59 89
34 83
25 72
90 98
39 81
69 97
82 99
58 91
13 92
16 32
97 100
23 55
86 97
35 91
39 60
1 33
70 77
60 82
2 54
82 98
31 66
13 79
50 62
10 94
22 34
41 80
31 71
11 57
43 71
98 99
28 32
85 89
76 86
37 50
13 22
29 96
29 51
67 100
80 84
81 87
16 30
48 97
32 73
29 75
30 66
27 92
51 78
66 73
84 86
56 78
15 91
34 97
66 98
63 78
48 48
29 35
93 94
62 93
35 63
57 73
96 99
66 72
1 16
50 79
10 60
5 87
91 94
93 100
17 25
33 87
30 96
80 98
69 84
34 95
24 80
35 65
84 85
12 96
25 58
20 76
30 53
72 89
69 95
55 76
66 67
50 72
79 94
9 51
94 96
1 86
7 100
92 96
42 80
48 80
42 89
52 99
37 100
29 61
54 77
26 79
53 97
29 49
38 55
8 93
98 98
85 86
61 100
87 98
26 27
62 64
75 86
74 92
58 85
25 64
32 54
48 58
2 30
43 81
15 62
14 20
48 84
72 89
93 98
48 79
21 30
63 71
81 91
75 100
57 90
51 92
9 56
13 55
86 100
30 85
43 54
42 84
57 84
25 37
7 42
67 95
86 93
37 83
38 83
74 77
15 74
3 10
13 80
27 39
4 94
44 91
81 85
44 81
75 88
72 83
7 83
93 98
81 100
38 74
61 87
79 99
66 84
38 99
54 57
40 71
40 92
16 18
1 27
4 32
96 99
62 78
78 86
80 89
6 36
77 84
2 5
42 83
28 48
98 99
42 93
35 40
67 68
38 94
27 91
46 82
39 100
38 75
59 71
19 56
66 70
47 84
13 75
48 87
80 80
5 85
80 82
48 57
28 46
91 94
84 91
55 72
16 32
40 89
34 71
47 49
40 77
98 100
35 81
76 83
75 98
38 82
76 91
23 53
31 77
69 75
86 88
82 83
8 34
60 83
23 100
34 58
28 88
84 99
87 96
18 77
84 85
62 86
70 90
89 100
56 100
50 75
47 75
84 84
54 95
95 95
27 86
14 85
74 75
4 29
81 97
63 71
50 61
80 90
59 75
73 97
11 55
94 100
75 84
63 78
42 47
100 100
80 88
50 93
95 99
83 95
5 7
97 98
84 96
95 99
22 67
7 80
77 89
75 97
100 100
93 98
92 95
59 64
29 97
27 59
10 17
71 81
60 69
50 62
83 99
6 63
91 98
76 86
41 52
63 75
80 93
13 29
29 74
48 67
47 90
26 89
79 84
78 97
13 38
93 93
69 73
50 93
75 93
71 71
59 80
61 83
30 64
35 45
7 78
60 65
75 93
72 93
42 90
35 58
56 61
75 93
65 73
21 65
41 84
44 59
44 49
37 62
86 100
76 100
41 86
46 93
62 72
92 92
96 96
31 32
13 46
70 94
35 83
54 92
1 47
75 83
91 93
96 100
21 76
59 61
56 70
22 36
43 49
15 52
100 100
4 17
1 17
44 45
99 100
37 79
27 65
72 84
32 58
53 92
30 95
28 43
73 100
68 97
79 79
19 93
18 89
36 75
27 39
65 70
30 74
2 90
11 28
4 60
83 90
56 73
77 81
59 59
57 62
65 89
56 78
38 66
74 89
62 84
11 22
15 77
75 76
86 94
22 85
74 88
24 60
57 62
42 60
53 56
3 40
23 70
64 95
55 93
9 76
87 95
41 70
76 80
30 60
32 37
19 33
38 88
60 70
4 68
74 89
16 18
16 18
84 90
58 99
23 52
14 78
33 59
46 72
39 98
4 6
16 75
42 67
85 88
10 93
30 62
7 23
46 64
14 24
96 99
7 48
56 59
21 61
66 88
21 69
76 95
39 76
59 79
96 96
86 100
46 58
86 93
95 95
31 64
95 95
65 100
57 79
60 98
14 68
13 20
26 44
99 99
17 94
75 96
83 83
92 99
85 95
12 35
98 100
29 38
46 73
49 81
82 87
86 90
46 97
7 68
22 83
77 79
93 96
42 84
13 83
18 68
94 96
13 32
18 50
30 93
15 47
63 100
69 82
27 84
92 100
70 96
15 96
61 86
24 89
20 93
34 66
21 24
1 30
56 85
9 22
9 47
71 92
8 26
6 80
93 95
56 93
4 71
75 96
83 94
61 66
7 98
64 68
15 53
54 72
25 74
90 92
22 77
73 75
26 89
62 90
82 82
50 58
97 100
25 55
15 83
39 39
1 18
77 88
67 84
9 14
28 77
37 40
10 52
17 48
15 52
72 88
17 57
15 51
87 93
54 84
6 97
9 76
33 87
64 70
53 71
75 95
57 93
55 82
44 44
7 37
74 82
4 48
19 24
82 95
32 73
28 45
39 80
68 100
83 95
93 97
26 70
31 49
49 75
3 92
64 86
12 76
19 61
78 85
94 94
11 88
62 81
45 76
38 93
46 78
19 22
28 96
92 99
97 98
91 91
33 39
2 68
22 51
87 90
11 72
44 94
74 83
88 96
12 47
32 67
18 73
14 45
22 53
65 100
42 61
28 81
17 28
79 85
44 56
29 42
26 26
40 63
4 87
31 96
54 93
19 52
84 92
35 83
78 90
77 79
85 93
38 58
19 52
29 56
71 72
25 57
95 98
23 50
80 83
93 93
38 80
41 82
68 73
34 47
12 24
46 81
26 48
11 48
4 89
70 78
88 90
27 76
6 44
47 78
34 73
89 100
3 27
25 95
55 61
84 98
69 90
14 15
53 64
82 100
71 77
22 41
60 85
100 100
16 91
54 65
30 55
23 30
56 82
84 95
8 40
83 100
83 94
16 71
86 92
51 100
57 59
55 72
86 96
31 51
4 90
91 98
49 90
35 59
2 59
52 79
79 93
93 94
8 59
28 39
42 74
67 88
56 92
95 95
35 42
4 77
30 75
27 86
62 77
98 98
11 11
79 90
73 81
66 97
28 90
67 97
28 78
12 79
2 69
17 85
53 53
67 93
86 91
20 61
85 91
23 63
2 37
77 96
12 27
44 65
61 83
75 89
60 82
4 47
50 54
25 51
82 89
69 99
93 96
4 10
46 88
74 96
7 17
4 52
30 100
9 22
1 56
10 31
99 99
59 77
12 81
56 61
69 89
64 87
98 100
66 90
10 19
99 100
10 89
82 85
90 96
36 97
43 88
15 31
12 83
51 58
49 96
97 99
34 93
95 95
93 99
26 99
52 65
23 29
28 82
70 89
57 78
65 80
51 95
91 94
7 12
82 86
95 97
12 69
78 81
55 76
82 84
25 78
40 47
21 58
80 82
84 99
54 61
8 15
90 92
69 90
64 91
23 64
76 87
53 56
60 71
33 51
6 9
86 86
2 23
45 72
50 67
8 77
68 93
2 95
74 80
33 99
91 96
38 64
100 100
41 71
56 77
82 95
55 67
53 100
15 95
59 61
34 92
35 57
42 85
6 39
97 98
7 31
89 96
84 100
25 48
34 75
38 96
69 74
100 100
62 75
98 100
68 84
97 100
76 91
89 98
56 92
30 84
35 42
97 99
23 57
93 96
55 74
95 96
71 82
2 3
62 95
39 80
19 63
90 95
11 14
91 96
21 48
86 98
70 100
99 100
38 48
39 84
33 94
21 62
58 92
78 88
72 95
78 83
60 77
77 96
60 73
59 82
27 29
56 90
39 48
56 88
94 100
91 100
49 82
87 98
56 86
69 90
52 100
24 57
27 72
70 94
100 100
13 34
44 87
24 60
74 79
99 100
56 93
38 46
36 99
50 59
80 80
6 49
98 98
56 99
61 69
34 73
74 92
57 99
80 86
22 22
48 68
88 89
21 63
23 41
85 99
99 99
58 97
10 54
51 100
34 52
9 20
64 72
34 79
32 58
85 92
2 15
84 93
43 66
16 64
38 65
85 87
7 98
67 80
55 83
98 98
86 94
83 89
16 29
37 52
33 77
41 43
61 69
34 75
16 98
49 62
31 79
90 95
25 75
66 77
95 99
63 76
49 67
35 95
67 76
29 97
20 95
91 99
30 98
94 100
92 95
57 86
51 62
94 100
82 99
75 82
77 88
54 95
98 100
94 95
83 93
88 100
78 93
23 27
73 78
96 99
46 78
15 66
88 100
56 95
32 51
2 89
98 99
24 80
77 97
35 79
22 73
41 76
69 93
65 91
55 80
81 87
14 49
43 86
100 100
24 100
5 22
4 43
16 45
24 29
42 83
98 98
83 89
77 82
55 77
62 68
86 96
16 83
69 71
37 79
99 100
23 61
96 98
16 37
25 25
26 30
50 58
19 24
95 99
14 47
15 32
73 92
52 71
41 67
70 97
65 91
79 82
12 37
93 98
86 88
92 98
74 87
36 39
27 47
88 97
62 69
66 93
70 83
85 86
77 83
57 58
28 77
38 82
23 36
77 91
78 94
54 88
5 93
16 59
9 38
92 98
16 23
87 93
54 68
67 82
46 78
62 72
61 94
83 90
48 96
3 92
69 94
29 96
54 97
26 68
61 79
46 95
93 100
81 94
7 26
76 90
46 56
73 78
28 88
26 64
95 100
99 99
10 28
95 100
49 91
27 56
19 57
3 39
96 100
87 91
47 87
35 77
77 90
59 100
62 73
64 82
69 69
53 71
41 85
83 92
26 54
98 100
16 34
29 34
52 67
74 97
69 87
20 38
1 72
19 32
22 37
80 95
65 100
86 93
2 97
45 89
54 57
71 81
83 95
82 92
40 60
72 76
6 96
35 92
60 90
57 81
48 97
94 95
56 83
40 91
86 94
38 72
8 89
74 77
4 8
62 97
93 98
96 99
17 28
17 93
69 75
30 63
4 81
18 69
88 92
46 62
55 72
13 31
88 92
20 44
84 84
51 58
89 94
66 100
54 86
5 92
64 84
13 92
11 98
76 94
51 72
85 87
31 71
86 92
38 86
16 27
5 21
95 97
71 73
34 46
45 73
91 94
6 92
38 96
71 91
57 61
84 92
38 82
86 92
65 86
19 85
82 99
69 96
96 97
3 31
73 86
30 43
44 60
1 75
29 39
50 57
32 55
27 32
54 64
18 68
47 94
82 94
10 33
23 79
37 93
45 60
98 99
82 88
83 96
95 98
6 78
60 98
26 74
93 95
32 44
13 77
11 19
71 91
33 73
92 100
51 56
38 77
29 61
36 48
91 94
72 80
30 63
79 82
13 24
13 64
5 91
74 85
61 97
54 65
66 87
14 96
96 97
49 59
15 82
100 100
95 99
46 67
16 62
81 88
15 66
95 96
23 89
82 87
85 96
72 95
89 94
55 83
27 31
18 48
58 73
71 100
56 83
39 100
96 99
33 88
71 100
47 55
72 97
67 77
48 86
60 86
22 51
42 93
56 73
9 42
100 100
3 24
12 69
98 98
35 84
11 67
57 82
30 92
91 97
15 78
73 90
82 83
10 15
84 87
67 76
51 93
88 98
22 57
74 84
59 74
40 49
28 92
2 26
30 58
76 95
53 98
88 89
54 70
32 59
43 53
61 72
39 89
19 55
11 36
70 92
7 49
83 99
54 83
12 86
29 66
88 100
89 95
89 97
93 97
8 40
53 98
77 97
65 98
64 71
47 47
45 71
44 69
88 93
3 36
70 93
75 93
54 92
84 88
21 25
93 98
70 96
25 75
55 66
26 53
15 87
5 28
89 97
44 91
11 91
99 99
69 69
90 96
26 62
21 82
58 79
77 99
35 90
52 53
95 95
12 49
96 98
73 94
76 98
74 89
1 44
96 96
2 57
40 86
88 92
32 40
95 100
54 66
22 24
64 88
38 71
29 75
23 40
39 82
41 82
87 87
53 74
60 93
74 91
28 29
45 53
97 98
53 62
54 90
63 77
67 99
19 34
56 99
21 99
3 60
49 69
86 96
59 89
42 64
72 94
78 91
76 94
45 52
82 83
39 98
82 100
36 57
66 93
6 71
9 55
30 36
63 82
51 89
68 70
86 96
80 90
59 99
61 69
23 53
44 94
48 91
32 86
52 66
75 93
18 71
47 90
19 47
43 68
90 96
95 99
53 64
11 56
2 69
60 98
79 96
13 50
22 68
56 89
61 85
83 83
47 93
35 76
2 14
45 55
27 43
72 87
98 98
84 100
55 97
41 86
49 73
53 92
70 80
78 82
37 52
41 52
4 30
62 98
60 92
97 99
39 42
19 75
45 87
99 100
98 99
81 93
78 89
42 74
29 41
54 72
19 85
61 71
30 36
11 64
79 85
44 46
25 59
12 99
50 53
76 94
64 87
99 100
84 95
78 86
62 88
89 91
84 90
4 94
51 54
62 69
25 65
61 75
45 58
68 82
17 78
44 61
15 96
24 95
49 91
4 50
42 98
98 99
66 78
68 98
10 45
96 97
5 16
48 67
60 66
86 98
99 100
85 86
89 100
78 88
65 76
61 85
51 85
57 64
63 89
99 99
3 47
99 99
64 77
18 77
53 81
94 94
59 90
33 48
86 94
83 95
26 76
95 96
79 85
78 95
11 63
96 97
86 91
13 49
49 61
13 14
44 52
9 86
81 90
64 80
4 37
82 97
30 98
36 74
45 75
22 51
36 87
92 94
36 64
21 75
11 18
55 81
5 57
66 84
50 56
64 70
53 70
63 68
84 100
43 76
34 65
4 11
8 66
9 58
12 62
40 59
41 47
16 77
64 81
41 73
25 28
63 95
24 83
35 94
89 94
61 98
96 100
16 59
1 90
65 79
82 86
41 68
32 81
14 89
6 31
46 58
6 92
72 85
73 91
69 81
91 94
100 100
1 13
74 75
86 88
99 100
10 36
80 89
66 77
3 95
38 90
81 89
97 99
39 85
41 66
13 19
60 81
62 93
88 91
15 69
16 97
28 70
45 68
37 95
54 60
94 94
84 91
95 99
59 59
41 52
95 98
51 88
95 97
46 93
58 92
74 97
5 91
18 95
50 97
12 78
60 87
31 62
41 78
7 62
98 100
81 84
63 63
8 97
84 90
16 59
49 57
67 67
68 80
91 92
69 83
62 90
24 91
70 98
47 94
77 97
100 100
71 92
77 89
27 33
12 15
93 100
79 93
66 90
77 95
43 78
47 81
38 68
83 86
20 41
44 76
90 99
45 87
43 74
6 54
52 79
10 41
44 46
35 61
72 97
20 39
8 69
22 80
48 87
68 70
60 93
80 94
73 91
87 98
89 100
68 98
35 80
14 65
41 51
10 78
20 41
46 48
24 34
60 96
96 97
87 93
86 100
1 87
54 55
48 87
18 95
54 82
80 90
24 56
4 32
38 69
6 75
34 99
30 41
60 76
59 90
41 70
63 80
41 81
21 47
35 68
61 90
21 35
96 96
53 63
66 88
89 97
46 86
12 53
94 98
99 99
68 68
100 100
10 35
43 100
94 96
60 88
67 79
2 57
86 94
16 43
10 13
90 90
57 92
68 89
4 40
47 54
55 74
26 55
11 27
83 92
74 90
40 78
54 82
54 82
51 76
37 94
4 67
22 56
70 74
7 13
81 100
2 23
77 100
35 85
78 92
78 95
60 94
41 76
68 92
24 82
45 56
80 82
100 100
11 51
29 73
40 93
12 64
96 97
8 81
53 58
71 94
30 59
44 78
37 68
72 92
9 64
10 74
26 77
15 33
95 99
66 97
75 87
77 80
43 61
38 74
2 26
7 69
93 95
75 98
44 75
58 81
91 98
73 80
29 67
56 70
13 71
86 94
72 95
16 84
65 65
78 93
69 99
97 98
79 99
76 100
36 74
3 35
72 99
82 86
56 73
91 96
58 80
84 88
32 76
58 76
49 72
41 88
82 82
17 84
46 58
15 24
23 24
14 85
43 59
94 94
76 77
72 94
40 65
28 44
58 67
82 91
11 42
62 74
61 69
44 97
80 91
36 82
88 91
99 100
44 78
64 95
82 95
96 96
37 49
46 77
90 93
80 89
55 63
61 78
39 72
80 91
40 95
95 96
59 81
34 79
4 79
28 67
31 62
10 33
32 93
15 59
68 80
72 80
54 71
2 83
43 74
27 62
66 86
17 87
93 99
55 79
70 78
26 43
42 69
14 84
13 67
34 59
81 95
47 53
31 100
9 81
97 98
41 57
78 81
5 49
17 65
51 86
74 81
19 44
92 98
4 84
73 85
99 100
40 71
52 54
30 66
83 91
46 62
4 73
29 37
51 76
95 99
25 76
4 72
42 82
7 82
37 53
39 68
90 92
81 91
59 67
71 73
11 21
64 74
94 97
90 93
56 92
51 59
41 52
36 78
15 84
81 81
55 55
27 60
28 61
88 96
68 73
87 100
25 97
1 85
54 65
21 90
63 75
5 12
28 75
47 94
34 98
81 96
12 46
25 31
32 50
62 88
48 77
97 100
17 54
9 80
84 93
83 96
40 87
10 74
77 89
24 86
31 51
84 95
48 79
98 100
22 39
82 88
54 65
97 97
96 97
94 95
88 93
35 99
23 66
37 74
16 97
88 90
11 40
20 32
37 68
25 40
78 94
20 58
38 80
24 95
49 71
62 82
35 51
21 58
48 70
30 35
93 95
49 86
29 33
95 95
13 94
50 90
93 94
72 90
41 90
56 68
8 53
96 99
60 95
29 69
96 99
66 71
89 93
61 99
50 65
24 71
35 90
65 71
70 100
71 88
89 90
11 62
94 98
24 26
91 92
3 56
38 56
48 97
6 24
95 99
24 73
59 61
72 86
7 92
89 91
44 50
100 100
56 64
53 88
90 90
13 31
32 100
86 98
100 100
2 36
55 99
89 100
97 98
74 96
99 100
38 69
31 69
25 90
12 64
91 96
47 81
68 100
83 92
85 85
58 64
81 86
86 92
48 96
49 90
79 93
9 18
90 99
60 85
45 94
5 18
23 70
74 94
58 60
76 97
58 76
78 89
41 69
55 91
61 85
3 35
54 54
37 86
96 100
4 98
6 72
85 88
10 74
35 74
31 41
76 87
17 64
65 92
52 92
10 69
97 98
99 100
60 92
88 93
76 90
34 92
94 98
48 98
67 70
43 60
69 77
70 75
34 49
58 65
13 66
75 76
7 23
18 89
99 100
37 96
74 95
26 92
72 72
4 60
2 14
48 57
46 97
6 8
61 76
14 50
16 69
31 43
87 90
95 99
73 85
72 88
51 97
21 41
1 98
75 79
7 16
84 93
97 97
40 86
3 38
19 100
2 40
84 88
85 89
62 68
73 89
85 90
78 90
29 42
64 78
52 96
38 72
95 99
70 75
84 93
99 99
43 48
22 69
20 28
66 84
31 95
63 82
53 96
47 86
24 44
28 94
19 64
44 86
7 41
45 55
75 85
77 88
89 97
60 61
3 20
49 77
47 59
48 90
11 72
86 86
1 83
16 57
76 76
40 82
34 48
47 54
96 100
18 29
69 99
72 79
47 90
10 18
56 76
91 96
55 94
72 86
9 50
65 81
96 100
26 85
91 100
71 83
87 89
33 82
84 90
27 99
98 100
61 65
12 17
20 22
73 90
84 100
70 96
41 96
70 80
58 95
54 90
93 97
13 77
34 62
60 96
47 85
79 89
30 45
67 95
59 95
22 93
78 92
54 73
7 76
22 60
85 89
15 28
14 66
8 47
81 82
39 40
22 68
78 78
86 88
39 41
9 85
77 80
26 79
44 60
39 91
68 97
94 100
91 96
25 76
14 87
70 81
53 64
8 36
56 91
48 98
70 77
37 51
46 59
85 92
1 67
45 69
97 99
89 91
41 55
22 39
7 58
74 92
24 37
7 29
96 98
65 98
87 90
47 92
29 70
22 37
87 92
26 28
24 63
75 99
13 59
1 37
97 98
72 82
38 38
45 58
54 71
3 79
71 86
15 42
27 92
45 85
96 97
1 12
17 54
90 97
20 88
30 48
90 95
96 100
90 98
49 96
42 52
52 90
20 97
66 99
71 81
6 12
79 89
38 100
85 92
56 60
24 57
82 89
13 65
75 91
88 89
15 44
69 79
59 95
92 98
7 48
93 94
66 80
53 63
69 92
54 59
53 95
83 90
96 100
54 74
84 96
25 89
52 78
37 41
80 93
50 66
30 39
73 86
20 39
72 79
35 45
50 72
15 53
72 100
96 100
82 94
59 76
92 98
63 75
44 94
92 98
78 97
79 98
100 100
96 98
94 100
87 99
64 97
36 37
48 99
39 98
51 95
76 100
85 99
92 94
38 85
86 89
49 84
63 69
25 91
30 32
94 99
21 38
21 22
55 59
90 92
19 42
87 90
59 90
24 26
23 39
37 90
82 97
18 86
17 86
8 20
31 74
65 84
41 44
91 91
96 100
82 95
98 100
22 50
65 74
45 86
8 37
3 11
44 95
9 68
57 82
9 30
10 72
29 58
100 100
72 90
91 92
84 92
100 100
22 22
61 65
81 96
16 17
47 82
21 72
66 83
35 99
89 95
91 94
48 80
41 59
39 44
85 94
60 99
75 86
25 44
43 50
79 89
86 94
61 76
68 70
6 65
36 88
42 78
54 88
61 63
4 88
57 96
85 90
43 72
49 77
58 86
100 100
31 63
51 89
90 91
89 96
20 35
46 98
39 73
44 71
25 81
73 79
77 80
51 94
92 98
69 80
37 52
47 62
46 90
57 89
25 64
100 100
32 92
56 93
41 90
64 77
30 57
61 70
91 91
67 75
91 100
35 88
98 99
44 80
55 99
74 85
2 81
98 100
98 99
31 96
54 96
82 99
6 70
27 90
83 91
10 99
73 77
43 64
42 92
11 59
6 25
21 98
41 86
89 96
31 88
56 77
24 88
34 99
33 71
51 73
49 98
23 77
64 79
82 92
60 87
28 50
95 100
46 91
19 23
11 39
85 99
24 65
30 41
41 77
21 42
50 74
62 63
82 82
54 98
75 96
8 8
100 100
82 96
10 82
62 83
28 83
67 89
70 98
17 29
74 74
36 91
6 68
97 97
4 79
10 13
54 71
43 47
6 24
24 59
67 73
29 86
38 69
90 100
27 43
66 76
37 90
96 97
97 98
90 91
47 47
65 76
76 82
24 96
62 81
12 87
91 92
69 99
95 96
83 89
17 20
50 100
62 73
60 74
2 97
29 52
93 99
82 87
79 90
43 61
61 84
34 100
38 83
95 99
38 47
47 70
22 95
60 60
58 95
69 75
74 87
19 62
90 90
49 69
41 44
60 76
2 96
99 99
90 95
40 51
27 62
85 93
77 99
25 97
20 28
81 84
95 95
31 83
72 84
34 72
10 83
67 98
21 51
58 76
65 92
3 94
75 97
22 55
3 85
3 16
84 92
75 85
91 92
37 40
49 91
49 55
28 79
85 88
86 100
15 57
58 61
48 95
25 84
80 95
46 71
76 82
30 47
31 83
57 69
5 6
4 56
35 97
61 89
1 37
45 83
66 81
77 82
32 83
93 93
13 73
56 70
75 94
15 32
61 72
10 19
88 90
29 65
15 19
96 96
79 80
99 100
36 89
79 99
98 100
31 76
20 87
68 99
97 97
62 80
86 91
41 67
41 69
64 68
37 60
73 82
40 57
95 98
19 36
23 43
78 98
28 30
42 52
99 100
48 63
67 77
69 92
61 85
88 98
26 57
90 93
13 29
67 92
25 51
69 96
73 97
68 88
79 92
53 63
79 85
70 94
74 84
74 79
5 71
74 75
6 15
84 88
14 87
28 49
86 96
34 83
13 33
25 83
76 89
39 49
2 86
78 87
64 86
41 45
54 73
73 81
96 98
25 84
38 69
95 98
53 58
28 80
68 99
36 98
7 49
95 100
67 82
73 97
28 44
55 84
58 71
43 47
76 79
44 53
12 50
28 37
34 57
29 77
100 100
49 83
21 37
61 95
82 94
5 16
26 95
79 85
48 93
31 98
19 94
22 97
69 83
68 84
37 77
60 87
51 75
92 93
44 67
98 99
96 96
52 71
30 87
53 99
68 92
78 97
28 30
34 87
84 90
62 65
74 75
13 35
1 20
33 73
2 44
65 66
92 96
45 53
93 95
9 14
46 84
15 36
95 99
15 19
85 95
90 94
54 94
9 55
92 99
97 98
31 93
14 97
2 88
45 69
90 99
84 87
99 100
45 81
53 54
92 95
12 47
45 77
48 80
54 71
74 96
31 68
73 90
41 98
10 39
78 99
93 96
25 34
62 66
71 97
24 96
2 42
61 68
17 88
36 57
42 78
2 71
96 100
86 97
27 74
69 73
46 59
78 87
40 64
67 76
6 11
54 69
99 100
73 90
36 90
31 38
93 100
4 63
86 93
93 95
59 85
78 83
92 99
62 70
1 11
90 97
12 100
99 100
78 85
83 83
94 98
32 94
1 5
97 97
43 80
22 23
89 96
57 68
45 45
48 74
33 40
8 58
92 99
1 55
63 83
79 86
97 97
63 73
80 84
8 61
30 78
30 59
17 17
38 97
95 97
8 93
7 61
24 54
74 82
42 45
70 73
22 60
15 56
44 83
89 91
25 47
39 95
44 68
8 27
46 97
72 96
86 95
75 77
82 83
54 67
49 77
24 39
58 75
47 93
39 51
64 81
88 91
75 78
76 95
92 96
96 97
3 93
55 80
69 92
86 94
21 74
22 23
48 54
37 75
69 88
61 61
34 90
93 93
93 98
26 69
15 71
16 30
29 56
2 67
38 38
61 81
74 86
97 99
30 90
27 57
50 76
13 16
10 93
1 53
1 5
15 87
93 95
26 33
80 93
87 93
85 96
54 95
49 77
55 83
83 88
82 88
84 88
43 89
28 86
67 95
79 87
26 49
28 99
35 90
98 99
94 100
98 100
49 77
38 73
31 89
69 74
60 74
53 69
64 76
60 75
8 61
59 89
47 93
74 92
97 99
30 70
4 73
37 69
31 71
66 85
5 56
90 100
80 96
49 83
35 57
6 80
82 91
14 17
6 24
66 99
87 89
100 100
92 100
55 72
54 79
84 93
81 96
38 68
82 95
58 69
40 80
59 85
31 50
79 96
56 80
21 82
30 34
61 75
54 89
67 87
64 86
92 97
52 55
71 87
46 65
26 61
19 99
42 95
94 95
43 63
47 91
21 49
35 98
16 79
2 15
1 51
80 100
51 69
73 74
43 98
73 94
4 63
12 41
27 75
63 86
52 66
61 76
96 100
15 79
85 97
93 100
73 90
23 61
83 94
36 49
69 98
66 86
100 100
84 94
35 77
23 57
8 46
58 95
9 49
21 25
80 81
58 95
76 92
83 91
70 71
54 72
5 86
77 83
14 16
94 95
89 89
88 90
46 69
8 40
32 45
6 17
2 9
29 94
21 90
38 84
3 19
97 99
11 100
19 92
43 62
30 33
41 61
21 65
66 93
61 75
70 84
100 100
78 78
90 91
96 98
71 82
31 87
39 91
64 100
63 83
22 58
29 92
31 100
27 29
57 86
8 73
74 83
17 50
32 32
58 99
42 53
31 67
20 49
36 88
51 51
8 39
47 96
66 80
20 90
91 91
6 15
1 52
100 100
72 72
40 42
96 99
1 28
88 96
92 96
98 100
36 45
61 88
31 50
21 59
30 46
70 74
73 95
97 100
12 12
10 26
59 67
20 72
79 93
68 73
95 98
43 46
28 40
71 73
41 67
26 70
95 97
59 75
86 91
23 39
95 99
69 81
28 94
6 38
31 47
59 85
35 77
38 77
77 83
28 42
77 80
61 99
43 66
90 91
22 83
51 92
40 80
99 99
91 95
71 77
82 92
39 70
18 20
71 91
93 96
51 96
27 99
91 99
64 79
4 18
99 100
85 92
83 86
35 90
72 99
90 94
22 26
14 70
43 46
22 54
4 15
76 95
47 67
99 100
92 100
92 100
87 88
70 85
8 37
82 92
96 97
51 51
13 76
50 77
78 91
36 100
96 96
84 92
22 36
21 70
94 98
6 24
10 35
57 95
24 82
58 60
14 93
50 81
94 100
58 78
87 95
52 94
63 89
49 58
43 72
78 94
78 86
38 95
78 94
82 90
33 39
53 72
58 62
40 71
86 94
7 92
23 27
38 87
68 91
57 90
82 90
89 93
53 82
97 97
9 72
1 20
86 92
18 73
32 83
52 58
79 94
19 68
49 94
50 99
47 86
15 49
24 83
98 98
45 97
49 50
90 100
67 71
28 59
85 88
93 94
18 70
63 81
53 59
45 87
21 84
36 95
12 30
91 98
33 92
20 63
8 49
49 61
74 100
56 73
47 65
32 76
38 86
89 90
61 86
83 97
18 85
8 17
75 91
49 81
26 30
38 83
86 97
7 38
76 89
31 36
71 98
61 100
53 66
42 92
7 93
4 38
93 98
22 88
48 72
66 78
18 44
81 87
41 93
3 59
41 96
28 95
65 90
64 83
30 51
16 44
88 88
59 94
27 49
94 96
55 94
32 50
96 96
43 49
59 71
13 77
31 44
60 66
77 81
42 62
25 67
37 62
43 78
44 91
26 66
33 39
4 63
33 79
52 57
35 65
47 63
1 23
48 70
17 24
8 36
98 100
14 93
60 100
20 21
4 75
44 72
37 47
96 100
92 93
3 61
89 96
9 23
76 93
27 92
89 97
29 67
32 83
98 100
6 58
83 93
93 96
13 18
40 43
74 86
65 71
88 90
6 20
38 65
88 99
41 96
23 53
24 46
100 100
72 85
65 84
5 97
49 50
3 64
46 74
70 85
77 88
91 100
93 97
33 68
19 77
16 100
31 66
85 94
47 54
64 66
63 77
93 98
83 89
56 71
9 46
85 89
46 75
68 99
2 51
26 30
53 72
42 60
78 84
65 70
84 91
22 60
87 92
47 89
96 99
7 48
3 54
73 99
58 100
71 96
85 92
49 90
96 99
14 57
83 99
43 76
19 80
55 69
10 50
99 100
82 89
24 68
83 83
8 34
69 99
9 45
34 100
34 99
98 99
52 89
70 99
87 87
60 68
62 74
26 56
6 99
23 42
43 99
81 83
98 98
1 44
85 87
66 71
18 26
78 100
69 90
59 67
85 87
100 100
39 52
69 72
47 99
79 88
13 48
49 97
77 90
28 81
35 66
96 96
68 74
88 89
80 80
31 76
26 61
74 100
54 91
79 94
34 49
8 9
49 57
84 92
39 95
93 96
40 76
88 99
97 97
57 90
29 90
25 86
56 62
58 63
16 25
26 43
60 94
8 18
95 95
1 94
99 99
44 94
75 81
11 31
79 85
56 83
76 88
49 89
58 100
40 77
100 100
84 91
27 58
42 91
36 86
40 49
25 32
30 31
80 100
36 58
12 86
65 71
50 77
95 96
97 97
45 82
26 62
23 91
61 89
70 90
10 45
82 86
77 80
49 59
91 94
55 74
63 81
76 96
89 94
24 92
91 97
15 37
78 88
74 82
37 96
36 84
63 71
81 96
72 89
15 30
96 99
24 64
84 89
22 100
55 65
23 45
98 100
33 84
41 80
74 77
40 75
53 53
18 78
87 96
93 93
63 73
68 79
12 84
64 78
54 65
20 44
32 35
72 85
32 83
10 15
9 58
100 100
52 59
72 96
60 71
100 100
50 67
2 73
9 41
74 99
80 99
94 97
79 79
97 98
86 92
25 97
42 74
79 81
89 100
27 38
78 96
82 88
11 86
74 91
41 97
74 76
88 89
51 92
37 47
99 99
49 86
54 91
41 50
80 82
