91 14768031
13 29
9 66
100 100
18 95
2 11
1 99
57 65
77 93
25 87
15 66
44 62
20 33
90 94
5 24
83 89
59 99
44 72
51 54
18 29
38 85
11 67
94 98
99 100
95 96
20 61
87 96
42 89
75 92
36 100
4 61
61 68
74 97
24 32
16 87
92 93
95 100
1 24
70 98
49 81
25 93
72 97
31 47
64 98
30 60
42 53
42 65
59 76
78 93
63 83
66 74
2 59
4 33
6 97
47 76
39 82
7 89
39 100
99 100
19 47
1 53
3 61
5 74
73 75
82 98
60 68
16 74
17 29
33 46
25 97
45 63
58 74
41 90
32 59
95 95
37 83
20 100
74 74
77 92
36 77
55 60
80 86
67 80
4 68
30 32
47 49
30 39
73 97
100 100
28 66
84 95
96 97
