116 47839041
72 81
7 65
72 98
21 35
91 97
10 86
74 84
6 78
49 75
33 98
29 46
34 58
59 68
12 70
46 52
84 99
25 48
78 96
50 64
16 43
52 79
25 90
54 81
59 66
70 90
94 100
87 97
10 36
59 94
45 66
69 94
55 57
13 84
28 46
71 91
66 82
56 68
84 97
97 99
52 55
25 79
94 94
80 99
42 66
30 52
54 82
36 45
61 93
48 52
6 9
92 99
19 83
39 77
38 94
95 96
68 69
48 78
52 75
36 83
85 89
85 99
37 59
26 33
51 87
50 71
22 40
72 82
71 100
93 93
100 100
5 67
51 63
62 69
63 94
63 94
23 39
95 100
88 90
32 43
88 90
100 100
62 63
91 98
83 92
39 56
88 93
18 77
10 66
72 87
52 79
18 100
60 73
80 82
51 56
72 92
20 62
17 69
9 36
5 73
10 72
35 53
56 75
6 74
91 93
8 41
9 27
88 98
21 98
16 24
44 60
60 71
7 73
93 95
23 93
95 99
100 100
