100 1 10000000
8189466
9530207
3716142
9072386
7416581
7184892
6191659
3355829
1888394
5759722
6859503
3091795
1637830
6236807
8774952
7555487
4228759
216218
6392200
10000000
9493025
1555273
2113858
5951486
9203273
2377248
7348242
8967625
8298556
8617617
9626162
6547891
9987689
789999
2674406
4015665
3167107
846066
7296369
1497181
5800064
3525686
5671581
2424951
2394524
7111611
5786168
3640671
9832279
4525158
2938897
5137053
9227507
8547583
9766655
8182874
6544375
1032498
2824410
9739876
1358382
9592462
7113344
1486126
3370281
2383112
7020498
804173
8479033
4182009
6792244
1738876
3373686
7068
6349072
3045273
1204411
6746257
4610388
3257382
3580327
3886173
3739247
4645193
9369501
9466088
1399000
825548
1237829
9416957
6208519
4779933
9525513
9816909
2468986
3793615
8346009
4890092
220850
3920408
