10 10 9999999
5612308 7845969 8823574 4352099 9927670 8493986 5526379 4403141 4133549 8456432
1590620 4422710 6289441 9734751 423571 836458 2170459 3931093 1495193 7108251
3083785 7308285 5931617 3157381 6719102 1549383 3396926 8079593 1094703 2849894
4957544 2454286 5013943 4317392 1625852 6062907 9949140 9932226 3298041 8862271
3226727 9954362 131523 7738730 6647288 5514107 7689251 4096657 805040 7939980
4076101 2160781 1531614 535097 3628984 2500796 3123187 3328273 3810930 1233023
1413 4656486 6688842 7845819 7661391 7161936 2792316 5468120 3781680 9780650
8104617 5060421 697256 4867092 6270420 2511858 520414 6588271 2795109 8516436
2728604 6815332 8411818 991588 5135441 826973 5382993 1281952 9420174 665099
5502064 5486857 9498890 8768606 7316222 8102436 5013534 7749648 3416791 1591289
