10 10 9999999
3695732 1394813 7828319 4948873 9020027 2972763 265658 2619833 5067705 760615
883764 5982454 8865339 4561184 2393894 8284375 642373 3211355 9893212 1148299
147533 7456063 782231 5031764 4065663 6892295 1458443 3471750 4617527 5149764
7444067 6740364 4356234 6260825 2427961 3433316 816573 9195005 3917982 1652382
9667020 8315580 7297304 7273184 9581285 7075190 4003358 6388197 9495658 9692639
3789214 4412537 911603 3001213 1621880 8828031 3464778 9374894 6966785 5766635
2530925 5538591 1930881 1800393 7497615 7624789 7090101 4336948 8120471 4383784
944973 6497503 1026079 2369603 446191 758800 9386870 9058854 1836466 5214752
3599647 3770788 6826148 5836412 9344976 9955941 8144965 3714599 9527924 6578917
789002 2993974 7836201 736371 2695131 4927826 7752643 4975795 299925 8246714
