30 10 9999999
8603718 225651 7315598 7463451 2426648 2377873 7288483 2051631 2279507 9025114
2186183 966958 1537130 7275386 6241673 2138862 3340198 9920275 238475 6292346
800545 35512 5506562 7870353 2053707 1653874 8341687 9127460 5203561 7744959
9505672 11228 4298000 1827726 8991591 2821137 8819758 1644484 3050970 9384660
7638274 7492793 7715450 804198 177055 5864636 4458740 9999935 4060653 1654155
1290251 5236488 6191016 1599708 2499475 1286945 2246239 5514583 1992696 7782684
2614262 6932762 3995189 6265536 286245 6187572 1864157 5460103 3940342 6534442
5436438 205856 6486475 1586164 7192473 3864685 5355349 8314497 1396020 3006854
2276894 415407 1369544 4263733 8542849 7717588 9459146 8800632 6908844 4285240
3052358 404099 6786853 8998424 8468312 7772987 7346114 5170725 1831345 5655611
6790319 3856899 5337752 5744083 1582060 5689546 6631142 6352644 2205517 4283657
5664009 4286085 757880 4160062 8781314 956353 4404458 4560223 5192423 1120215
8965491 8937044 9272545 8221593 2428597 7014650 1999663 6783629 2833961 975777
818210 7833071 5135769 2862223 880031 1659693 6499239 6683516 8879904 3123818
4452037 4929556 386227 8562939 6136891 13688 186617 7985901 6050981 8988349
2903208 4145661 2231282 8255467 710666 9081374 5158502 4540159 4291708 9329271
1740824 4040297 5054064 1208034 5438069 9160207 9832299 8204271 4696379 4879304
8514567 6050142 7073279 9000034 8669682 55465 1612712 4924957 9945838 1206520
6979441 9344686 2974287 8323498 2840299 8830013 2841728 6437715 1815032 836839
7309310 1658936 7865041 3555516 341851 8627925 2911106 3525954 3021117 898903
7757289 2837360 1305948 9965219 4959290 5891508 5483527 6559437 7857277 7825518
1753120 2166690 8935823 9153651 8801563 7630622 4160029 7542794 5625475 2550774
4516780 6953330 8173174 9268880 9735060 1336794 9146660 9972486 6263296 5591528
1744595 7746727 5512303 7742643 4689502 5965942 894646 7387593 8384049 3811113
6060028 3870634 2729807 691115 6417725 3994826 4895821 4310298 2133320 2163091
1107028 1649354 4935489 327905 1534754 7443648 5373855 2817028 6983689 7464375
2878511 7210561 7851119 7372575 8511247 9230674 1338573 3116825 7742644 3080545
4591921 3486332 4160229 6956433 9537979 9281747 5333821 4663285 7523107 8344157
4550573 4384791 7551794 9088524 3237751 1420915 7210436 6572934 5143732 5531769
4322381 9170087 7985999 2296462 4301520 8008189 8497160 2433035 173417 6375755
