100 10 9999999
4417674 1798183 763006 552682 6524894 6120007 3117033 7719563 3201452 2643867
3013927 4707260 6522672 669326 3693335 9927769 8650890 8180875 9933115 1399681
3359423 6503173 154553 4711447 4887863 530800 5569371 3027011 7411773 3920453
6990992 369519 8417794 957826 8294761 9538635 1596955 4245160 3080476 9207114
4886142 7686972 1266949 790435 8035465 8662854 4394912 8654160 4702843 3735508
4861456 5498386 6858233 5275000 3122971 3794283 4528395 5484614 2300844 5249954
3781788 325720 845520 9784643 4188925 6148042 2531769 8243613 7241186 913981
5471678 7700930 4012771 5329368 2604505 3008394 4296829 6364866 740007 1472912
3059343 3932202 6594796 8959795 4986333 7546560 4008461 9463703 47633 1352889
3336851 225570 3699637 2340942 6139951 4490495 4412218 2643645 3155504 9849886
9448691 9385031 7906574 4343090 1360667 4247856 8804067 3413425 2169035 5353411
121581 4521944 2792837 4710987 2493710 6195621 8073516 5537563 8132172 5756379
2963081 3704839 4835153 1057665 7760072 4638825 5051627 7889123 570488 8543261
1558029 6674448 4486671 2991109 9174733 1583450 5688932 8238597 9134436 7444185
7971379 8174984 8060977 8441832 17949 5157625 4959670 7520294 8724773 189259
3440281 5905655 2308276 9667058 2990117 4743041 4987029 5673960 476999 26543
6992762 9882537 2184337 4612913 1779701 9079735 8304570 8968570 9167616 2364310
6062235 4310209 8574326 9192529 9294900 1249537 4508311 9077619 7183013 9864185
573704 2341135 2529205 9423020 5305680 3086265 5817039 1485281 1890141 8851723
8350464 353188 5891325 1672097 9334906 5406916 1557349 7159709 9095445 7762771
7227310 7751588 2413512 8499753 3159122 2028382 817076 4259809 171572 7266042
1821978 725979 6984725 1716904 7452127 8796600 9863456 9792541 1928591 5031393
7324639 6506898 2371032 9713665 7370819 8139206 7188490 5132934 7705120 2105976
4115102 8691748 4090798 9048173 3684652 4970450 7651593 3999344 8794227 9765066
6673330 3504716 3154133 6865805 289933 6468820 5270616 7429597 885857 5910237
3316390 2655810 7246043 855486 6286094 9837702 4556299 6904406 7788673 1598137
4681188 925958 3533589 5571117 9927616 9512243 9430918 6682362 6124379 9398086
998192 4609660 5544915 6031019 4823574 4025936 5610287 1558869 2704734 5346267
2805076 8824121 4536019 4121539 8325393 2769998 3998690 3253875 2544405 1051795
6265245 8209820 6513907 3087369 4949691 2758063 3791141 2122165 5547030 4664931
7246086 3636256 3439403 4735797 6043735 9877847 2228382 1200739 5487291 9865322
2803251 7940848 314810 1576177 4561494 2974244 4275650 3158786 1059732 3833737
397473 7668157 2725408 5411439 3814285 1889729 2255183 5454440 1704988 242611
2129308 4492109 9602380 1845822 9267877 9815735 1996668 7546126 5835179 9238790
2706929 9833044 9820310 5905758 6413522 2264773 1617263 9543589 4011437 6860315
5118437 7184263 3294064 195730 7958601 834162 1916528 8771692 9249297 226970
5106789 4633454 2904792 6757878 7082476 7510753 3900380 100289 7307780 1244306
2251775 6039930 825746 1517010 9024328 4650724 3233757 3826806 4287583 3043079
7309970 8707288 3379092 199469 99905 6558036 1096024 4964582 2818014 5549004
4458050 826500 3171009 7829029 5370379 4618784 1187622 1229512 4278802 7337875
2897454 4044321 8926682 4996222 6389980 9099427 7665287 4144706 4573977 8948291
2378469 8989833 8351409 2614777 1293025 6520635 6641748 1160002 3874573 6041738
4186262 8046880 395680 9317735 2436719 1378328 252276 3015306 200891 5306547
4471303 2484718 6759354 1833854 9383290 4677586 4459281 7608202 5458581 7463865
6632136 4461164 2450241 6558955 1475531 2188862 5970444 6632050 1066729 9230492
9158057 6647198 5343832 3657896 6616045 1223553 2269102 5730951 199507 6884596
1782889 1073890 4199801 729488 1579241 4114918 2856353 7816886 1500785 9217348
4877361 6915592 6431913 1382321 7747635 879597 4500255 4756455 645462 3538321
8944833 3119523 591211 2838498 7580644 6223781 545768 7908884 5675969 7960755
114537 5197470 1980402 8671766 335530 3818171 3920762 1920667 5873678 194539
686266 1214867 6251035 1916271 1759997 4181971 1042044 5195472 4891629 8125237
1483518 1811672 3303579 741653 5090963 5933079 9151099 6227670 4898130 4476000
220005 4795227 909812 8360649 7665686 5432845 101849 847023 3350573 2654171
9550209 746927 9148718 1950518 3634452 108206 4716034 1114641 2989915 4153427
2925941 8975975 7754052 4065543 9060279 3762484 8268769 6765436 4654556 2013947
8405738 9266595 7772636 1775295 9672502 8797492 6537619 9955210 1843654 234794
248642 3708137 3129147 481348 3561996 3352941 9815387 309894 2450938 8228267
3982480 4140086 2474360 8685885 9242728 9971551 8250581 339136 1546006 2216529
2309447 463956 8493680 956063 937701 6772895 3269359 7871519 3722539 3146
8764850 611438 9804921 1530626 5759867 5788522 2978964 2715896 1952432 3663286
9215268 4627426 4841819 3553081 4895925 8138616 5627819 7347743 5191606 6450167
8237041 9949654 2018940 6648865 1720228 7254547 2527552 7252028 4083549 5016779
979101 8091151 438107 2825402 5980947 1087976 4588289 9443039 3675527 3447448
2033235 1642366 7959233 6265332 2650109 2210589 9030636 2358870 9273036 6752391
6012313 6515483 9485362 4400460 7708092 1488035 7129670 9049279 2778286 969940
7398082 1658230 543401 7813015 391044 797262 5093199 9923417 7149069 7825253
2462756 9067788 1650693 2142110 8214799 7484451 5733301 5788832 4991965 1151385
9540875 7060823 3846974 8191979 5797402 6445042 8902 9960985 532247 6641891
7637101 6447017 3550301 9662434 2374416 4871844 7963882 2982891 9356654 5982872
8332640 1634491 6794923 8194836 8673157 7582806 1156688 7886511 296131 6999556
437321 4289153 4980648 9510352 3554662 7991079 9256039 508552 9519834 3511236
8466518 621248 1633983 9174651 9864558 4456911 3132304 3701110 6444494 4541903
5143470 9053410 4727352 9710625 1860188 7927792 1289747 67175 2869827 412118
151271 3927433 8279407 5160268 8624868 143153 1466703 1651216 3422043 8021326
9208377 9759842 3798851 2967573 1792355 8367240 2192438 4351995 406507 8459595
8835441 7612092 8042321 2236793 5056983 8049496 6326136 3961185 3940207 6280592
5374888 3016922 4019810 925037 8271887 2621244 4997630 7433530 6836667 4052453
5643317 4557829 1902241 3795381 7343390 6872098 9386906 6252818 7716595 3428904
3875297 9687525 7238418 3452274 9666710 8390300 4291581 8757662 5525822 9419174
8408282 6749074 8576192 4927354 3698163 2980210 9335401 9323920 4539830 4125995
3703657 4843494 7822774 9121772 3871188 8104572 9355944 3418023 3828643 5555928
657255 6312341 979504 42243 2913649 4087471 2683965 7177099 623976 630070
6210798 5256831 2768914 4653611 7634762 1294326 7892826 767831 1435198 8188168
6894924 1401541 4423066 3933139 3468316 5138499 6297746 3831927 6861600 2201189
5531838 9463195 648146 4907266 8747546 6082790 283727 2884789 9452167 5673350
3111770 6346333 8800584 8167341 8058457 2010141 8895750 2975374 4875863 281181
8708173 5661029 9187585 5325639 6597644 6381676 8238889 1433163 4692761 5969639
9380294 6887707 3909419 3211801 2936306 4229423 3514078 8947276 8050923 1649347
9870258 1186894 8870930 3788756 8548621 1205102 3438575 2005543 2062900 4523267
5901611 8170946 4796758 4345445 9788180 5381745 129921 7922674 1931421 1716802
9560363 9484043 1957339 6121865 718634 4725268 2909321 8719325 2200892 1191031
2460677 1674137 428289 6544418 7261520 8231516 7957627 2811524 5687570 1142153
7506197 1978388 8663189 827720 6721049 4622282 1911365 5977603 697016 720804
8991798 5730410 6236295 9064227 4994590 9441136 7960700 5914699 330582 2822987
8439029 7503782 3547357 301304 3886129 2945218 5187285 3502260 6626004 5684398
963972 6319236 1962728 4514561 9399125 5494062 5910871 3112787 6962516 812478
516210 7770306 1625142 4494594 6349165 5979375 7694286 7635214 42464 2125822
3070233 8424505 3567175 1643546 3657011 7796254 6051459 628974 6475232 9687452
4912600 6726061 4141444 6111063 6771437 6332299 8556715 2873396 959311 9816769
8171394 3713249 2812269 8944781 8029788 1101003 5704093 2507439 2827182 4111781
