100 100 987654
17515 16509 18702 14341 14579 10543 16977 16515 10141 13959 17494 19825 16905 13272 12014 11506 17089 14590 11451 13242 12554 11645 15071 16394 14090 13313 15791 14374 17388 15547 17293 15892 15490 15652 14265 15360 15196 19299 17695 15737 11522 15670 11548 14852 19079 13907 12533 13004 12722 18277 14253 19434 15268 18884 17574 19210 13065 17419 16992 13110 16063 14672 16747 15661 14678 17225 19306 13782 17602 14672 19027 16206 13385 14702 12122 10078 12702 17287 13279 15434 16609 19449 19949 11507 13579 18093 13970 12000 19811 11880 12245 15324 16095 15593 10374 13496 18398 18847 10492 19061
10664 17903 16758 16027 17465 13441 14096 13037 15357 16363 19887 19266 17733 15913 16862 13519 16499 18895 11002 11696 10489 14589 13064 16477 13302 10618 12793 18072 17903 19024 12178 17487 15214 12807 16625 10463 11863 15755 14018 18847 17897 14204 18590 16590 10143 12283 19412 13245 15706 17034 16157 11460 18139 12506 14667 14232 11005 12008 10671 13295 13533 19461 10084 11249 13293 13618 17334 14681 11980 10184 16558 18954 16913 14220 17208 19908 18692 17578 10680 10846 18653 10197 15995 11537 17512 12812 14842 11684 19692 19697 16770 16885 18572 14581 10260 17368 16707 10676 17295 19346
16104 15092 19190 14966 18403 19819 13973 13316 11570 19632 19119 14870 15745 17270 19247 17310 13004 16750 18177 19569 10314 14977 12504 18828 16389 16907 14805 15331 17743 16056 12990 16818 10830 20000 12885 19121 11477 17829 15849 19888 14645 13962 15073 17418 10013 10647 12883 12278 11920 14779 18322 18537 12434 14945 14613 17041 14376 15235 12525 12025 12540 18489 11490 11932 19174 15967 13928 18167 18987 13644 18244 12900 16170 14880 13908 11896 13036 13717 14416 15859 11125 11922 15391 16686 11523 17710 18687 14430 14948 19182 18664 19191 11303 13262 19921 14211 16463 15689 11532 19041
10390 18190 16377 11538 10832 16868 12235 13719 10212 12840 16204 12785 19279 13168 14672 18742 15868 14730 10976 15392 19547 17838 13832 16928 16443 17598 15365 10995 18377 14655 14313 16602 10248 13150 16266 12866 18621 15718 14860 10489 17140 12550 16500 11697 18859 19152 10983 16566 12424 17751 15711 15156 11709 16370 13742 15802 12792 12247 13185 13012 19482 10029 12358 11928 11015 16513 10906 19354 12890 17173 14853 18138 16597 16723 13683 14719 13578 18510 13930 18500 16078 11195 19423 17937 12386 10868 11921 10980 14526 15604 12002 16570 15250 17831 18021 14464 18969 19114 13880 15238
11397 16124 15033 15904 13210 17297 18176 10664 16807 14398 18812 13590 13529 16045 15389 10256 13208 16196 18677 19542 19691 11417 17319 14121 12681 15360 14564 13765 19546 14119 17210 18722 14314 14728 17452 16098 17831 18776 12450 12461 14365 13878 18707 12378 14043 10844 12173 11233 17675 13085 17366 18803 19183 17190 14703 14989 12416 10893 12435 12487 15546 15416 17242 12700 13655 17901 12348 17591 16970 14892 14072 10531 12439 11364 15982 15891 16834 13450 17210 13217 19625 18486 13213 13244 12293 15852 19575 16790 11826 16573 12048 17703 18519 11214 16298 11377 16784 14395 14988 16103
10621 18791 19285 10926 19535 15753 10401 10698 12026 13472 15004 17476 17183 13522 13562 10452 14317 13705 15947 19287 11138 19946 12544 10026 17343 11292 10832 10123 14567 10804 14998 15589 13967 16953 14346 10843 15642 12363 10986 19327 10472 15989 16739 16867 12960 16239 17479 10354 12067 15547 11875 14460 18724 13247 15436 11453 14911 11078 10036 19027 18053 10432 19884 14928 12934 14713 13816 12491 16822 15358 13337 18235 18903 15812 14062 11065 11812 17980 15364 10324 13819 18731 10938 11783 16244 11933 17760 18248 11876 17857 14691 14832 19520 14828 10729 17625 10288 14036 16279 12973
18386 12621 14159 17842 12809 15156 13635 14208 18805 15385 11334 19926 12422 17450 14922 13252 13197 14411 15673 11112 13784 18864 14696 16748 19638 10782 16662 16707 10336 13044 17403 19501 13189 16352 19754 13199 11653 14355 16406 19872 15466 10247 18591 10072 15796 15505 19689 16672 13714 15365 12018 12898 16137 15789 10510 11051 18996 10621 19659 12844 11002 10577 10463 13460 15411 13402 11913 10821 17764 17044 14921 19756 16288 15855 18873 19077 17883 15215 14411 16469 19861 10699 12915 18142 17118 12816 18711 10269 19099 17499 19440 16458 11324 16200 10310 10049 10102 14849 19075 13839
19478 19836 15092 19523 14092 12096 18045 10683 12166 12051 14851 16585 15772 10807 15807 13156 17622 12788 11522 16548 19632 14242 10562 19320 13357 10664 10674 15943 19144 12254 16889 15723 16426 11077 11273 12558 12743 15230 15211 15706 11739 16725 16915 16026 14814 15162 18571 15375 13705 19396 10115 13458 11990 11872 15720 10764 10597 19485 16607 12199 12540 15507 10765 17107 17057 15352 17434 16422 18889 14669 13630 16078 15458 18228 13422 18511 10435 18629 17607 18891 12427 11799 10542 10089 12286 11870 19682 14781 10836 10478 17395 19475 16496 13064 10713 15341 17545 14294 17149 18709
19975 19855 17478 10874 13211 15630 18410 10656 15772 12881 17462 11843 16102 12510 18091 18234 10842 19729 11170 18835 13160 11371 12307 16101 14776 15838 10984 17267 16916 15525 17577 14748 14238 16960 18086 19505 19439 16817 13665 14750 14472 19397 12749 10295 17508 14816 11344 19491 13921 14525 18891 11440 16509 11961 13322 16750 15920 16957 18623 17035 16986 10405 15853 13974 10903 17498 10246 16439 16725 14163 10822 18513 18349 18657 12542 15254 18319 16028 14888 14951 15132 10465 15226 14029 11912 14892 17225 14476 12782 15700 16284 13277 11323 19922 13503 16759 19715 12456 10131 19604
16652 11061 11605 19794 12693 19134 14960 12972 15795 15994 10727 16430 13909 13394 15315 11975 16627 19018 10109 12345 15019 17331 16537 17832 12144 11572 13887 15501 11619 13876 12201 15968 14304 13693 19740 14026 10654 14033 14990 15977 13905 11133 15213 12448 12625 18672 19865 14357 14319 13699 16004 10786 19997 16047 10406 18859 13305 12619 12514 11109 14670 16449 16950 14767 16484 18899 19757 17679 11168 10579 17829 11522 15337 12466 10704 18679 13325 10993 10261 13966 11284 15238 17077 16122 12064 13496 17300 18784 13545 17050 11006 10944 14019 18612 16468 10850 17057 11099 17604 18352
17856 11130 17942 15259 10776 12390 14987 16619 11914 19577 15902 16335 19213 12876 16169 15374 15842 19642 18628 10114 12170 19133 15283 15393 14781 10745 15026 12679 17447 17680 19962 14218 19080 12609 11121 17597 18328 12561 19765 18679 19514 17693 11215 14541 15858 17821 15565 13746 10108 15685 16692 16696 10620 14005 17920 10138 10955 11827 16699 10116 17565 13175 12618 10691 12684 13962 10951 11215 11058 19492 15527 13506 17995 12658 12326 11532 10313 18404 12253 19213 14172 12539 10260 10872 15820 16792 13927 13085 13266 10701 18437 11077 14456 10381 10623 10324 17346 18241 15227 18720
19071 10999 15102 12268 10141 13892 14511 13414 16416 10929 13709 19542 17536 13436 13429 10951 14505 17099 14097 18958 18033 11458 14815 13634 15636 12264 19761 10366 15254 19240 13720 12811 19555 12836 15927 18365 14143 14377 16095 17328 14426 13801 14681 16670 11245 15977 13248 15225 13078 17350 17763 12631 18415 19455 17508 11323 12815 16696 10634 15176 12120 19643 14091 13415 10682 16281 15025 13352 12155 12554 12581 15526 18718 18444 13214 11375 17428 11543 15575 18017 18308 11917 13936 14156 15131 18014 11074 13219 19956 12653 18368 12049 15900 11551 15842 13205 18191 19164 16280 19152
16428 10736 14843 11703 15346 16067 19890 10556 15132 15699 19772 19177 16942 13025 19269 12189 19380 13149 11345 14824 11461 13994 18893 14264 11619 16881 11815 19859 17903 16240 12562 19632 19272 17889 18017 13576 13039 11631 17823 14948 19131 11411 18008 15587 13275 12347 19602 15013 12288 14123 18262 12356 14627 11053 15049 10523 16623 18203 18723 13329 18018 19441 12119 15113 18737 16342 14497 19792 17308 12702 19745 19945 18402 10487 15860 17643 14823 16952 11977 18812 11671 11771 19157 12978 18492 11634 10412 19082 14514 17030 16384 11150 16407 18063 17506 15137 15388 14526 19834 12385
18377 15233 10040 13304 17011 17534 15306 13085 16865 10069 15564 14248 15079 15822 14470 19874 10773 19686 17597 11070 13471 19500 12261 10026 17653 15589 16514 19942 11602 17517 15162 17245 13661 13742 13796 11550 10104 17004 14846 12748 12995 14371 12928 12227 12951 16050 14124 11155 19871 13548 14066 11890 14046 12388 18063 12501 11279 13567 13062 11500 15811 16461 17171 11813 13033 12227 16490 18130 19870 17383 17173 16809 17331 10649 12228 16567 11743 13844 18919 17073 17617 17377 15334 10752 16692 11451 13390 16464 13056 18094 11851 15919 19409 15146 10426 11984 19862 13119 11329 19538
16856 15803 15049 18368 17728 17524 15439 17044 19746 12324 19068 19456 11047 12430 10876 18110 17765 10888 14038 11067 14143 11612 18214 19242 11127 11101 10383 10764 14766 13809 11178 17130 11087 12350 12402 11276 14229 17460 18340 13510 17370 12179 17804 14529 12969 17500 11015 15728 11866 15648 13540 14301 18513 16227 10564 14926 17469 18326 18381 18109 10881 17345 16258 18200 19506 13005 13377 15982 16806 10627 16658 14042 12831 18887 15880 15755 10177 13380 16456 18286 15189 14770 14128 12075 19882 15145 16110 13783 14338 12234 19365 17512 12381 15469 13520 14360 10985 14235 19730 11710
11336 14224 17707 10808 11813 12119 12731 13810 15755 19259 16564 17480 12219 12781 13307 11106 18659 19849 15282 19604 19712 16795 17042 18400 15445 19765 16898 18076 14257 12118 11696 14933 19582 16667 15638 16591 13573 15602 16971 16584 13907 19873 16908 19641 12202 17047 13670 16068 14201 10264 17494 11204 13135 11680 16101 10587 11490 10807 14571 18135 11006 16056 17732 14084 13291 12775 15392 10988 14667 13885 13571 19687 14393 14926 12936 12979 12751 13429 11201 12022 18180 18465 11186 13812 19592 10146 18467 11805 11327 19672 10073 11020 16648 17412 13472 13787 14276 13999 11301 18588
11025 15651 14555 11368 12443 18472 11499 11272 12713 15849 15016 16571 12075 14465 18441 14132 10943 10194 19876 10476 10424 12867 10327 12730 14223 17205 16624 15115 13210 11376 10628 15386 19038 19191 11230 17938 10392 14758 16440 13145 14273 12421 19590 17003 13274 18634 14007 12597 15240 11176 14198 14179 12611 17604 10857 12843 16264 18229 16564 17216 18487 15277 12229 11642 12594 17562 18361 18086 14834 14131 10338 15039 14781 18349 18949 19151 16681 10944 15123 18814 13793 13080 19323 18751 16855 18478 19717 13840 11652 14398 13437 10798 12836 15054 11329 14311 14741 17349 19546 17821
17388 11161 17896 18311 13248 15734 15725 19284 13224 11298 19810 15616 12076 16743 17959 12154 11129 11615 18436 19370 17651 19007 13446 16874 10351 11662 12503 13039 14131 12666 11747 12877 10129 19636 11917 13372 16159 15481 14986 14938 13933 19063 16985 10625 19072 14041 16964 14464 15861 17306 19523 17068 12508 13665 12314 10001 10194 18657 11097 12960 12719 17404 19399 18661 17299 14923 15958 10874 10266 15311 14565 19613 14051 17853 15681 19775 10086 15703 12495 12835 10478 18840 13714 19030 12319 12245 18797 18304 12603 11453 10503 16448 19401 10348 15026 15582 14943 17751 13736 10086
13034 15746 14524 19305 15153 15506 16454 10210 10065 13473 10246 18590 19744 16176 11584 17677 15666 13124 18193 14839 10106 19881 13098 15808 14932 13716 11576 10706 17925 10622 17819 18758 18798 16297 11057 18240 17340 10156 14119 16074 19253 14347 12729 10959 14684 17372 10309 18866 10187 16345 13602 13927 18334 15383 17538 16334 15401 11322 17865 10570 12713 19118 11240 19440 19074 15334 16265 16557 13555 10951 13485 10424 16645 19282 17331 19190 15062 15174 13886 16366 14587 18880 12558 14078 13622 13980 11024 18277 10190 16483 16031 10214 15848 10280 17078 19252 15446 14570 10837 19036
19629 16479 15082 13189 17849 18701 19378 15535 15543 17732 13474 15901 11602 18192 19601 16571 13929 11720 10478 19249 16431 15564 10204 11180 10069 17756 15276 19272 13731 11928 14259 19957 12955 14643 13149 11443 10610 14686 10885 12182 12015 11966 11040 13945 18839 14628 15451 14883 17304 17681 10084 19801 13396 18494 18633 16564 12609 15384 10538 17727 19357 15241 18736 13737 10810 19484 14412 15104 19293 14371 12325 19309 19949 17485 17208 18741 11737 10034 10926 12404 17039 17152 10258 18478 11745 16149 12654 18677 11753 16338 12033 18647 16449 15110 17242 16465 14160 11845 16356 19461
19880 16375 10278 12222 15939 15171 18617 16531 11726 11157 17845 13621 17268 18256 12985 15937 12336 11369 14741 14578 18760 14345 12723 15821 15314 11506 13161 17448 19123 13389 13986 14710 10566 16980 10728 10109 19539 10041 15871 15935 13983 11688 18571 13578 19771 13736 14309 18878 18367 12746 16017 10570 18612 11773 13052 13632 12013 16350 10028 17145 19459 15994 12042 13663 16382 16372 18925 18838 12679 16152 10509 18158 10399 18591 10450 12919 16429 10960 12646 14902 12581 17993 19511 11283 18556 17605 14396 10173 13177 10943 15948 19628 13993 10178 13285 18430 12367 14458 15366 15056
19238 15850 19389 19284 18245 14796 15739 15581 17978 11388 12263 13398 15508 16745 12111 10184 16575 10834 19854 17196 11214 14165 18154 17566 12768 16972 15723 17498 12037 18405 18655 16279 10142 18565 19206 17270 14368 19289 13490 15317 15040 13754 11081 16156 10375 19134 18083 10917 16119 14578 15179 12339 17956 16065 13037 16240 15703 17750 12105 16355 16719 16776 16686 16338 10813 15388 15860 17838 18657 11555 17717 15409 16403 12747 12377 14249 17934 13864 12077 13023 13688 14524 19807 13900 17943 11139 15888 10384 19077 10929 13185 17274 16653 13998 14325 18386 11031 10861 19108 13195
11772 14841 17017 11736 18349 11506 17896 14810 15347 11132 16533 14109 18715 16699 16995 14835 13992 15987 16681 13947 19547 14320 17335 11592 11075 17022 17616 11425 19241 16188 14146 11734 18959 13876 11539 12504 13455 18301 12084 16497 15662 19378 18449 10800 19929 17131 17110 16976 13812 13798 12861 17099 10579 18725 19324 19546 12510 19878 13592 18432 18706 12841 10467 10886 19940 14727 16980 13052 14130 11401 19141 19821 16395 15949 16933 18710 18669 12643 16757 14678 17776 14628 10617 13220 12989 19574 10055 13863 14163 15087 17196 11073 19427 10551 10643 13506 19042 15263 18422 18214
13661 13817 10324 13523 14587 12352 14748 18678 17861 17953 11728 15988 15638 11256 19974 15351 16574 12632 13138 14252 12436 16138 15764 14885 13950 16934 12808 10942 16569 11864 11695 12301 18073 16182 12720 14828 16685 15070 11442 16270 12712 12977 10909 18928 19388 18547 15247 14428 16292 16912 14498 18099 13992 13036 19045 11356 15875 11637 14782 19759 10653 10725 11249 14951 17486 18875 10871 12371 16207 18329 11901 18398 12331 10809 17428 18657 18309 15776 18295 11083 11758 12601 11332 15381 13831 11042 19362 11301 18152 16835 13194 11734 16285 10196 17098 15058 18890 18210 19018 11653
19817 17169 10318 18144 17760 18471 19105 10763 17040 19983 19831 19873 16524 18223 16416 17059 17602 10110 17679 10139 15146 11299 16062 12458 12601 19980 17461 18301 10088 17005 10673 17076 19208 12701 19634 19100 13282 11454 18838 13751 14953 12610 15744 11148 13535 18258 19526 16262 17552 10555 13282 13732 15197 17469 13031 18520 17527 18701 18811 16357 18661 11921 15894 18848 14536 17390 19916 11941 12077 17914 13131 15175 10753 13280 16306 16082 18802 13320 17627 11296 13442 11577 11230 10621 15499 19528 15162 11042 15720 14374 14885 13992 11547 18131 15771 10070 19547 11574 10675 15846
16789 14065 13899 16844 11027 18679 12008 16782 18178 14209 14898 17362 16413 18296 12049 13212 18727 16819 12199 10265 15650 17681 12611 17699 17740 14332 15361 17071 19585 18469 16786 13219 10530 17154 10518 15324 10399 17087 14067 10573 15396 15654 18490 14335 15028 19873 18645 12529 12447 13680 18046 18574 10994 10536 14481 19934 16701 10843 16716 11991 17222 14397 16907 12430 18429 12486 17982 19728 10202 10410 19779 19567 15803 17732 12549 10568 14036 17712 11321 16763 10049 18714 10088 16367 19191 19520 15688 16008 16788 16158 15532 18049 18213 10822 18800 11216 15371 13883 11689 18714
18513 19075 15252 10644 16519 14432 13547 19118 14635 16803 17269 14296 17078 18332 14366 13824 16636 11848 15790 15969 11365 17023 18729 17023 16061 19041 17065 12902 15010 17612 19587 17896 19735 10210 15997 14142 14143 13634 12174 11369 12439 11188 18568 19787 13577 12596 19639 14666 15010 15206 10140 11159 15475 15454 19933 15861 16322 18997 18309 16900 15948 18933 18534 12837 16459 17711 13590 15942 16559 18050 15853 11570 19524 17480 13889 17401 19831 14480 16848 10813 15233 17271 10611 11855 13347 14954 16211 19726 16444 11485 16821 16028 11392 18673 15523 15212 11536 12166 14893 18916
16852 18070 15652 17912 16172 12132 19189 11410 10520 16871 13265 15844 18679 16888 11053 14538 13774 13155 19909 16513 14266 15980 11058 11835 18360 15786 15652 17623 16485 19570 12144 10102 12482 17561 16111 17439 17868 18004 19706 16766 12730 16805 17531 10510 14439 19565 17519 14385 12695 13635 10352 15513 15494 15165 16082 13386 13757 19688 17019 13043 17548 13113 18418 15725 19077 14596 12516 18433 19439 11533 10743 13977 16478 16258 13878 16508 14013 12623 17580 12533 11368 16062 14319 15790 19334 12307 14629 15022 11454 10554 18650 18110 10549 11455 18965 15171 17539 13629 12111 13596
13148 17240 10550 13727 13191 11580 19285 19529 10927 17296 15921 10303 10600 16183 16342 14913 13019 15977 17699 19921 11434 15139 17339 19393 17403 13339 19636 13164 17918 15944 13081 10726 15796 16167 17472 12105 14602 10908 18150 11223 16168 19871 15703 13441 15774 14681 14077 15205 11025 10349 18236 18034 16025 14557 10658 13589 15341 12610 12619 16694 12391 14723 18832 18474 11048 15999 13515 11311 17182 11343 12081 10508 11222 15030 15061 13263 11251 11982 14729 14049 19880 15922 17357 19903 10678 14743 18574 17046 18117 16281 15367 17998 16204 19988 17398 13508 14521 10794 10439 12278
11946 11646 11004 14283 17955 18896 15014 15300 19289 11881 17195 11583 11786 19208 18917 11140 14188 10410 16951 13157 10176 12957 19758 11157 14690 16203 11777 11098 19527 14223 17301 18875 15039 14943 11391 12161 13017 13587 11987 16860 15177 19804 14295 17528 14260 11900 13221 17311 18653 10301 16541 15849 19493 10470 15266 18486 13555 14176 19764 14106 14713 15826 14743 17967 10930 12844 11075 17143 17933 14536 14013 11045 12799 18542 19315 14899 11519 17526 14875 12888 15251 16751 11231 14365 16051 16479 15660 11132 19473 11273 12242 10749 14225 18947 16123 15270 15192 17383 19318 18258
16316 18262 11604 18517 18004 12804 11892 12064 12776 17867 14459 18971 15479 19653 14464 12075 16099 16642 16566 16612 19961 17180 11995 19822 16236 13994 18749 17115 18223 12634 19937 17330 16982 15243 13426 10255 15016 19574 10029 12136 13778 10573 18176 19549 16236 19063 13604 10681 10511 12958 17184 10044 16138 17309 11611 18084 18691 15920 12221 12990 13503 12126 14776 15941 19291 17648 13617 17223 18140 12200 16832 19351 13244 14728 18900 10493 19999 17487 18851 17300 19140 18868 15777 11964 10393 11049 11856 14837 12658 16693 15200 11146 17118 10026 19408 12113 12464 17003 18087 12139
18860 10862 14901 10685 10910 12342 13741 19883 13481 13204 19022 16586 19151 19755 14077 19128 11798 12926 12632 12129 17189 19631 13875 10537 16840 13152 11891 12175 13175 10774 14308 14441 10784 11836 19390 10897 15741 19094 15169 15487 17813 17497 12189 16422 18437 18597 17896 15516 15032 10679 17516 10614 11373 10576 12336 18390 13353 10631 12443 14853 14177 19840 16751 15515 13676 10567 18462 12775 17085 11563 16365 17798 18012 14420 12305 14527 17558 14265 17579 11704 10991 18771 18495 17769 12241 14087 14163 13421 19419 14518 18953 15570 19044 12959 18085 13627 13047 19144 19321 11840
13664 11016 12249 18900 14986 14964 18975 16133 19984 11823 12240 16293 19748 12198 10082 12773 12051 19231 17467 16330 11014 11509 19502 10674 10880 10799 12244 10097 14287 19468 16868 12713 11271 13962 10139 10551 16178 18220 12254 17143 18017 17927 15319 15804 18879 12257 11561 18538 19187 11118 18236 12246 17369 19852 16859 10055 15873 13880 15848 17606 18775 15038 13328 19308 12212 10051 10799 15319 12510 12822 16531 10251 19174 15415 17496 19039 19495 18914 18863 16413 11633 14891 11968 13715 16542 13575 13965 11219 12753 13523 19461 11670 15403 12761 10873 10861 17322 10399 12091 12548
11524 17763 14360 19250 15414 12641 17147 12782 17589 13663 14149 19784 16842 18563 19561 15021 12766 18943 18720 10285 19273 11098 13211 16339 10544 18737 15384 19609 18096 16627 14367 14577 16099 14671 19791 11692 12742 15428 16662 11671 10545 16990 10332 15530 17964 11875 13257 16948 10761 10863 15342 12072 13368 19074 15176 19499 17034 19129 15339 10990 18151 17253 14123 19784 12864 12941 15852 12343 11680 14217 17619 11283 13316 13022 15912 16433 13259 10724 11796 13494 11271 10231 12074 19781 19225 17010 16950 16058 15048 15116 15938 14032 11494 16635 15937 19158 15140 15160 11329 13201
10701 19189 10654 12062 13452 17476 13039 15221 17011 15707 18854 15463 12865 19912 19390 10835 18041 19339 14238 17973 10894 15036 12785 11071 14061 19560 16169 18032 15334 14720 14171 12680 18173 12444 15057 15810 11320 19694 10361 10401 19910 11316 12548 15904 18366 16439 14477 16946 15384 15646 12784 10960 17654 11563 14283 17354 17977 11984 15234 12749 10541 17823 11126 11239 12598 17136 10306 16906 19091 13483 11305 17314 15993 16572 16553 11091 17741 15115 13714 10746 18016 15377 12916 14450 17850 13396 14505 17634 10046 18702 16509 10160 16187 17667 12298 10500 14197 16600 13417 11980
17374 17968 16109 19141 15286 13887 19554 11530 13463 13798 16871 16381 17350 19799 18527 14480 15221 11525 19783 18819 10863 19660 13546 11659 14696 19847 19460 16812 14697 16534 15297 12868 16468 10722 11180 15038 12384 19262 14219 14247 10740 17709 14707 10963 14976 15966 15497 13586 14634 19648 12082 13144 15867 16338 18401 14904 13381 10000 15934 15137 10179 19357 12095 16567 12874 19726 15131 15308 18651 11028 10120 18722 16681 16626 15843 15020 18706 10410 19915 10596 15387 15289 11373 11174 14038 16439 18438 15600 14554 13240 10019 18995 15311 18975 14585 13966 13231 14265 10372 16593
18326 19715 16965 19916 19306 18807 19995 14905 11197 18135 17626 10666 14602 15717 15311 10276 19800 14835 14205 15413 13840 12629 11970 15842 17003 19006 13347 12020 18715 12004 11378 13613 14507 12447 10294 13746 12420 10437 11335 13273 17241 13527 19976 17670 13696 13942 13139 11075 11256 11481 12862 15020 13623 13680 16357 12623 16845 19796 15538 16360 17134 13145 17859 13349 16993 11874 16792 15444 10116 10291 15645 18856 17614 19188 15070 11846 13829 11586 12972 14538 15263 15839 10796 19764 15924 13480 15215 18438 18771 14536 14986 16309 11764 16912 17364 17771 18862 16763 19109 14544
18292 14940 19788 15125 12101 17703 11786 13664 16413 17467 11005 14256 10717 13347 17769 18488 14782 12904 10482 11409 15854 18245 14866 14774 15476 14692 13808 16241 18458 18665 14239 18857 16988 10846 11903 13227 18381 11455 18400 17708 12799 11408 18477 11634 18452 16490 14909 19121 11364 11001 12399 16759 12675 10956 10957 18752 14948 15106 13173 13952 19524 12845 19577 18593 13566 11056 13935 10615 12626 16561 13065 18782 12118 17042 18531 16037 12974 14217 10277 14006 18199 12785 12989 13522 10770 11120 10049 12592 10836 10187 15690 15072 16739 19132 10995 13505 18599 11950 11310 13449
17454 13368 18681 11300 14222 13123 14595 14343 17266 18767 18264 10354 19365 17992 13797 15136 12066 10872 11665 10935 15365 13908 16056 13820 17500 18756 18841 10723 15921 17679 16434 12794 17731 11812 15866 10542 15209 16667 11057 10278 12559 19453 11056 15507 10815 10741 16833 17195 17622 14662 14910 16070 14344 17066 19118 16515 19190 19547 19411 11131 18143 11060 14433 11662 11162 12974 11296 18900 18160 13959 13514 17377 19205 15765 10633 13877 11480 15077 19010 14992 15460 16710 15778 15815 14334 14512 12148 14509 14989 19295 19313 15171 15453 10875 18356 17309 19177 10661 11141 12073
10945 17499 18939 18667 17671 18432 13559 14881 12873 11225 15068 11608 11136 16608 19232 13924 19811 10925 18980 13798 14062 14904 11704 11938 11440 10074 14482 10576 11643 19975 15972 19544 19937 16146 18885 13736 13416 14957 10098 18234 19395 13315 17572 18090 14121 12415 14809 10812 13380 17183 12889 16307 18722 13166 10593 10443 16291 13887 12821 11059 15505 18651 13283 15585 12655 12163 11138 19167 10404 16321 16333 12150 11305 15593 16304 11586 18880 11032 19466 12890 19516 19986 14870 15840 12883 17271 13649 10863 15266 14173 11419 14350 17669 14642 12787 18870 10013 11651 11964 18254
17802 16528 12836 16851 17086 11050 16131 12919 11708 16497 14165 12404 13881 13916 13851 18920 17884 16673 13030 10948 14924 12252 10448 16888 11982 10359 10300 16634 19220 19117 11186 16623 19055 12702 11997 16075 19839 19418 19065 11141 12701 18658 12334 13933 14432 11047 14386 10955 16268 14892 15173 16042 11119 11650 16041 13796 10812 15677 10043 17048 17563 18247 15825 17156 18710 10304 14132 13894 14114 10053 15145 12088 11576 16697 17752 16656 13401 11335 17074 16069 13955 16917 11136 15763 11793 17762 12119 10962 11537 10855 18835 16731 15754 15181 15991 17836 11821 13223 17395 16558
13532 16514 13057 12485 12381 11666 14265 13340 15310 11272 17489 17483 12395 12973 14160 12927 18428 18391 14878 16732 16492 15870 14151 13427 16275 13291 14183 16215 14711 13042 14726 13002 10268 13304 10351 11015 12006 17874 16758 17385 18920 12100 13491 12867 13401 13720 17522 13663 19264 16149 14403 18104 10666 13582 18654 12503 17741 10288 12122 14196 10053 17554 10287 12235 15144 18307 10941 15162 14641 18900 10505 13248 12351 12872 18128 18831 18978 15841 17293 18821 17762 18538 14448 14930 11646 17652 13596 18637 17734 13894 18604 15564 10201 11966 19106 10320 19519 13548 14336 12225
14827 12409 15975 15832 19638 12601 13039 12394 11424 10286 15809 16342 10065 17209 17555 18076 18727 13450 18943 16018 11969 10621 11655 13789 17533 18736 18673 19635 15181 17453 17699 12184 15801 10149 19910 18976 16799 10587 15273 15182 10702 11296 13922 19170 13652 13316 16513 19345 10551 11346 11011 15623 19282 17585 19464 13956 16468 15153 12458 12272 15044 10879 13181 16607 19857 13150 18811 12611 12334 10389 14111 11703 16500 19844 19438 18584 19325 19850 10052 17411 12497 12776 10179 19985 15131 13566 17182 14033 16821 15455 10187 19743 13949 12050 11761 15924 12444 13488 17531 12903
17155 14106 12254 11834 19171 19250 16174 17231 17374 18288 12359 16095 14869 14345 17134 13355 18274 11104 18865 12775 11906 18841 19322 19030 13482 12964 14483 10803 17259 16043 13513 17783 15960 17145 11427 15680 16192 11199 14506 10668 14512 16099 19275 11130 16303 13080 10981 11228 16514 14931 10673 12434 16763 11127 19551 17496 11222 19982 14640 17368 17750 13206 12326 11831 15471 10769 17346 15189 12089 13488 18615 10059 18040 15129 19706 14841 11911 11419 14610 19839 14269 12013 19414 19304 19588 16631 16504 15369 16949 15498 18032 11997 18250 15336 11613 13515 16169 11260 13264 19298
14686 16535 10015 16373 12467 11835 14245 18306 17114 17189 11632 15050 13905 10403 13604 15822 15309 10799 17133 11222 14309 10223 11239 14314 12512 19584 10791 15706 12320 14221 13121 18765 14834 15481 18170 15531 11045 15049 11375 17690 16319 16028 12916 18357 16350 13982 14956 18600 12609 15024 17665 11439 14487 13543 11572 10836 16949 17024 11222 15629 16793 13145 19446 16547 17453 16216 14471 18769 11502 17675 14486 17301 11117 12685 12634 18987 18974 17848 19885 14512 12320 15028 11265 12403 13073 16681 14738 12638 18789 10765 11926 18355 19636 11721 10947 18977 10552 17451 14269 12625
12512 13995 17120 11499 10486 18620 17568 15947 19271 18826 12398 11641 17465 11260 17741 18916 15025 19631 15394 11089 16645 11386 11500 19334 19563 13672 18548 16243 16554 15599 12151 12687 19621 15539 17728 11790 17491 17158 19599 19473 10489 18980 12467 13289 19825 18584 12373 12401 18642 19527 13809 17054 16598 15751 19570 11897 18197 11982 16033 10570 18284 15384 12000 10581 10062 16502 17680 13889 13696 16042 17070 13419 14543 17032 15868 12730 13182 10240 19252 18746 18147 10013 16871 14298 14435 12576 19878 16602 18357 10467 14013 11013 18655 12129 18703 15607 16675 13324 19932 12578
18508 15076 10885 15169 12365 18881 11788 16915 18995 14351 13100 15071 11643 10730 18340 17804 19476 12492 16150 14510 16175 16937 17067 16335 11807 11598 13648 11126 15109 12698 12974 12303 12345 14689 10253 12817 13752 15902 13436 16830 11721 14067 14716 14641 19861 13557 11952 11110 13027 14612 10843 11279 12184 17733 17168 13810 13146 15189 19802 15054 12154 14392 13893 16057 13286 15532 19097 16096 13425 17722 16097 19358 16202 11025 13811 11169 12692 12865 12001 15182 13988 11154 18878 17808 15811 14564 17864 18221 19341 19459 13716 19643 19981 16015 16397 19307 19813 12118 15325 12923
19095 10466 16861 10853 17520 19839 17731 15139 13679 14043 17502 12122 14540 19334 19285 10415 12171 12356 19020 15324 18309 16093 19318 16320 10001 19872 13705 13987 11413 14106 19932 12739 16235 19464 15363 13214 18686 18000 14443 10052 11724 13316 17897 18815 14071 13846 11695 18925 10565 15652 10920 15249 11657 16107 15983 19937 18123 11967 16552 15837 14782 13120 19160 18898 10098 13783 16077 15791 10454 12657 16939 11943 10826 19655 19335 12132 16672 11358 16654 17697 12453 12162 14343 16058 12375 15952 12871 19490 14982 15005 13178 11168 17898 13560 19315 13437 15192 11804 13373 10587
15706 14832 10846 10415 17383 19914 14028 19740 14069 17325 18573 12356 18748 17885 13269 11738 19187 13539 12502 19485 13456 18835 15077 14946 19746 19350 10395 19942 11686 15308 10333 13258 19038 10863 11979 10250 19974 13764 13306 12834 11576 19138 18684 14778 11673 12374 18883 11554 14718 18616 11627 11490 13695 14040 10867 11832 13440 10882 13267 18230 12747 16101 19541 13542 14744 11623 10976 18606 11484 10974 12256 13880 15639 17310 14063 11108 11581 13785 17568 14608 19552 12649 14523 14588 18806 10400 19531 15390 13810 15248 10308 18127 18217 14705 16593 11075 19581 10314 11969 15732
10972 12011 14550 17959 14897 15670 19795 12890 14544 10794 18715 18535 17171 15848 11969 17411 15641 18302 16360 17707 10598 16730 10973 13248 13913 19216 19170 14890 12705 10814 15623 17760 12745 12185 10104 15851 15513 19339 15231 11078 19521 18427 16668 12944 12569 11358 15423 10773 11731 17117 12776 11818 18993 14678 11883 11743 17227 15719 19299 19328 12805 15198 13870 17950 17921 12501 14274 14474 14952 13289 17212 14222 15071 10461 13797 19007 16555 14350 18717 19205 13463 11515 10426 14714 11070 13266 11605 12289 14384 18974 11912 14708 18568 16246 17649 18539 11247 17433 10212 15983
16861 17782 11465 13211 11438 12978 15460 14975 11380 14226 13424 15403 18639 19674 15147 16351 18594 15527 13253 10064 19566 14885 18011 19887 19741 13740 18761 12494 12156 11157 14683 13992 19001 18917 16991 13523 14499 13889 18681 17014 14256 10458 17537 13881 13054 14501 18288 14771 10488 12050 16248 19572 18072 18169 18414 10310 11872 19599 15284 13131 17799 16211 13009 11182 13154 17230 14179 18192 11448 19811 18944 16217 18166 15390 17429 13688 17613 10986 14910 14735 19197 19844 14222 19009 11747 16647 12659 13883 12624 13300 18199 14955 17553 17350 17883 17421 13542 16523 12628 13429
10740 15219 18771 15406 16186 11837 19935 10840 13777 19510 14949 15352 19683 10714 16730 13472 12458 18439 17487 11422 10821 13972 18725 11649 17254 13520 10049 12140 19778 13275 17437 16517 16487 13735 19791 16068 12715 17373 18177 13101 12866 10698 14266 16656 13867 16661 15323 18037 10563 13076 19606 18062 18026 12195 15664 19913 18139 16769 12196 11956 18301 11561 13687 14784 14550 15473 10503 19723 10602 12681 12493 14993 19151 14584 13744 19415 12951 18054 16711 10499 11028 13646 15938 19749 18443 11953 12688 15220 10265 12954 12396 10455 19365 11195 10818 11819 17714 13489 15999 19888
10400 12193 10941 12331 14120 12323 19338 19761 19302 11786 11825 18396 11006 18364 19024 16523 17858 18281 18034 11819 14787 11131 12696 16265 19594 18688 19442 11342 14515 15972 17181 12174 18891 16350 19741 12285 16512 10411 10827 16660 15777 15070 13656 17402 12938 11671 15564 14142 17151 16193 13394 15475 17518 17134 12563 11960 10363 16759 13910 11444 16899 16214 10491 12421 11023 14032 16133 17909 11220 15687 13648 17276 17399 12722 17384 19643 10424 15944 20000 15588 10184 18485 11459 17657 15447 17120 12341 16925 19089 13525 19467 10743 16061 15191 18332 12397 19568 16128 10408 11857
19021 12908 14938 10967 13173 18877 18054 12075 13818 11264 19599 12331 10372 11004 10971 11933 18581 13642 15635 19331 12298 19343 15542 11451 19187 12416 18852 17005 16406 13565 13124 12852 10683 15724 11087 17697 17950 13208 19091 19970 10925 10172 15021 17106 19169 15379 12868 17653 19171 16529 11214 12809 11845 11728 12585 15305 17117 13675 10722 12660 18538 17429 13704 16091 11874 10676 11514 15116 11249 10586 10709 16407 19664 17776 14080 16500 13403 16319 17956 15857 17314 11643 16721 13808 12609 11776 16774 18892 14973 12387 12489 10669 11553 13950 18524 13140 19910 17866 15957 16456
13609 11285 14141 12417 11667 17511 11471 14586 11538 14897 10969 16590 10303 12606 17351 14633 19179 18570 18675 18411 19296 18203 19043 13612 11372 16447 16893 13115 10353 14445 12434 17680 16554 13939 14049 19543 13674 15137 14620 14196 17648 12786 14237 10752 10314 15690 16564 19969 11934 13896 11786 10916 18379 17905 18819 12816 15946 16611 14321 10198 15602 11855 17613 10598 14582 18512 11741 14620 17299 17492 18328 18396 11028 14622 19125 13068 13830 16674 19232 11340 15356 16227 12493 11641 13250 10966 17297 17031 18788 16627 15070 16350 16156 14933 10527 19144 13964 15297 15510 18543
12068 11714 18793 14346 13351 15319 11525 18335 18413 11399 14506 16100 11871 13732 17747 16327 13182 18750 11941 16581 17897 18802 11030 19339 13131 17827 15386 18467 12514 10356 14674 17686 16082 15680 10367 10484 18197 11965 18080 16589 13855 14904 13615 14141 17292 11665 19386 18451 13266 16504 19129 18252 14231 10027 15671 10644 10066 15385 15009 14413 14393 10016 13807 12316 10779 15693 14501 17705 15972 10788 17175 18905 15119 14087 11964 12904 17562 14560 12296 11883 15487 11787 14468 18658 15827 19865 12329 16086 15768 18034 19649 12163 17382 11766 13329 18680 12555 10605 16445 18718
14459 18571 17492 16018 19024 18061 13888 19804 17361 18771 19497 16039 11671 12094 11374 14690 14459 15855 16059 15598 17889 16340 10861 16415 11924 14343 12461 12454 10045 15653 17214 18053 14906 12098 18552 14950 19871 15282 11203 19511 13275 17335 12098 18578 19219 15790 15662 14647 17695 11996 13336 11473 18872 17177 18124 11046 13230 14563 14184 14120 11786 11952 17656 19940 10587 10645 11780 12080 11334 12155 13285 11262 17581 10402 15276 15660 15714 12481 14743 17974 14996 17074 19388 15226 14581 13875 12365 14521 11727 18379 19337 14137 10576 18765 14422 19671 13891 13163 19449 19693
18637 18790 19860 14766 18544 17314 14230 17388 18415 12145 17683 18041 18560 15848 19709 19302 10012 10743 12106 16910 18448 16561 13045 18106 17655 17106 10052 11555 19067 18098 19904 17324 18207 19815 14682 20000 13191 16742 12955 17457 13341 15959 18358 17925 10711 11196 14363 13035 12626 11357 15169 16954 15581 12860 19227 10376 10831 15052 15465 10643 12300 16772 18866 10972 11123 10184 11231 12053 13721 13926 18238 15698 14473 11064 18728 11080 11623 11414 17269 18774 12292 13137 19757 13112 11931 15031 11311 12406 15329 16811 12685 12505 11680 12725 18090 18305 17694 18529 10770 10412
19422 15208 13727 18616 19370 18327 12996 17629 15133 11980 18395 15599 16575 15376 17284 14059 19848 12780 13317 15076 17119 12184 17311 12166 15388 11611 19583 19135 17803 11647 10808 11370 18276 19550 14026 17369 11001 13643 12420 11784 18473 13232 10017 14973 14441 19997 13154 16684 19025 16176 17906 17781 18443 18133 19100 10148 18392 17019 15273 18524 14531 10111 17735 12109 18577 10026 12098 14242 15885 16620 14676 13513 18564 13813 15326 11968 13317 18888 17480 15311 18234 12562 19288 16891 10347 15955 16148 17886 11981 12141 18593 18197 16328 17936 17559 17120 12033 16310 10814 17814
14596 11398 18494 11632 17001 11136 19090 13936 18003 17878 18219 10957 12549 15574 17290 14129 17402 11773 18900 11094 14447 13915 15036 14212 14968 15570 11111 11391 11145 10880 10839 19092 11782 12279 12790 19221 18129 11635 17649 11155 18230 11618 10353 10546 13812 12000 16836 12243 14062 10100 16148 12676 15387 10743 11889 14168 15518 11653 13492 18154 12941 11433 16879 16227 10072 11083 15956 17752 13028 12089 15083 17451 17098 14589 11228 10243 17781 11660 16257 18177 14546 16956 16890 12922 16335 19623 11045 17555 13507 10109 15002 18419 17752 14151 13434 10578 17889 11930 10665 19393
19807 15252 16795 19396 10313 13845 11736 13086 12100 15971 16412 12729 18914 17290 14960 15632 16336 19500 11373 12407 16951 18377 14855 15033 14496 17019 11935 15938 17743 12864 11517 15091 15120 10525 12987 10027 16444 18344 16558 11647 14324 14778 11252 19337 11087 13026 10402 15071 10492 15100 10622 18201 17477 19919 15516 12626 18874 18171 14669 18324 12751 11193 15762 16748 19895 17553 14536 14527 15271 19487 14452 12576 17113 19868 16900 14612 10699 19905 17752 13946 12114 19247 13018 10540 15064 11424 18314 11873 11791 15863 17265 11358 18795 11176 18498 11115 17959 16099 10294 14889
15434 13321 15889 17990 13366 17639 11147 10590 17936 13386 14218 11705 18044 10137 14209 16546 13338 17914 13337 19742 10221 11893 16461 10974 15420 16553 19850 17175 13458 13768 17214 17260 10166 15212 10724 12522 18752 12309 12752 12722 13227 15191 12708 16796 19151 18230 12297 17718 16997 12761 17686 12715 19725 13447 14692 11029 18891 15100 14480 15470 13355 12048 13144 19627 15754 19808 18008 18280 19934 12166 13995 17628 10087 11573 11074 15359 17465 17157 11508 19862 15019 10862 10163 19655 15120 18274 18874 11152 14356 13504 11841 17049 17984 14650 10640 11964 19143 18230 10647 14953
16578 18639 15046 19545 12804 10965 19811 15763 13495 14256 16801 13191 18376 18994 15956 18525 10393 15008 11915 19748 19792 11938 17026 14094 13905 13316 17559 14088 14142 16896 11661 13327 15735 10462 10072 12291 15563 10328 16428 13743 15215 15883 18278 10523 12021 14992 10582 18417 12624 17763 19174 10930 13750 11246 18839 13393 15761 18004 18900 11581 18989 15396 12366 16031 14764 14173 18185 11785 17070 14623 14112 18719 10129 12558 17089 14918 16535 17403 14904 14957 18640 13636 13162 13715 13744 15262 13136 14569 10112 16145 15990 11924 10864 19777 13456 19595 18566 16855 10683 11152
10874 18489 11020 19789 12076 16131 15142 12929 18310 10222 13085 19638 16252 17396 15685 13631 17957 18010 17596 14495 14535 17196 10381 12553 11737 10066 17045 10435 13154 16125 10454 11946 17474 16304 17325 17612 11976 18763 18443 14476 14649 18175 14915 19740 19543 13388 17660 11906 12967 15482 13232 19185 13711 14970 15440 17570 17704 14651 13382 12647 17542 17876 14829 14773 11973 12335 15568 17151 15946 14502 15751 18730 15906 13260 16863 17926 11642 15653 19970 17588 19137 14374 14339 15281 13298 18178 16542 18572 19881 18739 16425 13497 19138 13042 11375 11493 10627 10873 13055 13236
12582 14011 16397 16074 13758 10413 17418 11779 11806 14418 13724 14163 18359 19322 10518 12531 19040 18515 18879 18060 19509 17590 19255 19403 18651 12300 11262 14961 19749 15608 15755 19473 12363 16312 12880 19745 12988 18411 11981 12654 18027 19624 19844 16762 12296 12937 19233 19797 15074 16794 16844 10752 10666 15265 12648 16773 14500 13868 16857 15520 16512 10126 10121 13452 12848 12016 12492 12970 17036 11678 19245 10703 18098 10836 12790 12684 14615 17122 14256 17276 11606 18439 19452 12041 16091 18235 18717 19661 12236 19350 16787 16038 19311 15854 11353 15050 11359 18453 11336 15440
10605 19777 12097 18528 12410 14716 19272 10475 14910 17298 15740 16389 11101 11367 15558 14232 14715 19074 17011 17182 14560 10649 16960 18358 11961 13720 19347 14426 19088 10274 10189 19422 12899 15371 19991 12872 17777 12336 18874 14771 18175 11181 16429 18048 18626 13647 14005 13197 11490 13043 12405 17157 15028 12921 10052 13154 13218 17954 14480 15938 11490 12030 17683 13314 13218 14586 11275 18102 13150 19308 12885 15731 19762 10375 10820 18634 10122 12264 17570 10755 16148 18284 16427 11826 11584 14908 18606 14077 12255 14176 13592 12912 12346 16968 19741 10377 16306 11948 15941 17948
15831 18217 13923 18705 10032 13935 11494 12651 17112 19000 16055 14250 11247 14983 18594 14997 15920 16969 11207 12624 10787 15861 19653 17904 11282 11908 16548 16604 14142 18515 13232 10378 15359 11330 10466 14526 14398 13012 14678 17418 19824 10570 11173 19481 18852 17828 12590 11693 10072 14640 11057 16384 18655 16237 11575 11705 19865 11897 19856 15968 16845 18995 16901 14882 14317 15413 12645 15728 16799 19648 18353 19931 13542 18750 16239 16351 17258 12103 18470 18343 14855 17045 14375 15829 13565 17379 15307 14830 14758 16648 12102 11317 17101 10814 11987 12635 17220 13833 12383 18134
10247 10088 10932 10864 17497 17558 19153 17409 19778 10409 15730 19694 10863 19085 19041 18595 10808 14379 13587 19283 13914 14198 16793 15815 14115 17235 13218 18943 10048 13050 16020 18340 18747 14888 15752 19617 18043 18633 12186 11337 19769 13173 11637 19175 16045 10759 10773 18801 13304 17477 10064 10801 13695 12897 11222 15335 16774 16462 12521 14247 14145 11448 17218 13653 16804 10920 10728 12264 16784 19550 19773 15426 16397 10667 13870 14799 16202 10322 17382 10174 19543 18698 14784 11957 19148 15333 16988 17586 11858 17839 13570 18465 15457 16129 13005 17295 16025 12798 15031 11658
17205 13701 17830 17312 18393 15130 17565 19218 17786 14774 18107 13879 11649 11896 11253 13550 19627 17906 12045 14811 16416 14813 16153 12733 17530 18285 18800 11792 13213 16140 14255 10382 10033 19931 13197 10931 15783 11435 10030 18616 16319 11694 11183 17070 12694 13381 18048 10274 14249 17839 18276 15842 17703 14656 12255 13750 11633 17798 16852 17420 13224 18672 19907 18155 18878 13163 18324 13866 18878 12023 18393 13533 10430 11610 10712 17521 11330 19223 16737 14400 13941 14693 11978 10764 15483 15719 17238 18592 16350 10431 10058 11133 15263 19898 12646 17276 18861 11899 14580 16851
12379 10063 19818 10551 12415 11939 14247 18301 19199 19422 12268 16084 19244 14034 12902 11888 12018 11975 14935 11207 10503 12759 11037 13183 11351 18751 10152 16396 10029 13259 11162 14595 16307 18628 17436 11664 14449 13648 18131 10724 14102 14337 19934 17936 18663 18670 15169 16815 17029 10304 15094 17312 14670 10756 19950 13458 15242 11991 10364 15236 13527 14362 16451 19120 11927 12348 12816 19951 17931 16585 19228 13699 11009 12736 13596 16729 15738 19773 17601 12424 12888 11476 12861 10806 11207 19421 15077 10429 12296 11399 19214 16370 14516 14278 10666 14979 13976 16846 11415 12017
19190 13481 16359 15938 18278 18799 17021 15732 13888 17920 16322 18780 11238 17084 18209 11694 17628 15349 12920 13540 12549 12634 18849 13341 17033 17662 11169 15662 17480 13897 15505 12227 18849 19189 16199 19545 18580 16470 19435 13824 11727 14439 14247 14818 13411 16543 11538 12549 11094 11132 19799 19767 18624 14077 12598 15860 14295 10967 13437 17085 10956 17021 13881 13997 16751 10821 13949 12710 17763 10043 14804 13831 17555 14942 16825 18040 19273 12748 15511 18612 11866 17474 11693 19680 19101 15401 18471 13339 19194 18297 17553 14331 14672 16092 16629 13947 14015 17376 17963 12006
14895 15997 15565 13531 14981 12340 15769 10098 14194 15226 14310 18143 11195 10629 11630 11444 16413 16758 18057 16439 15588 11996 15433 18238 15409 11332 18709 10613 12799 14696 16408 12868 15125 18677 10631 19577 11830 17081 19910 18166 11351 16522 14635 13867 11900 16202 19171 19782 17266 18205 14773 18932 11282 18892 17211 18778 16396 13499 16494 17231 16360 16794 19816 12347 16130 14725 13854 15386 17035 15647 19650 15492 18213 12022 14252 11068 12012 18963 16249 16030 15762 13253 13219 14879 11844 10910 13592 18862 13373 17352 11290 12745 11353 13426 19031 18709 15367 13615 19454 16452
15322 10840 19367 19962 10130 15796 18496 13444 10364 11173 19018 15122 16310 15307 17424 11358 19053 13398 18533 15135 11449 13330 18026 14933 12435 14487 12411 18621 14843 17372 10967 10851 13050 16044 17869 13530 12947 18680 14910 13817 19423 10392 15512 10247 17639 12881 17084 18255 13291 16393 14562 18036 18580 14860 12038 18295 13065 10176 16162 14850 18697 10891 19677 11410 11217 12306 12787 19359 14962 12548 15918 13038 11591 10389 14204 10816 18059 10839 11612 17994 16658 16634 19246 14941 15976 18179 12676 13559 13352 11050 13181 10461 14135 19652 19573 11563 16238 11343 16091 18211
17635 19473 17779 13236 19939 18830 10087 12302 11845 11755 16693 10892 19889 14995 18500 10470 10950 12425 15485 10869 14167 12145 14594 11887 14197 17845 12909 10081 11391 14029 13659 13883 14987 13441 14045 15879 18384 14067 14117 14147 18078 17481 17030 15396 13639 19482 15597 18183 10572 14117 16646 15140 14624 19862 11333 13378 11707 16448 19817 12877 14700 18459 19143 18734 12174 14450 19464 12486 15946 16950 18260 10529 18846 14512 19062 19571 13184 15852 11812 16069 11418 19906 18996 12722 10967 11798 14812 19654 10414 17956 17689 17956 11665 18948 11807 15670 12632 11439 11990 10029
13027 15119 15998 17831 11033 18992 19741 19371 12457 19222 15098 11461 11400 10692 13619 14940 15425 18100 18047 10012 11408 19602 11552 17168 17115 11140 12913 16569 15045 10140 11490 12073 17290 16136 11208 15023 18844 11209 14035 13466 11288 11906 19894 19830 11368 19847 10877 14798 11010 17255 17960 18319 14310 12503 17448 12717 14356 10819 19751 14893 12091 10988 19261 16738 10943 16913 15195 10146 16115 18489 12413 10456 14575 15306 12122 18498 18613 14856 16434 19683 13592 18309 14492 17094 18102 14431 15581 14360 18750 18703 18489 10536 13987 19630 14372 13149 10539 19116 17291 16001
10083 16531 13554 18948 14776 16802 15269 10161 13264 13820 15306 17109 19243 13669 19782 11046 16179 10170 13304 18406 17419 13640 19001 17190 17765 18112 15525 18100 19286 14997 12752 10917 11119 14526 14874 16157 16452 18322 17530 19625 17436 17865 17943 14473 12752 14718 11167 18937 12357 16605 12454 10981 12800 15157 14434 11623 15819 15875 15618 11108 12287 16402 13412 16268 16941 16952 17468 15207 11156 15034 12947 18303 11208 19050 16000 17823 16922 16059 17366 17033 16403 18245 11189 11931 18752 12263 14138 19225 13630 19773 15660 14104 14352 18341 19461 11078 17909 17421 12654 10854
18623 14808 18811 19596 11369 15277 16163 18078 16476 19306 11069 11627 16618 19629 16076 10569 19834 13906 19707 18997 12604 10186 10348 15362 18329 18885 15300 14307 15709 12199 18191 10244 18170 16950 14023 13260 15576 13959 11677 18078 10134 11191 15483 14024 14328 16133 13467 10081 19676 12990 15535 18251 11657 11839 11527 17742 16558 15400 17842 11737 11640 14316 14071 18504 12798 10704 14371 11418 17181 11696 17852 12764 14069 17935 14307 10078 19259 12481 16262 12779 19225 13807 18553 11824 16674 10060 19786 18644 14956 19600 12854 12931 17002 13421 13828 11783 19062 19678 16886 17245
19115 15612 18790 18835 10380 17083 11439 18765 16637 18765 18072 12004 14369 12016 15354 12966 19378 17588 14048 14130 19032 19818 17951 19875 11451 14541 17814 19402 12404 16933 13508 14702 17266 12395 10811 13513 17675 14641 13023 10200 10211 17123 10819 15586 10201 17870 15936 10825 16484 17888 10136 16907 18040 13166 15988 12683 18574 13138 11880 16781 16053 11902 18953 10509 12158 13896 15202 15239 19039 19435 18899 15627 19453 14433 15354 10619 15222 19207 18953 11717 10556 11782 19876 14882 18577 11643 13670 15633 18528 11381 14483 19879 18991 12538 12446 18113 15071 14778 18559 14921
16070 10716 18577 15178 19600 14913 15186 11607 10772 15009 11645 12298 10675 18306 12315 12268 12903 16777 11394 18453 18918 13511 17229 18405 13292 12078 12672 12239 14790 11665 17803 11841 10303 14684 15773 17997 18310 15573 17442 10697 17857 15912 10709 15125 17534 13515 11952 14975 19785 14617 18523 15402 12671 13041 13246 15627 15380 18803 13926 17721 16518 12089 12628 18072 16499 16431 14301 15737 12805 19655 10172 10071 12237 19458 10877 14084 19668 19899 10384 18306 11063 11236 11404 10138 17109 15015 15459 15018 10341 11810 13950 10444 17592 19367 16611 16866 11285 16946 13590 15920
16807 10158 19467 18902 12116 11491 13775 10762 19616 13208 10622 13186 16526 12402 16826 18653 11793 13731 13351 19990 17187 12027 16212 16396 17278 12694 12750 16245 13575 16233 14031 15577 18998 12286 17511 13068 18939 10862 11944 10816 12231 11260 12675 13001 19471 13846 18477 15407 12905 13296 17736 13751 11319 17241 13113 11551 10000 13350 10589 15655 10919 17943 16827 10510 18838 11976 14899 16420 14114 18432 11658 12810 16426 15227 13449 12870 10806 14937 12888 15003 18025 12977 10012 16622 18649 12139 16314 12650 11533 10642 11386 14356 16001 12222 12560 10508 19070 11841 18335 15256
16320 14206 15821 13843 17490 10962 19772 16124 19442 18100 15878 18270 15246 16626 10158 16947 18268 13358 11727 18117 18396 12731 18272 15464 10997 14861 11761 15645 17493 11536 10709 10571 11032 15466 16583 13206 15817 13000 10062 12567 10069 15884 10795 10548 17179 12805 16694 15361 17172 12990 18716 12216 10063 12963 17893 13851 18980 11458 12585 13239 11932 17503 17588 13763 18038 19298 16134 11296 19915 18419 17283 18842 12031 13451 12223 12939 18161 11047 12188 13451 17730 16417 14504 12450 17571 15110 14918 12839 16396 13806 13658 12329 16659 19500 12412 17532 10582 14885 18866 18211
18874 18612 15454 11330 15398 13419 12553 12769 19695 14764 12336 17159 17892 18164 15417 18095 10853 11043 10776 18616 16472 18546 14732 17691 16798 15985 13873 10316 17856 11731 10459 15733 17774 16850 17355 19666 15700 18945 12995 11766 14245 10378 13040 18105 14927 15467 14626 18975 13086 11632 16217 13953 10885 12282 16940 14229 19773 11919 11651 16886 17295 13340 10503 11470 13656 14982 19770 13267 15388 18908 10682 14776 15293 10332 18440 13100 11642 15570 11063 10902 11019 15185 17559 14642 17126 18318 14331 17624 13983 12418 18380 15627 13378 11005 14098 13394 17574 10283 11540 10555
16813 13508 11889 12831 16383 11333 13887 16606 13579 10840 10138 17014 16704 19284 11455 12919 14814 16225 11450 10781 15726 16214 12898 13976 18207 14942 16757 11209 10031 13960 10617 17479 14499 14745 16377 16114 14327 13906 11896 11321 14342 18811 15456 15851 10488 15317 17953 14265 17479 10865 12832 18435 10645 11110 10565 11469 19288 13211 16798 10645 17428 17387 11250 16489 15582 16464 13345 13590 11678 17068 14227 18361 18980 19829 13688 15816 19147 13309 14992 18647 18134 12146 14387 18826 19912 18183 18041 13682 12777 15085 17628 18714 10444 19468 19335 10147 11984 19071 11437 19814
12472 19296 13853 14420 14046 11490 11562 18356 10824 13556 17536 11797 14361 15993 13791 19190 11340 19090 14604 18497 12680 15218 16763 18193 11065 12802 12523 16701 13162 18665 13634 12905 13937 16219 12900 15785 13109 17539 13013 17264 16873 13035 12308 10133 18659 16610 14911 12212 19236 15414 16053 14330 11287 18671 19326 18927 16957 17468 19534 18003 15998 16199 19636 10035 18663 15356 16072 12475 17748 14550 17828 11387 11620 10035 11428 14814 11085 16598 19899 16215 16593 13394 18158 18035 11993 14313 14430 18662 19808 11317 16451 18997 10996 13941 17763 14543 12448 11961 14854 11921
12607 12532 11335 13997 19559 15534 13343 12795 13391 14492 18944 18658 14864 19407 17609 12409 10192 18886 16622 10129 18849 11934 16749 19595 12377 17835 16658 17843 10884 12963 17074 17328 17617 15424 14037 12857 17553 19103 10149 10700 19453 18664 19297 15083 15230 12840 19206 13636 11159 11674 10411 17666 14875 15897 18573 11954 14916 10209 10788 18873 19669 12555 15255 14443 11920 18440 10002 19504 16469 11017 19511 12969 14786 11119 11344 19810 18055 19528 17822 12639 14126 16564 10035 18741 11581 14052 19113 15788 19331 15761 14426 11105 15604 13590 18911 16012 11631 11439 10263 19044
18178 16899 12362 15253 16877 15622 10956 15934 14534 14924 19977 16879 19690 18335 15286 12582 12076 11415 11730 11370 13137 11350 18780 13292 19141 11225 15178 17734 18466 15383 17444 17135 19243 13928 17589 19517 18102 19717 15430 14172 11722 14639 11289 18712 15181 11652 14274 19087 12550 19097 12715 10481 15405 17415 18060 17030 11373 14104 18303 10843 10275 10650 10857 10674 17644 14351 19509 17883 17019 17769 14063 18576 10437 17976 12953 19807 18599 19138 10185 19910 17420 13742 15289 15027 14305 12636 12850 11264 13585 14403 16819 19888 17840 16392 15000 17028 15929 10932 12220 11655
10900 10350 18115 19306 17981 10115 13061 17673 17478 19968 14483 18797 17790 13338 17559 15849 14815 19267 19265 18710 12079 19420 18413 14474 15877 10567 18220 15059 18854 18775 19340 18153 15185 17181 12967 17786 10820 12376 10067 14086 17975 10928 13178 12624 14441 17194 10175 14822 13297 17889 18214 10229 10275 16467 17408 12606 15439 11639 16291 10516 10393 19392 18656 16276 17755 15701 13902 13546 13950 11226 18044 10299 17315 10238 14760 12615 19675 10653 16771 17115 19493 16506 12887 17346 19294 15372 17017 18621 13234 14597 14633 18291 19248 11323 18011 11290 15438 17564 10780 10996
17362 13698 13472 17983 19328 16922 17956 17971 11282 15300 17331 11561 17115 15304 13346 15839 11699 10656 12532 16425 13558 17754 11578 13457 14608 17971 12495 13234 10809 17490 13836 18524 13297 17465 13287 13690 18188 10604 14331 18433 19594 11896 10738 10335 13479 18932 16925 12078 17705 17517 17872 13598 14569 18996 14305 15912 16716 19580 16181 12669 19117 19908 19223 18726 18810 11714 10778 18008 19657 19666 18594 19159 15689 16530 19996 10158 16370 17714 17190 11476 19540 19807 10189 11998 12457 12838 19991 13328 18896 15110 11664 14363 11705 17332 10900 14863 17737 16892 10465 11258
10028 14557 15658 16833 12074 18904 18195 15856 18067 18054 18785 11775 13137 19732 19288 17054 18453 15886 18702 11018 14971 19682 13241 11595 17190 18624 10521 13734 11155 19533 19737 15413 13010 12813 13512 15790 12545 18482 14458 19052 12804 12577 15444 11370 17662 15094 14491 13556 17921 16067 15056 13340 14721 19584 12608 14332 17033 10594 13654 10809 18062 13561 18518 11406 15619 12829 12870 19787 17655 11822 11116 16498 19290 19982 19137 17573 11351 17258 11565 15078 17318 18001 18446 13888 13653 13632 13171 16069 19045 10961 19314 12697 12655 10926 15705 11874 10237 19752 10928 16446
18033 16227 10212 12122 19125 13780 12059 19629 18689 18630 19368 14912 18896 11968 18153 13856 16132 10771 11066 11959 15003 19924 12131 11342 15620 16433 10949 10857 14095 12716 12339 17634 16021 13043 17637 13272 11980 11058 15827 14698 18831 17465 11686 14078 17709 12155 14051 13953 15198 13253 13758 17962 17171 12713 11117 10496 17432 13428 17605 15931 13881 11340 11189 14772 18917 16138 16476 15857 16542 19321 17231 12824 10722 12514 19526 14664 17205 10925 13401 10608 18313 18405 16394 16231 10805 18154 19269 19463 11721 15205 15453 17431 13884 19617 11208 18880 11036 19205 12577 18315
19613 15748 11506 13174 11074 10012 14222 16363 18751 18764 15562 16646 17125 10181 15979 12610 18098 15116 13017 13785 19611 16474 19745 16870 10656 17784 18821 14991 15360 10205 11853 14237 19746 11841 15868 10805 15029 15330 11567 18041 16862 19892 16090 17285 14635 14033 18097 18500 16137 14047 10695 12207 15985 19773 12504 15532 18058 15886 19645 14725 14892 17839 17673 19712 10591 13514 11778 16074 15058 18739 11713 10922 10937 12216 16737 19798 10453 10969 11155 16574 11378 13071 11526 14293 11307 12696 16416 10836 17194 14590 15957 11152 12393 13873 15553 15160 15802 11495 13410 17247
15203 15644 13370 15356 15617 14641 19448 12812 14246 11608 17491 10178 10809 17818 17544 10716 19184 15768 15365 14444 14483 11828 17716 10623 16414 12109 10475 17048 17850 11783 14282 12219 10273 13170 14643 19111 12948 11837 10838 11171 17345 17131 10645 18066 12734 12601 18192 19735 13793 18040 14700 19463 13781 16360 10630 19217 11889 12939 17717 11779 10452 12565 18686 10742 17511 17156 19801 15149 12007 19713 19155 14905 15790 16897 10324 18971 11038 18571 17925 11813 13033 19014 19592 12587 16984 10839 11958 10683 18790 14164 13211 11005 14472 17720 17391 14288 15828 11873 10059 15077
11799 10392 18693 10918 12973 14175 11374 17762 16914 17628 17844 17761 10540 11873 18077 10700 14905 13954 16798 15682 16191 19239 12152 13721 16481 14244 19674 17059 12243 12094 16924 17683 10022 15342 10022 10821 16344 18460 19350 17381 17792 12946 19714 19416 14249 10700 14023 10998 14072 19381 18223 12875 19246 19093 19021 14189 12859 14311 18059 13166 17194 16259 13834 13449 19950 19000 11914 11170 19284 14748 18067 14916 10032 10040 11127 16627 12800 13395 17990 14071 18271 13406 12332 13671 10949 16985 16109 19239 18816 13684 17686 17331 10989 12686 12987 14312 18272 16896 10985 17872
10528 13624 14668 18391 15217 10278 16888 18770 11250 16807 13907 16900 18027 12157 19683 13672 19670 12758 10506 11920 10661 15905 12039 12773 10801 16822 12662 14208 15113 16117 16125 16877 15923 11044 13923 14614 15453 13604 10260 16698 12365 19583 18360 11404 13948 18508 15463 10795 10021 16854 19631 17415 11529 11598 12696 10671 19808 16995 17402 16761 10374 12889 14513 16813 10499 11011 17383 17641 17840 14334 15725 18587 17398 17731 16926 16060 19667 13021 14452 16417 15549 19493 18997 17552 16539 11750 18482 17289 11518 17299 15940 13540 10441 18834 11970 17929 17979 11018 12602 16601
18224 15580 17944 16775 11671 17062 13558 10404 14741 19177 18686 18595 16200 15421 18711 14608 16845 15712 10544 12393 15468 19443 13867 17025 18419 14276 16202 18727 16859 18531 13587 16393 15082 11972 12002 17201 12161 12177 15483 13806 13519 17461 14032 19450 18752 13051 13855 10116 11754 15011 12281 12574 15928 19539 11644 18892 18603 14715 17596 11771 11207 10439 19156 15535 12362 18068 12757 12388 11912 15965 13470 15415 10095 15672 14363 11720 12608 16811 19109 16125 13106 18140 16612 15249 18365 19063 11095 14245 14581 19868 11602 12500 13250 11777 16408 18969 17479 17092 14191 14621
12846 18011 14215 18373 16125 15670 17341 12693 15045 16084 16184 13983 15429 12810 12482 11242 13865 15582 16897 17316 17185 13735 15679 19853 16319 18980 16444 11542 18338 11046 19315 12217 16215 12033 14465 11803 13914 10743 17724 10015 11224 14568 13290 19817 15403 10160 10312 17776 12998 15460 12434 18281 11727 11773 19867 12061 10055 14690 18342 18709 15681 12212 13710 14260 17170 17795 13766 16220 10595 16497 14447 15833 16545 10963 11587 11782 14100 14882 14638 10165 18953 19359 17875 18508 15038 13648 18504 14185 12068 10209 16122 18716 19340 16181 11606 17782 19907 16639 17411 19287
15845 17476 19491 18055 19171 16681 13813 11969 17048 13431 13542 15845 12616 15833 15786 17855 11433 15081 19104 13879 15362 16321 13205 17158 10580 11632 10277 15997 15858 15785 12640 13184 15166 18109 18057 13507 16238 12040 15600 10967 18173 15297 18538 12460 14512 12416 14969 13365 14529 12883 17167 16840 12919 16292 19732 17876 19032 10344 17848 18081 15343 11959 17994 16872 19406 12252 18448 19123 16152 12204 11779 11258 17635 15232 10952 14508 19384 15789 16316 19183 16295 10732 10587 10296 16526 11801 11006 18804 12576 10446 11650 19578 16086 18792 17450 13603 12381 18139 15496 10946
14191 15421 19521 15063 16633 14537 15528 14529 16804 19840 11911 13165 14459 18862 19723 18577 14420 14551 16618 17688 13138 15085 15549 16979 10096 14833 10254 18314 14739 10893 17473 17726 14371 10315 16458 10495 12741 15806 11342 17894 10605 10583 13154 14821 18495 14321 10123 11753 19084 19470 13956 18367 12804 11870 12585 14176 15817 16561 16137 15115 10665 10988 14390 16987 17377 12607 16297 17588 16306 10407 19385 11601 14267 19476 11029 14309 19274 15766 17324 15912 16836 15668 15136 11690 19173 15400 14636 16654 14419 19395 15004 18687 11867 15483 11356 17763 16547 11125 14355 11803
14601 16193 19616 16208 15976 17801 10892 11666 12015 11214 10942 12801 16417 10380 15145 13529 14820 16986 13666 19667 17635 18669 13326 12561 19342 14732 17815 17948 12910 13467 17149 19751 11631 14961 17686 17364 17415 14449 10903 18298 18042 16663 13685 13510 10236 12332 10169 18717 17633 10016 13462 14139 18445 17047 17182 15263 17406 17916 10294 10058 18530 17422 14429 12629 18378 11174 10575 18221 10676 19798 12872 15034 16006 14781 16461 11619 16527 12602 15467 16944 10679 10931 15410 10525 10562 16733 16234 11357 12568 14592 10456 16365 17702 16111 16614 17091 12650 18814 13766 19982
15376 14860 16522 10450 18491 11777 12996 11260 13258 15762 19368 16249 12736 12756 12737 16429 18814 16737 12760 18278 13450 19797 16721 13883 18885 12033 16727 10969 14491 15407 14922 13927 17499 16409 13114 19846 12729 10362 19212 14471 19665 10691 15827 10183 15354 18332 13268 17045 16385 15696 13091 11404 11055 16382 11076 19918 11460 17843 13154 13663 16526 18040 12112 18536 15771 18692 10771 17098 19846 14961 13169 12873 15101 13515 19894 16528 12161 11187 14104 12268 16886 12134 10408 19604 10387 15909 13140 10959 13592 19116 12876 12319 16230 17715 14950 13626 15454 19159 10281 13603
