100 100 1000000
65451 36278 37570 24499 69063 82420 29089 65895 99830 84552 99495 93329 92989 23417 83508 46954 88549 43243 66794 14263 19416 18151 90681 29073 43709 19614 19637 48761 92012 89274 62991 49395 16435 36937 71868 32090 13379 19363 87505 91049 61184 13004 28375 55409 87209 25542 64792 62798 63423 93684 31146 23475 50320 14992 51853 73917 27317 26108 40182 28472 63868 73431 40543 89158 11389 33658 14756 10810 67886 38443 75009 88579 81554 17667 34223 85054 95585 47491 60243 72065 73635 80869 74273 46507 96005 95394 21053 23659 31518 26131 31866 68835 45131 48148 25874 38569 66541 50089 66665 93353
12560 92872 76120 26172 68535 60762 22603 81746 17844 51700 94910 97905 46739 60251 83918 19816 18573 49218 67597 25105 15018 48226 17401 64589 79078 55316 81262 85322 14331 74632 53423 49237 14601 86224 43295 66223 96237 17452 31267 97663 84660 98512 56405 93489 36880 23802 54089 15101 38875 62469 74722 29233 38512 27749 23763 63838 90998 58178 17256 87322 61218 45896 28523 82294 52328 90680 54882 34565 94986 53621 28642 14908 12341 14850 51652 96024 10216 50992 57118 13448 57373 21490 30074 80028 38835 29699 18846 58540 47736 76040 21098 90081 84586 46666 31594 75410 95574 73332 54365 94964
12319 75814 66000 84452 66347 95258 95502 64836 47335 46362 66543 82094 97466 76618 67902 71089 51983 52612 85366 43175 88811 39936 78463 43334 48197 36687 67459 29195 22415 77547 57239 13539 71329 93986 98719 67865 13969 38078 53844 29855 77354 53340 45003 76672 93953 69181 36054 28181 20580 40363 34655 79744 53489 97657 97233 49111 60658 90234 79452 33533 46790 15218 96601 47337 82727 84808 30602 63596 32408 77628 49011 28626 99790 71958 30064 41574 12218 91927 50811 65215 98052 61875 29964 71390 17029 79494 70747 25742 97985 33883 93951 61967 71432 43169 40617 81867 79770 71921 56456 90122
33436 26696 52567 36295 95434 11218 88774 95938 67825 79707 61927 96885 95674 12723 32674 92126 11017 80581 39674 61485 26712 11788 48022 85345 27952 23797 15737 68737 35955 91997 36709 18515 40313 37498 70171 83801 34395 40013 98132 81201 15477 33183 39642 91504 39664 65433 88368 36635 46213 31936 78997 42414 71784 23589 48765 35499 54306 90906 60995 35069 93548 90225 46335 93243 45394 22868 91913 64051 40403 32807 43585 50745 50962 40566 63152 68679 82507 84006 23664 52750 77553 66172 46064 40634 86099 29490 55048 30394 42467 47454 32197 28806 87507 23798 54323 15810 24583 16425 94784 35121
66732 58994 54707 81132 56007 99844 67480 38306 19223 66139 10877 78212 71111 66526 70439 27916 78988 39648 45910 92368 49265 57774 31648 98718 27436 18053 78262 21874 86441 57023 33221 30676 81738 52695 50407 18968 32627 67607 75318 11237 97590 19660 20684 50581 54594 23221 40532 40323 93754 76125 22862 62224 68933 69366 93078 19938 89876 59391 37778 31605 91283 35256 64918 61137 52700 43326 30333 39770 36456 18554 66192 54878 72170 64200 60356 40763 59203 50606 93107 55013 22945 97582 62459 70289 80716 90976 58944 14711 91380 33787 54529 40882 80405 42957 15382 64665 94723 44574 30880 22412
26476 66674 15042 27570 41139 22072 59849 25835 37297 17981 57591 69110 76976 74005 20124 71630 63795 75614 82938 44499 37126 95108 81281 25978 25459 42423 63621 25691 38652 11745 52331 47653 89076 60154 59018 58856 24504 18904 58454 56145 16295 72666 46212 42716 97044 48818 83294 89857 71753 90444 27538 69760 10173 30782 16629 97823 84484 54013 25583 11656 68400 49768 54816 79476 85782 88486 16276 12680 64610 57435 14141 99779 42176 12806 72863 53252 26976 28344 77334 72153 91043 99177 31523 77950 24371 50449 27479 76861 66996 36901 16557 63864 80977 47169 36050 23033 23231 11400 89544 96148
79376 94716 94745 38499 26230 77978 93036 94331 82820 36863 67892 27260 63096 46209 30253 16027 57756 89521 41077 39090 90306 94270 73123 14184 89946 14285 42076 97276 73652 51973 23740 43797 78638 77122 32803 73714 80024 26158 82044 22472 39373 72020 12795 20229 66168 19929 85730 43065 10250 56376 81761 64383 47505 69531 64854 95577 61024 17995 84638 41931 49846 89647 67631 39712 92850 85552 51754 30035 71488 21125 24727 99782 73381 87732 27173 11511 89201 68037 50499 41736 14874 64902 37757 79349 43067 94692 97048 43292 87865 51829 29961 19927 13862 38735 12215 91477 35719 26748 15202 25465
84978 60850 96930 20687 48116 29990 69438 66295 75390 24139 27410 32742 97316 47443 32008 23362 86217 71246 53331 37946 84802 21698 96079 88091 22404 47746 24989 65968 62254 68725 30502 70802 76211 30842 35827 28445 36083 55949 50707 11133 65747 31857 83057 77060 43431 26775 74411 92219 54268 15255 13933 24711 58147 58948 85515 50581 83231 59042 82668 64536 31619 51384 69779 72927 72518 72743 94778 23038 63976 49610 11249 79261 58921 14893 53228 86206 85192 18768 80715 69089 98687 73999 35502 41684 43873 89400 36776 50307 16913 77424 92500 70148 90580 96161 29524 58949 45938 94778 64614 95103
20164 70200 11487 46936 31955 34155 56159 52958 79199 34193 14023 96452 54395 41412 42115 78662 30888 74252 14889 85134 93806 51383 98617 72462 38017 60746 38301 98336 30020 70239 57841 20171 80222 11993 29597 59861 61274 56457 98347 41021 30733 24219 44432 41121 79983 25391 31810 65978 98096 32097 52824 33458 85629 31458 97740 99531 74096 33663 89112 48659 73311 32017 84204 95154 22825 53800 33118 90603 82782 64926 33522 13679 58482 13261 82030 99190 32674 26380 29725 59207 39539 83508 30080 65407 33485 71200 32466 13886 41474 13610 73111 80882 52840 35645 89306 48721 30064 48953 41503 69064
44643 80371 33874 69413 31073 97775 11493 76829 45133 94927 94654 35254 27443 91037 20774 95609 27523 71930 49415 14145 79190 19472 58549 67483 24749 98415 34315 54560 17628 11167 88865 10356 22107 71208 54157 93782 65512 67565 92285 50642 20947 63586 11619 52750 33557 37970 64630 76768 27782 21700 11495 63777 18042 27680 65697 45441 39732 78203 20077 52073 91174 60342 93267 24848 37907 67548 81351 20109 62503 21321 25711 94736 90666 84700 66110 76356 72962 93772 99650 88727 49239 61098 96672 87350 88361 73388 44262 19775 73071 99477 34439 68774 48429 41725 14505 53997 30657 44006 16301 46694
88285 43350 21749 85421 61644 76751 83616 67301 18138 35633 89880 36628 10782 40358 66066 85230 92289 41399 61435 98488 30266 31400 46957 95273 34444 97989 10498 63112 99924 23091 32765 53413 35306 34168 23332 70786 77627 66843 94748 47435 99081 28904 93468 86215 79098 87014 52080 42991 77485 86801 94026 23208 72438 54843 82145 51405 37399 13366 57011 55015 50461 89565 27148 24005 17315 53868 62094 42848 14456 45499 52706 63981 46837 78565 63228 75413 98326 50236 35472 95075 91216 59102 65415 11390 61468 43428 83871 57853 68014 79530 39621 46422 81758 60149 15534 94887 24257 41295 82405 51147
32566 64467 61652 85492 12347 59226 90193 94023 25897 65248 41887 35270 31304 78300 95592 35826 16704 24215 19365 95131 91595 55933 80456 65035 55726 63727 64110 55671 98361 81098 71729 21552 21140 68821 79651 42064 85612 82149 41773 43015 98510 77812 43109 77057 13913 92359 29796 86641 93560 44118 36396 11491 79029 52004 82582 43486 25880 44304 28572 61559 28804 24318 76135 44592 76414 28004 94176 21046 96804 34209 87295 17387 91676 96317 69875 49222 21202 28095 80866 49280 89907 97887 77506 37815 39965 28166 62777 29228 24376 67980 99507 18024 51994 75753 52243 44768 95652 29855 28343 88753
99093 96271 81960 49710 42269 82046 25077 38064 63785 18605 71552 98059 38359 37612 40923 69217 93012 16502 61963 96085 69294 97861 79053 70878 35637 26078 80665 10068 41381 17056 29700 97781 23576 57781 88652 20975 92947 46845 85456 64969 79777 83491 55364 83869 73343 23633 76133 44044 96600 17644 32729 66990 87563 59931 88177 13218 60381 33738 28260 73646 96787 66691 32260 41930 27488 30961 64441 16040 36875 44351 86034 87991 39209 70732 68721 59287 52756 15223 14842 43564 15520 32079 82142 20951 85422 82499 79256 11419 60686 57301 82655 57402 77694 48157 33830 62389 83185 29364 19924 29145
31902 15769 59239 43928 11684 17661 11565 90441 20450 50681 38793 73253 44625 27331 76274 22085 55538 52320 71343 57975 70251 55787 31213 50066 55824 83327 69116 95144 44106 58606 70239 98570 66495 26530 64839 28973 37418 24838 13964 33144 38918 43881 13926 78003 97629 50172 28675 48158 14631 34383 83857 61193 79530 36488 93177 94413 46295 45194 82429 53424 15641 48895 58140 22599 10598 66949 21547 32121 83397 20594 28364 70623 92555 21268 47710 49335 62027 39888 21556 59397 65526 12285 97340 13026 34433 59498 28829 62926 55522 94776 18929 98319 29049 29980 99631 31978 44466 91031 52656 63975
24646 60350 74666 70838 78680 33748 86000 93727 71555 97976 33104 98450 66438 29432 44595 25400 70167 78669 58413 57965 13650 54659 67523 49373 24440 40397 24575 59610 58273 73359 74498 81629 47156 57588 56582 30474 38508 77781 44160 57524 41272 71180 97642 65146 64424 98194 64485 11921 14036 72514 56274 40972 13927 71003 10099 67050 60455 16861 25588 77314 83406 58025 68398 75148 45809 88949 59066 91503 49244 58853 60529 48502 87729 61955 42264 34101 81863 94649 58359 98228 23905 84041 89555 80767 17118 90345 91200 99703 45346 37932 33719 52984 95929 12815 65845 58660 21526 47186 14077 84229
89613 23548 21329 16667 42040 62834 21617 47920 99728 53065 19317 50013 68993 50200 49936 26858 72523 88682 37499 11499 16005 47690 42694 40628 67909 16584 74894 17117 61518 42555 81718 48756 11247 35982 12238 99049 82345 23430 58640 96732 51697 65405 43661 28847 17702 37526 68747 62335 13296 55988 64146 92062 59161 16193 59698 21687 48016 29732 27435 74154 13199 63332 45657 92656 84450 51831 53812 76418 99940 49630 81666 24166 64505 88660 83777 44254 39073 33093 48267 71310 19530 81997 44495 93934 84227 58766 64095 71820 44999 43932 68059 18513 71665 66230 98548 24405 87758 52275 19849 15197
30465 92997 37206 48589 42754 55045 76949 83266 53811 49190 96800 27611 55057 51781 54541 41967 46025 58666 51437 67607 61886 99826 47835 51423 86297 77494 56344 90336 98130 33862 90864 35735 13718 78573 26400 78765 13044 28707 59949 40631 68261 29088 69328 28106 13834 47422 36767 49516 16027 21782 33412 35287 59603 60947 39592 57809 44218 68729 87291 42220 63746 66729 32330 83105 38669 10466 29668 88664 24930 73533 57766 91518 52913 79883 14824 34807 44261 34747 18571 92185 70916 68399 90252 95166 60182 75385 25966 64974 20154 58670 78278 66209 49763 67321 26011 15186 89501 19850 20891 64826
37989 14768 48953 65403 13181 10691 21237 65167 61571 63758 51724 26796 77241 66270 67372 16162 18424 87012 46859 60437 84023 74503 31534 80651 60385 25661 14150 42387 34789 36096 74335 62637 17319 89712 58666 17386 17224 93000 29320 57505 24463 97463 81418 11711 50981 82506 66313 52141 73919 48647 47271 11239 82190 71177 39740 43430 82611 59025 83257 80682 90206 14095 53900 62591 88648 88680 43105 63043 96581 52581 83256 64267 71979 46835 19317 62293 37134 32706 80349 92353 19617 52585 47779 46035 93721 48164 67759 60905 66878 16773 33685 25100 50584 77663 58542 34130 56184 14626 77571 26959
28043 33120 88563 28310 40102 88063 34233 64048 94820 70298 25494 45812 12184 25763 44214 16572 96569 21624 39761 56398 29289 38420 61045 98041 78542 70708 93422 67425 93222 56036 50529 83853 77103 95329 76232 18230 97417 99543 36641 43845 74891 17679 58206 22020 80342 94425 17010 78965 44364 16587 11129 14516 49338 12798 78044 56260 82724 87750 98638 80453 66733 26821 59038 89170 50131 25104 48938 64979 50176 35819 48727 88049 73906 90229 54405 74129 34311 29434 76830 56563 73027 93247 15836 39819 71959 31854 91557 77496 28040 60442 31373 89217 70748 33641 62022 35955 64504 78114 27519 49861
33886 58743 96082 27581 18059 98760 18624 92569 97253 99435 94021 47826 51067 67187 74155 26627 54236 15784 91077 10290 54560 68906 25414 35074 56813 75316 15891 62623 12293 92001 32833 12651 39930 25937 73606 54048 41338 20375 89011 14545 51872 65230 24585 33610 36995 59363 27290 80074 41962 48702 67229 76105 45310 18857 55596 53008 63293 19883 34759 12796 45859 45188 17928 43841 23801 18333 60859 37493 82208 46031 25735 90410 32220 98636 89838 72435 81010 87404 99622 29196 80425 20094 98065 73248 96761 64691 58824 53004 17751 13599 49970 57018 30911 35779 34404 78588 59789 42210 43063 56774
31540 87960 22335 91678 19094 55785 99877 78932 35318 65901 56933 52041 85121 80401 34943 34888 90619 31906 90580 44749 95181 20736 75362 71653 71793 86272 49001 63471 88605 33553 50959 74082 57879 70115 15234 70236 78572 99294 10072 95858 24758 82614 92536 94253 78985 39412 96104 49217 72945 56821 98701 23091 34514 46038 84951 20342 97886 84816 15199 86389 80141 72981 90703 60706 32910 77591 73474 88771 76419 52217 25641 68799 22466 99358 43456 69245 79673 51818 54534 19913 58731 49533 48351 55544 67878 12513 89611 82576 64758 85311 16757 48693 98531 25348 52218 83903 17346 20717 15959 42242
87198 23955 16521 81556 41663 56018 91042 42431 56161 67958 45621 21305 34191 75280 47726 64483 18352 48302 77643 48620 95103 64660 42704 29229 22285 22465 38022 61185 23620 81669 46121 45245 60229 80869 63104 46121 16676 16687 40543 13175 88929 37334 25695 87727 33033 68533 71215 93977 69700 87421 13359 80302 74443 79511 52856 19351 32167 34198 79594 49202 68088 56215 90242 52752 95865 68469 49160 32308 35939 48297 47041 89597 85021 83606 79883 19325 26995 38351 18640 59260 18293 44360 69156 25289 55782 35483 34206 35325 36516 27816 42114 13331 35197 66077 14154 74024 24680 76229 94285 76630
90529 21793 31442 20994 94944 41220 53087 58166 85576 68792 21767 61497 95369 77381 96582 70025 84266 58497 57601 79748 46165 53260 75798 35141 55096 24502 94689 54760 20980 11276 27413 60814 33419 64848 70450 19229 95722 27292 51863 39479 71526 39418 11987 45812 43791 29090 75551 80100 24179 72025 16958 81082 28522 20222 59499 61320 47751 14459 44097 95004 34781 84362 44399 40462 48361 18586 97601 36446 17648 99762 43102 91047 87658 13592 48324 47041 90568 66305 62529 17772 47688 83431 26228 58793 24904 83925 77624 29993 10979 48262 65612 92234 99460 83641 21668 56853 49761 47274 67348 49680
27571 59731 19192 92865 94839 48383 12002 84194 63045 72957 72633 57500 58238 21870 80852 45288 58321 11121 32517 65142 58411 61713 31529 40172 44360 87809 33570 40154 44726 66654 92840 86713 37140 32649 11608 97694 63722 69201 80121 48927 55894 66608 31039 18729 95588 23954 98461 31619 32306 20125 51602 35294 57307 87862 15075 74965 11422 25942 22806 47945 22386 60087 54190 13003 41505 92096 41990 55701 20474 18975 72713 20259 78393 85977 32686 66044 12380 46268 18096 41467 92454 36926 58721 34268 17932 57893 54392 53816 83568 51116 24493 90412 90044 32109 81985 72984 85134 90713 29921 35557
50294 93980 65371 13329 89959 61673 88351 27900 82969 42925 83544 56185 78469 69327 72403 33090 38255 26729 77683 33583 88122 80023 59422 96913 34015 61373 28129 44261 40869 76900 19282 98140 91243 28359 76424 58955 55452 70780 10072 99498 47525 56225 38049 47229 94601 99429 75596 50964 75563 82525 22950 32634 52798 21686 32710 94887 25968 35784 36376 10257 16317 58529 51185 72640 50279 75793 67660 60997 29151 50361 10576 48231 24181 38200 85331 53583 91472 69302 47668 86112 29345 65074 27873 98879 68950 96394 82079 62622 13185 40372 59073 21344 43842 50716 44855 71151 31029 97447 26600 28308
75942 78137 51923 51685 71639 46818 74430 60532 27721 54946 87826 24311 17812 49388 54419 83866 32055 65498 46137 48926 24617 32348 60630 74060 31424 98394 75949 93443 91444 31516 31141 59232 65924 22083 43886 68043 10935 19095 70481 94678 61443 44336 24737 66133 93213 23055 85009 54239 27295 83546 91833 46553 14384 59427 40440 13851 81723 61402 93756 48710 37446 15798 38276 94141 37184 41382 38466 89465 74600 87725 92047 82064 38230 12969 62353 36501 73367 80435 40155 44590 67400 21816 28828 95041 51219 10854 20494 31520 96198 94113 61072 38287 81195 69233 99848 49431 90598 38101 86709 54453
37575 76363 26049 82143 58421 12961 87495 22611 34944 55915 21547 60979 66135 67281 44548 25723 21153 99452 83336 30729 66797 81222 29449 56405 90227 48510 12235 94511 37109 18165 54266 29331 47049 81250 62082 61166 21570 94431 17797 53177 90101 67911 23086 40136 63796 86677 82459 64802 45995 21051 26018 89336 75692 75825 64477 21763 96736 62527 61985 77770 41940 88560 71587 76500 78529 52247 12947 98792 66818 87961 63691 23656 50372 18343 78955 28225 19585 59152 60660 58068 77065 80817 13026 21697 96428 98941 41681 16344 44393 86160 92675 31248 72998 85558 73190 27729 43468 36463 30949 18099
60671 13890 86174 21306 81303 59569 31333 54799 26912 67192 96030 95139 84720 84891 72497 64110 33940 83485 51984 64653 13861 41829 66799 81458 80809 75036 84427 19302 16671 89552 95430 56221 65496 27698 10403 93193 72290 57479 93636 83886 90730 15045 89073 73524 68009 23005 66527 34021 70979 16456 10543 42197 22476 90954 23284 37974 23305 66200 24973 21141 61428 29904 54187 79968 61707 14270 56619 18992 84864 25192 29521 27668 44443 42459 90675 40373 60461 45396 13208 28985 85423 60694 34079 29825 84800 15231 90459 59877 70056 65639 81090 92088 73120 36372 55125 62688 70525 69551 21382 92046
35367 15093 24292 50512 56088 19072 53945 82467 13110 32352 69178 82281 11248 21180 32552 55460 87258 39676 94774 60352 91308 78644 32768 81130 46026 11705 24891 72249 80216 49428 84360 15695 63860 27894 90305 16295 98474 94813 15450 29622 96375 53433 28128 15997 88617 89994 23683 43316 13657 54130 36016 84249 17400 56940 91796 63620 34046 94855 71117 54241 85656 46369 13332 53432 26172 98447 58339 19099 17842 13616 12778 93846 86165 21481 58719 19429 92486 30629 31771 62567 78352 60745 48390 43206 84181 64463 36160 77598 90810 79479 30329 45851 19067 51589 93275 78128 20031 97125 93441 42577
65071 65883 57896 85090 74468 99242 29379 91598 66017 75845 89886 51439 21574 74957 25772 84879 65506 90718 20489 36322 36640 48554 82731 32745 74630 59197 21590 46027 44627 85041 18633 31721 94073 47982 42471 76491 98343 18702 47345 52282 54089 87414 91015 38259 79730 64496 17504 81598 85002 41061 44109 16836 36229 93127 26376 28331 42020 71283 68777 52556 76142 75156 73912 52029 89259 67509 46169 94177 92595 50740 79811 48471 34775 78935 46994 42318 26530 85266 20898 80428 44119 36701 29503 82076 96017 90181 87763 96108 41251 59711 48617 60477 16688 35635 59017 27113 79944 69645 44373 36929
87417 57688 82146 73336 82714 91080 12573 49985 67560 48935 49576 99297 57068 26605 95099 79487 26656 98645 27985 71380 95528 73953 85532 62019 53871 21084 54777 13697 81916 49045 36314 83781 68088 92277 97258 94574 30677 19722 10950 22658 75946 48502 54648 97316 92948 95074 56849 42059 41055 65617 40096 23684 53370 17359 68597 10310 24845 11715 12147 14695 49751 28664 82884 56842 52192 74683 34438 59754 13674 94596 61601 12171 83075 53991 75232 36403 10144 11266 57271 79918 17310 29113 81156 60165 88069 53636 74699 56475 78681 43720 26782 58405 47414 17451 51208 93897 36591 33162 91838 59253
37288 43591 22610 87834 67262 84364 93172 40776 40765 24766 22160 36544 71426 87238 34041 10797 22612 12994 15302 78738 89636 91451 95325 16080 98590 13729 20035 75895 11759 68691 37890 79195 49770 87363 83806 49773 42908 56360 12904 50313 28787 74991 94588 45974 27615 24558 72838 71439 64812 26310 48645 80908 21636 16428 84111 58728 47513 88000 96205 64392 30286 59595 42230 75828 70097 45160 80303 12656 71499 78444 79214 21085 30336 52532 94837 12754 15072 57960 91897 82894 26157 68697 98344 39674 53486 26663 67786 25352 15590 43399 75474 96358 78091 61662 21537 93988 67819 87818 43599 31161
63669 40272 38762 43510 86825 40133 41178 76172 52833 60704 35621 26261 26696 34794 70290 95465 56510 60594 59202 47774 99820 70031 43660 74298 98564 98773 74333 69013 66054 49165 11012 26329 62080 10409 59096 12488 54147 11244 87428 25281 52149 96320 51775 18775 51196 58011 59219 15441 58350 12010 26783 14397 20515 81801 67130 95800 48034 45275 70477 95546 45384 11256 38728 35261 70678 65879 59553 74873 24775 94546 22524 33810 45635 95042 96252 74616 42885 81927 97504 22174 56818 49612 71703 68143 16925 58680 12920 61161 43223 72970 23847 11718 24581 89579 99287 75599 87456 41435 49475 26123
43661 80265 46731 13573 35223 58732 22215 36073 88942 86056 18551 57260 40482 94048 62474 15314 82097 53820 14635 25704 93335 11074 17016 46896 16856 48928 17118 93516 28981 29907 51211 94744 48301 17076 17025 97991 37311 42408 99922 66857 12731 87106 59702 27417 84509 83850 24423 90306 95658 51737 82318 21240 15169 84702 57215 90491 72937 60520 42948 80277 14292 48021 53256 93501 75426 72900 16437 13433 51992 15480 39873 51332 86038 44174 42000 82922 40142 39900 29748 38035 42902 95094 70411 76763 54584 19878 44096 69786 28847 87638 23689 13932 27243 51893 53939 47396 69503 40321 75027 69938
68943 46829 18305 62242 87586 35758 96666 69002 52415 83879 79791 72926 92421 81857 92108 44924 60102 79638 64739 38689 32298 77842 41013 46502 86353 96450 49999 50361 54340 88045 55082 12436 16510 93375 35538 82050 28536 85658 48148 67473 14727 77296 96233 89250 16399 70634 20990 53868 80586 92295 24699 62221 69759 68790 27762 54909 69296 87213 21716 99285 21463 95664 65241 19374 53916 36171 25639 28219 79986 97609 50431 14616 94635 25261 24419 90814 61087 71801 44339 80015 78242 71110 98705 75465 93581 40157 29432 91615 48735 64819 46589 42912 23621 26244 83000 91992 49097 49181 40845 79486
67694 26142 62037 48541 69780 62777 57408 51191 45844 16634 57176 49509 39589 71689 24737 83517 94351 64506 37470 31332 32848 21733 65541 36458 36056 57330 41130 71520 60343 86529 25530 78451 57722 77989 37346 52107 39721 81815 59499 65587 18765 76962 82735 89269 36051 43457 40084 10241 57941 96909 76030 36196 26389 79173 65863 79243 30626 10689 88263 96052 10965 47474 84851 65804 38715 93161 16564 92233 47671 10378 29598 13224 75055 24781 98415 97267 13842 52070 84736 85790 17645 42868 28978 65818 74800 84051 80787 66728 68072 45337 98156 99161 38868 77413 16841 13945 96043 54775 61568 89200
29484 89741 23701 41504 83238 11002 40831 68041 98227 57722 85516 66029 76928 15029 61322 90814 38944 46553 66059 95331 43409 34415 54370 99263 13223 49220 52049 85938 64334 74809 93977 74263 85634 92953 24121 27738 52119 56111 11657 27726 47957 59788 68826 68106 30241 50781 31061 35773 39164 82035 26652 65637 25681 91983 78033 71491 58521 12207 92347 40143 75647 99699 82132 40643 16055 82254 83022 38751 37932 38547 24915 85315 98090 93295 61488 31749 55477 61494 89684 97836 40414 38433 54973 76036 55697 73470 74915 65897 48980 11039 55721 99722 65823 68023 95798 94832 71021 58210 48016 70687
50336 66246 64855 99647 62840 87755 51961 63529 21948 17288 33250 63651 91499 96630 97674 77514 12241 51900 88612 30883 45825 16355 80784 38053 97527 83441 19089 17609 17117 43517 63746 19681 71062 90739 83021 50893 30348 55875 82826 30737 53912 27998 60111 86534 90038 35907 45945 53974 76449 19841 21301 39509 56173 65526 76597 21893 73463 69003 18798 95400 85712 40050 88843 10117 37417 37584 78904 88288 45820 99586 75089 59043 22292 10206 59615 95390 69973 72787 74624 93464 48659 40222 76755 84791 47166 68692 29680 88753 53886 29747 61513 28266 21334 92523 22716 78214 37453 68664 40836 46480
42951 75576 50949 17426 17527 27585 70421 86764 94699 45407 14364 79823 22199 67179 90413 81897 48030 26003 99613 69399 31432 28769 18717 67637 66777 75393 90481 25974 71733 74452 64544 33093 52533 13676 20147 54331 84946 44618 58640 30168 33967 58592 49883 21167 92533 75701 49142 51582 40135 77569 95817 49713 47897 50384 90965 26280 67909 97914 41603 99533 90941 67355 27782 24971 67165 57408 25445 20213 29702 94591 96285 14721 53280 77692 97406 88021 28801 82887 98476 62896 44509 34008 91232 11458 73598 90247 92860 53569 69870 86984 90903 98033 79237 17413 31750 69642 18272 88169 30935 10758
32192 15716 98367 19351 40912 74699 81810 13415 44368 81523 15177 92982 85846 32863 65841 76752 57180 77494 43468 17950 89802 89710 82861 69060 96878 27910 44196 85020 60648 60374 25222 18967 63325 50683 65002 63680 42399 37502 56589 78443 83792 44252 39522 77895 14007 86995 12299 66900 51441 56819 60307 22319 98588 77049 47294 57459 88050 17751 34455 97586 79758 53380 65934 88886 87580 84603 12273 74514 22232 91441 24964 37286 71986 43959 74630 11208 27669 40456 83169 88514 35713 17387 10319 75445 55508 95263 98706 80852 60651 76142 18626 26531 28117 36196 74497 12309 31802 49251 82778 11156
43138 94420 96728 26030 34736 11474 22344 46844 66301 87943 68421 86824 90130 10236 71004 82890 17123 32680 25500 11797 98440 19870 65604 26142 57588 26741 37355 22684 45196 26428 57508 57555 20209 10872 83463 64062 89834 62817 95885 79178 17403 39123 88704 10688 93422 68375 27422 29718 77423 95032 65798 17846 32084 21722 32045 55939 72609 36652 36157 19033 81262 78383 62833 90760 69220 56231 71571 97223 24882 41036 14618 46097 30683 78359 75054 89651 25677 83083 84721 89628 70817 88387 32875 98231 34317 85328 56574 59119 35691 27840 94502 40083 53257 14699 99463 70158 24832 22412 50031 65805
25511 88383 80048 75883 33753 40500 96383 20922 58095 59452 22272 15754 87640 12107 92939 49862 96790 55556 77349 23930 88275 25312 32117 36605 71976 16162 30101 39384 81186 16418 90116 20871 83377 21914 93287 15187 22252 98707 24714 93077 30706 74610 43083 43755 90115 12073 96910 39415 76306 19714 11898 40657 46386 80287 74949 41464 73696 62296 98248 71332 78769 35102 19812 77960 12963 73179 58291 91868 43143 25207 20919 20338 30617 99065 50232 98605 96242 60374 85733 12999 45841 12837 23087 99539 80877 66599 16959 89155 38498 24390 49424 15369 46416 45370 54724 17697 64427 47190 36985 94868
59395 28435 41700 60756 99198 81819 29955 91735 68994 76037 12924 34109 72727 83962 87382 63793 77701 38154 56112 90773 65835 69548 79820 38008 86158 23993 50109 85370 43372 57094 30852 23361 14690 26707 41056 90317 59053 75788 28374 71685 14455 16316 16514 27971 78114 26482 41556 13310 20015 41144 57129 68181 62706 10925 60449 50658 20472 55659 65839 47803 50834 50204 15122 67715 16811 64593 71908 73443 48884 56145 96049 21693 98947 74668 98761 26520 29295 79189 74248 61478 87075 87192 65635 20898 75464 45175 66300 71410 67507 83656 34357 83603 27980 22629 28241 92368 67670 45182 32549 47820
28619 84159 67112 58877 47391 34696 37998 53057 43332 21861 56656 92412 79393 90412 45479 89643 87445 47031 95114 17284 59495 25012 70163 20132 97687 14950 75092 78778 98478 18797 75420 27772 70874 56777 64483 47823 68996 65844 58957 24809 83481 51290 18285 74177 14037 72395 96021 87786 69052 91896 95456 72391 78795 38659 90613 25897 38102 64920 23207 56607 66320 61956 85498 11795 58067 18426 12224 89405 21480 30163 79005 55566 51348 11244 86658 22434 61402 18877 18545 65940 62720 68111 85264 55673 62401 91474 54776 82934 99294 37752 75657 40994 46524 51149 56276 14420 50622 54225 61462 74626
78998 15576 68512 39019 94711 73690 34416 28869 69346 49111 92755 21968 43649 80394 17515 41735 93021 73042 86587 63985 69138 80328 85011 28672 10535 73723 92345 38902 70858 46483 62974 60664 10664 34683 45482 68510 15273 75849 25040 34717 24923 52334 92988 21353 11828 59890 16399 18043 99625 57909 86166 61033 94978 90803 65921 58048 35138 91955 68089 66516 33167 74602 48010 38788 37840 13766 82467 43148 54367 23372 95275 19485 38713 68335 88507 68339 68375 82635 62382 56347 63279 72066 75720 66871 47643 69132 75436 42910 36226 25712 10924 24729 91958 23866 50766 55450 85282 18864 53457 35210
63254 42862 83792 78552 98204 76558 92434 13493 81097 72320 16339 52830 38516 93534 37605 76463 57049 56051 63105 38853 40404 90379 49451 50244 90309 93958 59316 46405 80578 55418 96069 71752 12028 53039 64617 75118 22708 20144 80939 91992 47153 85949 83100 74770 91553 23918 76999 27555 28340 88505 25979 77665 47682 85834 54680 70824 92153 18854 32364 11170 94601 65819 35572 20811 78283 87968 22946 74581 33040 64678 34211 42678 92016 12105 53276 85392 11713 60975 20641 55180 95558 72933 96246 71289 54065 22737 13120 94676 24959 21853 51172 33948 33709 28039 79940 67620 51184 46242 17139 58862
60116 20693 70716 41449 58757 98981 45648 66422 64405 78071 98348 36402 92152 86423 13873 81679 19800 21364 48738 87609 55203 43296 37326 99783 67035 18103 69401 58931 41564 58829 33344 29678 91790 71032 14630 18675 21941 28427 36588 88666 60560 19269 18063 69443 78075 34127 43123 98894 81321 62449 58366 17996 40848 56744 45489 95514 31854 10762 66440 75010 94121 51456 54846 77087 16960 80831 94913 64562 40339 41690 84453 14042 51907 45961 34234 86412 68312 37703 71503 45967 59120 57103 83553 16681 86987 21471 56891 66072 34583 59926 32842 72859 73234 99964 96281 61992 43025 44253 36903 92550
86204 26716 21416 68948 95854 96875 56431 74926 82352 82868 79172 70661 57058 98729 41747 68224 66054 67592 87568 72575 46012 14347 18719 47212 85081 55320 50144 47586 69755 94766 56976 78702 55489 95812 87583 57365 67578 37171 71403 84412 86795 66699 68886 88859 75539 76653 24467 77584 18287 29819 96935 55814 61989 79222 91115 83484 43651 86033 60097 34201 40044 92912 48132 32239 80928 91423 58255 97906 19054 46053 31959 77521 64205 80728 90926 79038 53732 73959 61800 13320 74006 70106 61687 14152 45900 31129 44899 71989 36430 58494 26345 31429 18230 21914 51222 70485 12441 81362 36118 75905
54289 51636 48023 78536 38664 61091 11399 69118 92526 30325 58105 10132 84781 14578 57824 26790 57324 46407 63361 38197 36079 58472 74215 94935 25143 55881 23883 77409 91325 82314 22653 71025 95987 59316 21328 67869 15949 37290 75808 89295 25072 38475 56312 47536 34466 20791 29967 34010 53513 81559 82787 87018 66999 55919 72529 39248 63572 22426 88934 63026 76438 66568 48358 27002 12437 45995 26074 28994 48528 55832 37919 42032 59744 44149 16066 79511 99378 72394 78705 16389 26882 54801 38482 31147 56471 55832 27993 89541 78153 80647 86419 11881 97028 16882 92179 55170 14268 19894 65410 56266
71201 10429 56478 90104 66405 90969 27798 63825 33971 38651 76771 90431 71490 35028 40973 82214 97001 76400 79414 21100 23417 89760 36852 46899 69832 19222 67597 85596 33706 94610 13552 95978 67562 40542 17586 81091 67064 39872 85344 18515 84107 56625 16472 11884 74765 75337 84239 40856 46916 39984 76296 64533 51614 36276 70605 96421 81747 84001 61863 48816 21212 79543 83613 22150 31518 62855 58415 31207 65806 84575 69955 48744 60407 62924 24530 25962 77529 37749 94004 34776 14191 21432 67939 74398 11850 75136 82323 48701 47710 31446 66277 11819 38381 68124 64504 99544 30995 57298 63298 64469
80862 52020 42527 25686 21801 41523 17396 77890 33463 50950 88349 41195 77554 49407 76309 53489 88269 56539 69791 57284 54694 89278 21989 61398 77460 18048 76685 24565 13505 36111 94208 31870 18391 42940 85770 37044 80787 72742 34610 45865 54058 63064 65730 54146 54292 93607 43948 68079 39634 32635 41009 88525 43380 73115 57224 89474 53874 70941 40581 27128 53090 30637 50539 85571 80870 19904 20565 12815 87621 35283 70886 17073 18328 81740 11927 68147 22705 14065 85314 29424 94762 22826 95035 54530 71509 69394 61838 61782 55274 50665 45727 30792 43613 72618 74254 81442 24382 10619 33070 84109
67533 26173 97920 97003 70094 90660 71320 61753 91358 36026 14096 43199 48484 32292 60171 72092 97024 47929 85673 30955 89890 42872 45331 24168 28402 18324 64000 31981 56957 32443 75692 96988 87815 63140 49356 58679 86702 27201 90582 49219 62312 29798 23057 26302 45908 82030 17751 52409 78245 84120 80365 76654 46967 12469 16522 55111 99120 51759 79324 48769 53875 19650 20905 60349 95538 89400 17080 77310 63014 24351 58002 63455 11491 61613 77573 39711 10428 73975 91687 96416 49792 14345 89568 76269 53369 27408 41774 83115 31998 15432 94615 24308 75268 43009 44665 16789 28042 95099 29069 96010
79859 80458 53918 25736 34608 50306 54800 90564 40621 16086 40721 97249 90696 92626 47961 82135 97552 50379 88415 26026 69133 61278 69923 38507 96099 12951 47727 49415 46520 24453 77579 44491 82653 29455 14573 44042 21772 82000 24977 90991 70857 22087 32713 41844 73371 91985 60794 11327 59475 38265 58089 12214 81166 81114 53939 24709 55658 52797 71103 42986 36135 57302 15983 78445 93936 63952 31927 76927 51013 53781 11980 36510 97038 60200 39548 17252 26574 25786 29259 69534 63934 37658 56478 70005 85123 85349 61893 82945 49960 87361 64633 24379 59126 31400 91093 45936 76982 38825 70342 98261
33451 87307 40489 24947 39983 49175 51710 68779 71947 55622 38909 52716 22053 72786 55645 22735 28264 10018 81395 57915 87520 13406 68556 46543 80813 43695 59652 68177 15579 32985 59199 62890 57533 63785 51214 86475 44085 63320 33417 70151 88213 32523 12653 87389 89917 90772 96524 66296 24446 66082 11438 80182 70219 29752 15406 28387 40951 72334 73610 55378 19178 32934 37659 49876 74484 93250 96024 52781 11636 70991 71748 37442 44352 16413 61523 66389 66432 86758 71959 61294 91568 96038 42778 87972 46764 63928 24095 39279 10105 56038 32531 40303 37910 26859 23939 31576 97896 27866 83374 11591
71871 75456 90685 35102 92300 50944 92283 66796 16157 17634 30660 97331 51726 46784 75032 32923 64121 49164 10592 85309 80065 88152 70204 76128 17278 86684 59107 71283 68501 61915 19829 76404 29800 98316 51308 59335 46855 91443 43636 99312 60737 17842 93582 76678 76717 58988 46317 78045 70315 42923 67504 41856 73191 43046 76087 91015 64284 68082 65220 99097 12798 87107 24310 69247 24098 28101 13091 46800 61648 13551 51435 56027 90755 28062 94568 47473 39089 88132 81494 57368 66634 61956 76201 87790 27994 17390 36498 17049 34753 91718 25782 12001 97430 40929 49843 69660 66612 14263 80676 71844
31022 72076 25474 54369 57748 38636 24746 69885 57222 16655 36362 69260 17483 13273 54100 91404 23041 26408 17548 18584 92013 42340 55078 77284 82081 82668 25953 12458 28432 42538 46431 91824 28811 23395 71952 84186 13252 22844 83487 24612 68705 71237 34875 52678 18904 15833 79114 95694 48331 95269 55643 60440 63135 60652 54002 46332 74993 69874 83544 67422 94196 65223 63011 30207 79062 90740 45705 14979 85430 13585 51125 22786 48981 70036 22952 61782 11345 75271 65913 94803 24765 75596 24577 29156 60766 74193 50500 43929 45868 19698 82834 27576 29342 29778 53565 10903 25650 14444 96753 71861
72619 92067 51587 43818 92946 21925 92627 60607 52207 32339 73155 73210 90422 75359 58481 94890 53957 33989 89538 15703 24801 65605 22236 22275 76005 55503 25740 36747 13073 36696 70150 98727 27958 20771 42229 26857 98090 34670 46820 31188 38471 81715 12520 32287 42371 49995 14287 59288 75087 30819 56827 72919 68417 69439 64483 86930 80299 87087 31239 90992 76201 78922 41902 43907 42873 75461 93654 92752 19301 94561 60209 53526 28533 53803 85374 53537 70239 54517 74009 52058 19141 69378 25846 24910 45947 42171 38697 65916 41716 14867 61093 89030 27188 85059 27239 20590 20507 14831 18841 32611
76206 38747 18354 69011 42853 12335 14692 31612 16061 23722 78787 83408 78139 26548 94573 90162 57820 36669 48850 74743 41752 12255 60382 84925 54857 99121 15964 91851 82420 27583 74504 65776 47364 55730 63255 44359 41848 46000 35236 62450 24476 25747 52632 55965 52935 31000 20830 71972 70134 39065 84439 17384 53926 17069 90020 38625 70505 65997 96984 29373 47190 35740 90998 39769 78981 15030 10226 20329 57394 55867 73130 73038 44624 40326 39778 31438 19996 26117 77999 75058 36129 71781 11691 76571 37609 46780 77256 98223 43577 43384 64307 38426 54517 24453 87167 15061 14199 58781 45073 63110
90576 19797 88181 10679 35349 64379 77787 60584 34226 17523 11072 17425 46106 22519 42694 22226 33353 77750 20288 10138 56509 76015 75291 88590 45521 56151 61451 83555 28601 34148 17147 75841 73895 85737 72561 40380 68969 66789 39404 22136 19477 89238 67615 98979 94675 23069 97779 69329 33375 78751 94265 80593 49664 77497 20720 54376 21317 13433 46580 31669 33962 18718 12434 81106 67921 39882 64392 50745 71180 19285 94600 83955 58628 22393 33441 33196 91459 90729 70852 80536 48999 68327 42924 83516 55497 53928 49451 53289 44369 53098 75924 46592 77057 50798 91097 46649 95847 84886 30850 81670
91827 46014 73516 45731 19876 24250 51791 55912 21074 54390 46409 29456 17784 78974 55410 13042 76831 91538 73364 27575 84790 19723 56489 58292 10184 34734 74348 75482 94698 95216 12464 47891 60352 19459 56164 71070 16619 43944 75443 12853 62784 68605 80776 68178 98639 88120 76761 97265 15923 90528 87957 20679 50087 34566 96971 66640 44911 84059 38370 87723 18446 37814 84825 83733 39492 93807 29424 20842 45217 12234 79173 86947 95911 77423 56151 63936 47354 14854 30157 19356 29602 72520 17156 73091 86478 70783 47596 26911 36750 95531 36009 59402 10270 84132 19823 38214 96307 96564 40499 86092
79092 80533 56373 97391 57454 40359 50889 53756 62864 59615 48913 91383 38838 69829 74877 41241 24011 48987 31982 95747 24378 57427 85791 84016 31870 65846 35100 75771 92865 89289 51011 64956 44996 42078 77854 13641 30081 55130 14129 97011 14298 13457 14588 70820 22517 59150 82576 90545 91769 39245 52670 40300 80152 42579 27716 21019 83912 49642 46840 67085 30058 10598 85944 61015 37615 63963 42007 89052 25922 24747 58576 49834 24304 62274 87110 26958 43224 85983 76506 21466 57377 87818 58446 68830 72118 57563 16932 90328 43813 50191 54969 15335 12759 32333 18470 22136 64000 94877 40231 36836
28157 96916 20821 18706 10458 34964 95181 11020 82941 64467 88789 94431 88889 77004 94132 15222 10436 43808 68734 44464 17158 70707 62832 80252 29583 41178 67689 15678 14003 65213 10560 64818 82202 37586 79283 78688 80763 37850 89684 42205 93893 52912 59224 70586 99121 87381 92375 64281 27034 99795 41206 40625 27518 27959 85568 59749 14337 26107 90610 74474 56208 93845 20135 63373 70016 42592 37725 57564 37084 18738 64351 50007 31849 31364 25824 32982 62769 70593 29731 31019 23523 28674 77512 26140 63782 39549 44715 30469 91593 44843 97570 53820 85200 77439 82006 91594 57526 97939 71611 84743
17436 31136 59330 44255 98948 94196 75379 93962 12248 96520 33076 31553 36189 63840 25507 67309 45761 54363 93492 83355 17557 60084 95355 45338 13213 54458 30691 16344 42328 85724 83269 66980 88741 67209 79451 86332 95407 37041 93083 47523 54299 43147 19733 77010 81243 52043 93851 96307 23902 13467 33280 98779 44183 16956 96177 87023 62504 49431 70373 90118 18616 71027 54924 63050 45801 28712 52892 28160 83456 18769 27973 74791 19850 57560 50345 60542 63007 85990 75293 98947 32622 16575 55589 47185 99646 45277 13667 20013 89005 62932 58696 84425 98660 28957 58432 33222 73433 77173 19609 73653
17126 84253 15815 40882 53940 80348 62487 64185 55405 68190 19115 15742 93191 89117 86640 50541 89236 95845 20886 47573 93880 70778 73829 85813 71802 80474 64571 45060 25327 48499 63585 62681 10313 77442 30089 53177 21411 32347 41329 41276 72215 43812 29771 70756 53303 10705 27823 98362 83190 50315 98551 48124 88876 55057 33194 41608 63481 65267 25689 38273 71908 97220 29064 23174 39738 29551 21453 66347 52222 93888 83843 70964 76089 75073 71356 65091 14633 18597 40493 89777 19789 68577 15455 73962 54877 34521 61660 90123 45528 17403 19926 11575 49813 17096 40735 63595 61652 91507 80852 63290
41891 15334 77399 32045 56461 20063 86484 44072 17484 61819 30044 58542 36894 81885 47039 41125 32895 87024 10076 84386 42213 76202 12790 34754 94964 30258 16691 49084 75732 93263 26484 47013 92027 65005 99155 75122 37461 46493 11775 27221 62693 39831 84101 31369 67119 83036 90656 54907 42673 84078 26241 86035 47202 88224 71232 62356 72105 11536 68431 49486 50320 91978 31449 15218 34568 88658 99155 39438 43810 77962 52172 13400 30932 80746 53654 93668 93383 28964 43594 53574 55215 80096 39355 12362 22233 22283 71846 57942 49375 56544 31411 80428 39167 36880 82808 96327 88687 67921 24200 21073
34286 78158 81465 62716 21020 64490 74963 76204 97800 63187 27243 60458 33934 12357 44670 28224 90117 44213 13032 79463 71276 76207 74461 54176 81609 51183 29711 80860 80694 44429 15107 45758 13029 12826 44262 27154 54122 87311 46665 83340 44510 71656 50903 48715 79360 56424 32934 55914 47284 99099 44776 91970 92306 70284 99112 88333 27043 23522 83282 63637 53517 27598 77862 10806 87857 13797 28327 58691 86644 20039 96522 26036 29051 82482 27553 31776 88029 43442 73029 73340 11801 21911 84856 84001 81287 92019 55465 81657 46491 36303 70040 66355 52449 70294 75805 22006 92385 28628 11223 25562
28545 14921 21903 47085 40647 28898 27893 63238 94780 19272 90896 17206 14198 11663 78856 93604 22992 91623 49038 25727 62999 77394 69465 16463 92639 88048 92653 10655 44540 82962 52055 81228 70855 42374 64945 45024 56174 78702 45832 48725 90989 87484 62322 28334 27204 79243 85836 37565 93859 76733 67678 27284 89486 46344 29374 17847 85912 72915 22879 70031 23648 30114 88168 20555 43721 32809 54646 77612 84688 26254 47959 46972 93131 23187 15468 38184 40656 86097 24942 66744 91319 12080 59676 16747 94613 92088 18411 89452 53199 62778 39262 92384 50015 20539 73265 52067 51921 44066 86504 58684
38292 56880 40233 60524 91723 20961 17048 69076 69224 37164 79521 68110 57559 13763 87233 39960 74369 42021 20492 34400 29597 73216 74651 29953 79630 57653 11815 56818 41549 23003 74333 57102 70731 70366 45381 43534 67869 31625 81116 18309 70605 75712 74125 12173 15565 86512 96584 65549 49757 86705 68656 51512 99510 22449 41192 39919 98349 59363 78558 27498 12126 15266 50768 41029 25869 14229 74566 82380 79884 30255 99835 49562 69597 17083 44855 14991 83565 59433 73919 53833 60022 53246 94153 82016 97416 58054 21466 11388 31604 12365 68792 44082 87428 81545 96939 17356 18663 30988 86867 79658
84798 24939 98505 35891 59973 44079 82182 39540 36078 19225 88242 64438 43988 92718 17461 15170 47873 74226 15196 81317 84794 34606 75999 57348 77446 46632 12372 24739 16480 94710 11506 46733 91689 64224 19636 72652 92179 33076 97574 47805 81938 84791 87622 64049 71332 32071 50610 97386 40255 75888 34096 68773 65059 38278 92720 65263 40695 25035 36231 97527 21565 95391 38432 11078 65629 82447 72998 26307 35919 21484 68384 52801 22251 38859 43014 15662 95428 43964 85020 96769 97226 72025 64952 75844 27531 66277 94546 15911 70282 27681 42142 21339 52645 70922 70806 32016 55177 16301 36373 55424
35503 24828 70739 77921 59436 52068 39080 13020 90108 55354 78301 95023 19304 31085 99028 66804 45934 27597 98570 58327 46885 52823 26653 95026 32326 43987 39629 85290 66838 58953 19743 70670 30816 25812 51144 92093 83597 29542 14913 66561 33590 13224 34446 96212 41333 23072 39232 23778 38705 33633 37966 38759 16844 26654 77359 39354 15922 90601 93069 41153 30738 44618 99444 52013 19914 13731 60871 35593 86210 76443 30611 19428 44050 82524 49241 74861 83411 57835 96323 20272 46285 74586 49904 49129 81368 61729 43276 13662 82078 52925 60367 67437 74011 46874 70594 44981 10621 66426 34355 81382
99276 65260 61121 11867 43824 24294 95416 82406 19743 11805 27904 54487 55799 71228 92876 14742 35668 97653 76540 31759 66983 19903 30059 20480 92142 99191 62923 71202 53326 36825 51217 61157 18429 22068 27653 68767 65297 94246 59469 65061 64986 22355 83740 64120 16244 38969 67868 79061 65455 99934 71962 41682 30604 17561 20751 32695 23279 58957 21243 20131 41043 51592 84737 36905 21340 37759 47304 91274 76497 67675 13703 97403 78422 61581 27859 16170 63887 51058 15125 99969 93632 72145 98322 28028 87441 86297 49838 99048 78741 10368 13627 84043 40340 18009 11208 59838 50193 74263 61897 29719
92448 42515 29709 36567 28576 80634 17152 49901 21747 90327 84553 95140 24832 11371 85920 24494 13043 20209 62808 41683 80176 25449 47324 78733 21546 41033 46387 87377 24757 55955 76722 38409 38407 35791 13657 40869 35325 91214 50710 86466 47127 87353 94068 42896 30535 25168 13962 41214 32472 74740 73099 88870 56874 12152 24498 46610 75965 37262 14179 76519 76663 44720 39151 55942 62731 78304 86129 16376 74226 58000 52941 68930 69223 63703 51988 66410 15636 20487 91194 77134 34776 78970 51115 13301 24857 87787 40692 76616 85487 78053 10771 54211 21469 32961 22736 60960 87272 42934 59357 92190
84576 79321 47932 48757 59569 39554 24640 88390 56453 77886 18216 87380 11143 78842 36977 30764 10871 64402 36236 65014 45609 89245 49898 59620 43626 95391 27292 63463 43498 22583 35477 93366 17428 36950 86618 18144 46287 90940 14650 17999 58180 33883 43813 61322 87960 35355 14494 70508 39607 79725 77623 42075 37093 15712 90420 47760 67835 58720 59481 59620 29616 34390 28415 58259 36879 65136 58926 12833 97947 99372 28007 21011 71951 52001 52542 75693 28328 49311 97595 17557 86133 39783 58388 75656 76966 90248 24763 34533 87740 63249 99901 70254 31754 54000 92755 48925 53147 99778 51830 19911
13430 77137 92404 24375 39067 37349 45957 97133 91708 27469 11495 31057 23347 73514 62656 21500 32983 70234 36250 77621 91327 83749 96124 74409 84311 25131 77102 92604 13189 45914 37920 63788 21802 90637 79812 59547 96848 54780 24136 94797 47779 22365 92872 39975 48459 65548 79794 67529 30958 22984 97846 88120 63428 32468 44863 56495 28282 56758 95871 66306 64718 81499 20653 80438 44687 51960 42064 52606 52256 28011 92629 39548 71688 63428 85108 26346 43785 75461 97023 82328 94707 86612 24385 22702 28741 55428 12887 68275 54899 49398 82762 65017 12495 49476 47322 20455 24416 26792 69550 50728
75880 11852 21124 15133 18488 19171 37757 47724 67900 68159 84492 65955 95307 49246 23371 72345 28762 90918 20823 60913 18963 75008 22460 59116 77267 66906 56927 92216 41023 17910 55524 69501 59981 68615 29432 88364 25943 96471 40802 71607 75501 76378 85177 29587 49432 88184 73423 58502 48192 59988 50817 92109 39680 40160 92050 39236 38199 99510 88449 25191 29846 12954 74405 74977 17148 82261 67994 17025 34910 27628 73515 96230 29440 87792 56324 94912 72862 92350 94084 99716 79416 61490 73962 92205 34535 72227 89845 59261 96596 80511 47564 47644 50319 80244 96283 81867 74638 82345 36754 76500
40994 69456 53085 60955 75090 19434 30735 56863 42520 56244 59572 19008 50856 76447 23882 36728 32197 85751 85023 63513 43665 27642 75280 12771 76482 11161 75582 25875 26138 91997 56347 87358 29572 42796 84274 68544 92146 81657 66317 37289 87014 45915 12384 74391 70010 38506 71384 27114 44464 71841 75667 17281 46219 65190 22636 93143 68693 22693 65265 44868 70927 95852 17964 93001 29341 95183 70446 31838 90046 20069 93259 23893 30766 10833 13361 70352 83253 21881 19370 29566 16191 53178 87767 99537 42884 48678 22632 59736 43748 83913 46964 81635 13969 47040 37006 91959 21512 69419 22035 72029
45323 20170 42473 69395 60820 33896 38942 82405 15606 10015 83154 69833 65825 77062 10035 53715 42654 91815 29857 74702 25135 42657 19855 48881 86999 15292 16204 43972 44857 45961 13556 70589 32802 73875 94251 35035 18080 75049 27527 66254 37775 85736 41977 26202 45158 63086 19600 40087 28307 24940 20427 62864 91666 77909 39690 41336 23257 40271 57715 43708 64195 37674 62211 99576 57431 86052 90947 64242 47540 73504 59984 15665 64779 94620 34369 70735 58191 14850 29704 42471 30334 16989 42475 29161 96647 72389 58663 74798 66144 97212 80380 72390 19262 23990 43424 22515 49838 39144 35751 61655
23891 50766 82385 54766 64970 91891 12464 37078 43412 21289 60750 60423 49306 39722 43079 37620 65376 98506 79506 65124 36392 52746 82072 38684 15980 31762 15711 57030 26889 76425 85577 99569 25998 46110 12323 16659 28893 31110 13681 86314 61071 12861 73583 14398 22132 14355 75467 82032 89308 76506 75167 24333 97828 55478 60190 74835 82372 86223 13412 50822 45774 10780 64071 76283 60130 50739 93606 73257 24114 25294 91388 18092 37864 86250 46234 14684 87343 21630 45889 69173 92094 24500 43551 73675 37857 77664 83376 70865 56773 92966 57453 51351 74845 87686 85952 85403 18481 13372 19360 54600
93455 27532 10196 15764 69253 69841 80940 86726 13295 40767 30453 96646 59196 93694 31221 98364 29490 13017 95664 55185 82107 48199 59573 75167 32173 64213 48013 37046 15324 32935 15575 25072 98372 52331 39504 19133 51628 30381 15581 16917 51397 18460 27523 90130 15711 61022 46299 45616 46447 59410 90612 96102 14688 83135 60260 53363 17079 36675 10312 34716 13919 75788 81402 85772 83001 50764 47677 63953 73270 53047 26858 27137 59466 59527 24778 54101 62467 10952 26753 58619 58831 60035 32641 66964 37145 19681 77059 42576 20639 59729 76918 61941 55070 96260 92545 71125 58987 41222 60175 92945
91040 65237 37678 89970 77642 41143 12181 29321 28435 13133 27300 50056 15857 88818 99156 82910 39080 30300 76749 11863 86160 32541 54634 31951 38705 45895 77722 11005 68589 93431 34819 77143 80071 79902 10892 19131 19368 82846 57960 12019 72924 88447 10659 70724 54785 11853 78713 59154 78896 86870 32553 53868 45528 35934 62338 30646 82129 22115 42442 54002 53981 77693 79292 94448 82695 46189 47452 73084 11130 49349 71459 90703 61445 32320 85453 31024 68236 65249 23703 82555 74231 49523 77249 37334 68583 67453 48959 72207 20467 82420 65557 46365 61867 17839 68668 44050 33402 44588 71644 37095
67884 39414 74933 82593 33285 94237 45895 91078 18928 57165 37933 99592 21908 57072 86834 35159 82293 46211 59648 43938 91348 21914 94139 75927 48698 77153 88552 79723 42757 65171 62847 32182 69556 83197 45262 45813 44972 78585 48734 99466 32472 47127 55139 87530 86793 21197 28173 59087 33043 37141 42115 19474 75431 82162 86437 10765 95911 67235 70973 62321 80513 68366 92357 35194 97507 14883 46458 71190 58914 25610 46624 28729 56770 92314 93732 18943 87542 93614 87168 14471 22849 19658 83133 69517 49675 57497 62989 95987 41945 11583 16804 55192 76553 25385 52357 59447 40568 87637 84634 86925
14037 13059 68181 13432 79657 55765 16875 10106 50168 92271 74586 72030 97583 28206 91563 37498 25032 59019 82322 46122 37593 44972 68919 91550 76528 96623 91164 50104 26268 58495 14613 70225 58622 46850 11695 99910 91108 34008 86122 96168 43929 16964 55568 54219 54718 16700 50669 15674 26372 57148 98045 40330 73996 20845 11883 36655 31242 45556 57665 71107 38085 79348 90351 21268 25010 47214 35414 93958 10397 50949 96083 60245 97329 60154 11433 60669 80485 28551 35817 37081 63069 50974 41370 86751 86802 53108 16414 70181 12882 72735 12797 65679 55173 85918 46996 60533 53129 79656 66214 43077
40601 92191 67778 98746 15818 63560 94652 45693 12087 52967 52648 76300 15156 58597 60737 23193 34874 90551 88519 79010 40775 34379 85569 46736 81457 66304 97585 97151 52789 81806 99198 75246 60256 83715 52234 97205 98195 49269 16399 63836 66046 45221 85798 95380 69974 53958 17922 16908 11246 19000 24673 31667 33907 10615 10084 94342 63541 62873 67961 28210 73012 59270 85325 31722 73896 47972 84196 61976 99689 66587 84932 12853 39312 42757 76795 61938 68749 45224 36847 81964 67125 99377 77626 52965 61618 82699 90222 69763 35139 25655 56235 63982 65524 91843 81687 63977 19385 40511 30092 68392
65464 21500 28071 25174 22062 94356 97109 56954 13529 53604 84163 31446 35766 30889 46167 90416 10811 90383 27866 26551 96079 31116 69735 95968 63453 49178 31032 89727 70998 22295 81580 78777 94875 88599 29111 27149 11412 74704 67007 29160 25405 37649 78509 89884 54974 11191 77589 96973 38923 38982 93163 13929 44862 67050 63374 92231 62704 73353 15811 60886 53434 47969 64691 56072 62921 33850 72733 13397 62970 30762 48781 99662 28438 39582 79853 32980 74581 39660 51757 53714 21358 51023 78881 88680 50821 19768 12836 20501 51419 72471 77391 22918 52043 15377 86525 76404 10515 61484 13175 30470
86500 85229 17693 88137 94741 78577 35520 32900 50979 41685 76689 14902 56549 34678 86098 14259 34269 14040 81878 40723 41604 74806 40329 44794 37604 67400 95193 88501 28601 41241 79957 69452 42094 13102 59178 55679 24210 96430 38886 33418 12190 32691 49400 85792 15633 15066 32334 80740 72133 42231 22748 13769 93073 69157 99768 27549 72696 17332 67413 58800 63540 43441 18931 81402 35248 99796 50117 64109 36015 67983 74717 60210 40881 51289 96065 35282 78198 46336 10522 96408 31538 91435 65882 76766 94018 72666 49282 45493 25031 56330 44800 27467 87046 78105 50728 46724 23083 59563 84063 11306
18835 64421 44242 61048 26161 59585 27823 55091 22658 24203 67740 30422 92299 67944 72588 26959 67361 18344 90599 49214 74082 63213 85797 91613 16127 17615 20394 34466 95453 71663 30987 62004 63082 45241 78962 71450 39833 96536 56468 39768 78661 58161 24342 94281 25513 68263 88530 34725 82384 44449 63565 30014 41129 86010 46237 30250 28946 86602 11645 39083 18251 41705 70092 13737 53979 78273 25810 60394 48505 15931 64725 41276 53016 79448 26069 86825 21916 68421 54523 79017 87017 11300 25133 49856 33055 97775 39497 25879 58811 24315 35395 32677 19937 43161 68456 91376 53523 95272 57049 28236
13799 28647 45650 73459 96602 31647 34628 59813 71954 80931 99698 55697 75194 13491 73466 46733 73412 32633 88135 45024 94733 58092 33895 83237 95595 55828 33702 51148 38207 78366 46307 20184 45296 46034 10985 48626 43876 39561 61353 41028 33083 28610 82925 92002 31667 99222 67116 73004 95221 57800 61121 32560 11119 77445 25049 69318 72274 19460 37150 40106 79741 51065 36639 80848 90000 74979 54238 41891 35884 63288 80165 52260 33157 37435 48893 56396 26947 71608 60266 67699 53573 33003 61031 60697 43824 56823 28021 71506 76766 29798 68010 83435 85747 96944 68513 36209 72019 38916 92296 71795
97233 41271 89308 88137 40824 74180 32740 96640 96176 81923 28202 34599 95967 37963 93997 15345 33690 34185 15312 46902 45125 44439 36341 28101 44133 47590 26710 78002 47088 74040 54364 24873 77082 42049 60943 37552 47600 73550 13775 38140 79613 25015 56597 62028 49916 48447 45057 29632 47758 46615 31114 97779 78447 35773 67896 18475 59626 58373 91262 63646 40203 89168 50305 56089 70878 58264 54975 11296 62690 53699 75095 14991 55534 97450 41662 18631 43969 84883 49499 56976 20206 53481 71749 66181 83430 82696 95491 62637 35366 57920 77915 77931 29569 37385 12513 18774 77921 84478 22723 75910
25738 74831 28838 25297 55364 58815 68780 74244 96456 17336 25512 60958 62845 11516 45775 42411 45459 25353 37247 62756 92221 19291 46290 12557 12688 65709 72133 46256 51621 19025 47891 95447 41910 81752 83761 73795 73683 23240 71944 41960 79647 28741 31257 80715 17928 68408 47994 93483 24929 55555 11936 98680 44540 14901 25426 33826 67044 77358 90790 49787 45992 65207 45706 91595 37896 89372 47351 94490 66621 37357 28653 43138 88325 92172 80013 94629 38566 52998 69704 41154 42701 12960 44949 80720 36608 34973 84653 94953 95961 32521 66214 54220 30066 65516 98393 31814 39313 36227 93593 60726
77441 98448 97488 87175 56874 80364 94919 36695 19492 98649 16981 93350 22796 82573 65988 19476 84355 55973 86750 67041 57311 27853 48028 32399 39325 22998 47734 33507 66974 96357 82197 86722 28846 83310 85433 80418 29259 60292 65509 97796 82465 12762 81954 86709 74231 78186 72607 12786 71937 81128 42599 60727 66653 42195 47981 22677 73824 86227 25847 73367 94560 60045 33594 85425 86267 42952 70296 37640 88443 53659 81756 73314 57344 96976 16520 32504 65895 79612 29063 62315 31050 87843 39324 41706 87381 20581 41492 28744 19898 35525 15710 91616 81553 96633 90906 99253 42232 77321 23992 59426
46329 60026 53599 54921 78912 14584 11585 85733 26510 74692 79576 34674 86947 62190 19840 82603 59188 93750 89152 37455 97135 17858 14110 95938 57285 73393 47512 87223 75784 86003 40873 59820 63780 10043 98694 74537 49082 42375 45991 76225 32091 79297 99664 61098 26152 30538 16095 27453 44762 47958 70142 87017 63816 33230 95288 28264 15681 25567 39913 52651 71913 45274 63758 85861 28495 64117 18045 25035 42244 62133 77538 29714 11512 68201 42496 77203 80111 28609 74543 28106 72699 81269 31245 82550 88816 14499 55815 73528 77068 43195 46903 76487 56070 15031 66885 60023 10576 82318 29728 91774
25832 42165 29478 27161 58636 25827 17997 44617 59211 90273 62413 75367 59065 96592 31931 10452 92178 91483 77305 65482 29206 40533 46169 66406 19790 30523 49988 15784 62276 34546 70042 23580 67737 51864 35418 71520 44634 54653 36809 15189 77970 89460 71057 75784 44647 23007 53567 26423 72758 75360 54375 86443 79671 10957 50499 59712 77116 45111 96148 96301 79935 99006 59127 48357 79653 51952 40233 36465 33366 20568 16823 32054 56619 75195 72734 31158 53629 43403 90709 56143 93846 76749 51181 86430 73254 55246 28708 75952 47590 88262 66204 94530 19147 95109 37454 89177 54740 14519 92644 15622
68686 93696 67993 94991 83058 27249 94150 49894 63557 42400 29286 59563 63241 43982 16066 84914 93237 73197 88023 72303 17049 17687 76360 92615 23463 48268 40927 63392 55055 62645 18031 61385 46594 43859 94245 27169 55516 97943 56218 50663 68322 88179 64673 55744 76416 88667 96513 80442 38970 69221 88638 34659 86587 49744 27120 44764 89699 76544 78869 55162 35927 73207 96082 29237 55801 91687 86704 66509 61336 90990 10237 69596 66483 84706 51765 38623 62483 39004 88544 96695 83517 68833 70005 96196 56634 52223 62032 15154 76892 42178 92328 88334 62846 37721 52526 85017 24751 81787 60203 34430
95359 30002 35356 28621 78359 88358 88517 31256 39303 47838 25161 27936 98846 56167 92811 22244 91220 47129 45036 38374 84048 80985 31417 34999 79920 34333 19027 49009 27850 16936 45055 77730 61109 31660 78881 59230 55568 66459 33614 48751 54536 41192 15158 59104 74052 48203 70372 58214 67636 57159 16486 63277 62722 20264 14353 65034 70845 67269 66612 43438 57339 27237 47612 38069 26974 17299 79640 12029 88233 50733 72845 38796 90858 15009 51040 11964 79102 56845 12930 64659 17353 36518 28887 93624 73748 94482 64936 95054 53254 13245 76127 38573 36228 41440 51390 69258 52154 34136 71492 28496
56502 66498 99601 18228 37261 64231 84781 12509 38008 65837 17547 20499 98117 92444 13114 84687 40384 54248 21816 87356 53397 93893 94933 37725 74003 96725 51822 83484 87083 11978 83851 63791 73170 50184 11416 83923 57538 37556 43107 54509 33199 61849 52286 29364 78949 83135 48853 43689 23143 41787 72717 41341 39893 28482 80726 53211 80118 67732 60102 50153 22718 75355 49396 16582 21144 81773 24731 95111 21406 91217 46884 25940 79037 73774 16133 89125 20769 53862 41718 91111 97530 11466 70074 88659 47223 22049 25631 10641 41631 72120 83537 31844 98423 37535 76064 35521 69236 70039 66740 21497
87071 25552 36992 61894 68903 77950 18312 78274 93776 62578 72742 57251 21644 71550 15796 69727 76676 13642 32143 52084 38768 41607 96348 56430 46745 72495 36741 10219 27679 49413 10787 26624 14730 77769 65782 59384 23276 65077 98429 41911 45233 93952 60954 10361 82424 79722 78470 81597 57946 36904 55719 88506 67029 36344 33013 24612 41979 25021 41488 66054 46382 45564 75048 35400 25940 91768 96151 74107 94023 59490 74649 57447 69234 57848 64681 36944 35166 99398 18843 73089 12004 14614 42083 42089 99924 46772 83210 61712 55118 91770 30454 41638 55426 84156 56007 28470 92048 25863 52741 20525
42742 10323 47505 49851 81228 23668 90053 72152 54814 90260 40580 66224 15921 14997 47152 55020 72208 66379 14361 28573 37028 40694 99338 87642 78257 31361 65912 36979 28166 38162 82157 93696 45635 45689 63565 92051 52796 93226 88728 17822 25287 40434 86994 64189 55973 40991 49696 24803 19363 58014 97770 16978 72782 31396 36970 26647 90652 98258 34294 81956 77482 48646 46564 84021 23379 99362 94279 74271 68565 95424 81273 60018 19599 43376 89753 80027 34522 91002 43644 47447 58877 89272 46605 15988 34436 29591 20893 19701 36027 23973 66289 24424 18455 50189 39373 65600 42394 80735 83705 98422
11257 47652 58091 57197 55507 18024 34061 10515 76616 82024 79697 18211 22017 86253 48348 45920 62302 44631 33922 29679 95747 39431 28899 67315 45473 54687 74142 62652 19507 46524 94095 75281 19148 28778 79261 95461 34183 59354 42916 46619 94175 88703 88310 39443 27209 83521 56756 84821 88295 29833 26857 53398 87340 33927 17924 33025 71857 69914 13598 25936 36701 42762 69088 42402 56557 16566 70420 22138 27795 11074 86285 66350 57232 49312 98842 50221 62777 31225 50415 58312 22635 13683 23524 72116 85467 30707 46203 49067 53430 90270 34465 33651 72894 94032 17793 45061 79032 74271 15831 95538
63503 57536 41308 85238 32945 58691 67554 53075 72408 23814 56946 65474 95281 93905 90227 53922 91581 92420 15417 21690 27341 98962 74442 81062 64492 92637 10764 99175 84865 60917 43140 12348 27491 24995 12607 19061 50171 41169 80953 33789 80619 57953 72212 87551 55344 85349 14066 94362 37804 40061 81251 44990 81913 65295 57282 59582 68300 57234 18609 40212 78264 26023 38024 12667 11747 96319 93009 98193 87406 48520 50442 19328 67971 46639 12197 62730 98160 88654 15688 59494 16828 64663 40059 42548 88330 86399 67855 77555 69163 40872 17429 40394 26364 76853 74412 24259 84755 39839 27237 92283
77157 88066 26401 12171 76892 27220 33693 88192 59945 94021 87745 62473 39834 68640 26411 98770 36776 66505 79542 57086 10293 16367 18054 18050 74811 70045 63220 62111 12513 47888 84942 82143 84514 21192 82959 21053 57413 63314 26821 42427 68577 42686 77032 85871 35314 33824 77042 33560 33618 19040 37342 58297 31278 33690 42039 44848 30967 60343 72345 85126 13711 78683 60314 70013 92592 73731 55434 61071 62391 92916 42039 57963 92985 16076 79175 48021 17309 99903 45500 84746 41111 11652 69095 13325 27425 23414 18079 79038 74632 50692 26468 41460 78424 83467 22297 85833 25659 65290 97437 70880
