100 100 100000
19187 62546 50637 99416 92841 15941 15783 43648 36330 33212 21232 27422 30823 27964 38361 90023 64620 70198 51076 54248 79919 22023 50856 85930 83970 95089 32452 16515 58879 60438 54891 27640 65661 59005 95950 95404 88292 94728 93729 67067 47026 51722 74460 40656 10161 26213 72569 93993 83618 86988 37008 40012 60078 76246 26687 57399 60093 65228 99981 45219 64574 14746 98262 44574 94845 79275 91607 15496 69662 93750 84592 62965 82418 89564 56954 92021 64434 96392 17344 61385 50972 21074 82781 41387 77975 22893 85776 23973 30439 93730 45973 68409 16766 34616 61677 95340 97663 77051 49404 54844
18301 36061 83592 85704 39732 26136 71465 60464 43399 65749 56117 76571 92767 17306 87912 67720 50195 87926 49264 83166 11873 98402 54935 89772 77428 90358 84332 69239 48557 82248 46512 83283 98752 77474 29132 64177 76844 36092 25212 97456 89785 48848 28157 37043 67730 91821 66550 14187 38759 10350 64949 51441 79854 93992 92466 86056 37268 12454 14646 68587 15715 76416 82797 95494 20020 39225 62582 71871 78814 28002 46808 69285 71443 40808 97432 58092 66677 70406 60096 62048 72329 12064 46724 75741 27784 47606 62200 96012 53678 47761 16646 52231 25052 44463 66488 92812 38081 88753 51843 48468
78349 65671 86866 62060 76039 36832 37269 84682 89337 29016 16112 53318 25506 89513 41781 26926 84988 34420 27118 44711 70751 12890 70034 47573 58944 97042 46536 70969 34151 56499 16055 75691 96614 62267 96448 42159 45213 54716 93244 77193 91071 81035 40460 59881 41147 16479 63372 25043 42339 99126 39798 43251 64132 92792 64452 70890 49207 64446 52372 30318 79678 13688 53276 76898 37202 23588 10449 95229 38197 25420 14659 12204 63297 79685 39268 23153 64694 37593 10725 45489 26675 36596 54296 53216 84245 91192 11222 75134 23798 95858 10872 91738 75269 42610 31160 25953 83271 59369 94069 60799
11389 52011 94979 11546 92701 19992 87927 63055 33636 32721 40874 32001 26964 16428 97953 88814 37885 59113 62136 14896 77792 38657 33148 46228 64125 69326 60420 21608 16663 91550 77773 28532 12192 15958 44804 36701 82259 87431 97112 78239 74646 61931 24297 56856 97180 41001 27075 86668 34755 84636 87463 69225 48644 32143 43660 50000 29463 50638 36526 41876 19918 99724 74450 84341 28363 82024 15219 56026 51043 54841 94233 22254 40258 88830 67853 55411 28911 93154 91804 51777 65294 28473 20656 89335 85652 20691 74066 24830 22170 49179 42280 35233 67798 23942 43183 25018 85563 66593 70523 13144
19938 66122 19666 67069 50969 43996 56928 57437 15196 60571 64755 84022 23077 40615 89140 81229 41452 12806 66044 35136 44753 67685 74800 54708 98619 36504 24052 38951 98661 67412 36554 47026 39762 58218 19673 25120 32590 83819 56086 86621 68170 98558 24827 49049 23352 48594 97117 24113 33909 22780 72418 27171 20221 87205 50943 89715 39522 30627 49191 61938 40335 52124 64900 17692 70428 57924 56848 49094 99009 65738 12091 87306 43981 77052 41139 49006 25667 87075 58674 18855 15664 78685 22595 49382 32818 88172 87551 34671 88537 44099 37558 57613 61778 37146 48044 89776 13058 91527 10547 37161
90974 34765 80872 58638 48054 62051 69828 99200 44300 38529 94789 43513 87524 92911 59320 46168 27498 13651 76250 41195 62088 56121 56049 47382 68435 73602 77258 85540 93292 16305 92840 67504 54896 33904 27998 77090 18085 86246 70661 31718 86785 10249 85781 93460 14380 97323 68193 94637 54735 22261 96531 85168 45988 62931 66563 93222 84877 51671 76169 50843 93759 31543 89977 81118 29119 12261 67257 15195 97265 12423 84168 99718 71052 92361 38033 66090 74354 52772 42815 84063 15044 29542 75534 55480 51099 31620 50206 74434 70287 30708 61564 83481 76482 81179 66948 78130 71603 25122 17476 39142
66246 33460 30580 96876 13813 72871 25826 43049 49755 71769 65494 82072 62368 67199 86056 31482 99254 11874 64810 95389 40520 59404 57920 76411 50565 34566 31602 38299 96940 54784 86967 51985 25297 38043 68944 61872 89207 74955 60885 18983 20049 56571 99578 76994 55576 94642 20103 60690 70902 31577 60206 28136 41584 19272 60759 48440 96043 26780 67666 81216 28624 72956 24308 17524 71201 37487 98860 25893 18137 91839 49258 21364 38489 33359 64164 66735 29577 46669 66734 49375 99448 17077 80140 43460 52439 81360 93024 33369 48730 12597 21122 49836 75701 82810 48460 67346 73623 55142 97677 54819
41207 70388 86304 72606 40628 82596 20255 18012 56624 60161 25266 96589 83962 10373 95651 48454 64359 94458 21229 67003 83423 93551 56131 99948 75373 21093 93542 68322 25610 18225 57695 66837 37371 13112 38020 56466 13783 45321 35208 91888 67199 23580 88725 28492 55899 55566 29954 35614 65077 46827 18248 60736 73337 76922 70469 44713 75519 17323 23952 19800 47641 92977 42142 31342 87919 71613 11524 84016 53516 55385 28614 36657 72763 43408 15731 86090 67623 73371 65364 59316 39866 68355 84898 59757 85264 76533 57423 11881 96614 20887 25106 31412 21854 60290 64419 34289 20568 99227 72273 44146
87338 35566 53173 14996 84715 36221 54760 59281 26426 11542 67072 26972 12370 88816 28899 17712 99604 77521 79932 62068 23147 12803 74246 63911 51375 97638 70895 46806 69732 20267 27858 67868 83064 81255 98508 77924 20481 27372 63681 65268 94421 59244 23922 98146 11098 43569 80237 66375 46684 59509 42423 89835 31410 23261 75963 98123 28850 38350 33733 48508 87476 59067 61034 47880 82720 32042 22743 63825 65172 63286 48437 77200 71104 59029 82304 96072 52551 78115 31728 45389 20899 51324 32515 28901 72969 33686 42641 45919 49366 79361 38212 14778 73834 11108 88841 93952 71624 44827 82617 36574
67581 31757 98112 52351 96575 17046 49700 87878 15502 98972 76626 19924 15498 68133 77389 60101 59066 48413 44121 63816 29216 54244 42915 68808 65446 80576 17780 86568 89044 15072 63126 30135 54219 49573 76460 20993 36813 32585 38440 58802 88659 60414 89494 79311 87773 86867 91836 55111 49558 36954 67142 34092 79129 66000 80093 56527 91797 25614 34391 31682 43394 63651 79081 33208 78806 39668 82705 50385 26782 27687 44718 26599 39759 14303 97011 45039 31977 30528 45704 84081 60228 17656 90364 28213 48331 18885 51448 71643 89174 68294 99712 36667 83798 61358 30681 17593 35931 80586 79926 81739
86276 15190 99000 90805 25441 20250 19986 33756 10326 10385 53024 87033 90089 62346 20556 22593 64522 30226 93464 31426 38101 58737 14468 95912 94977 92978 40555 17083 79780 73463 80071 84414 42371 37573 69148 16486 69496 78084 92658 39145 36557 66113 59711 49960 50221 99783 82232 51998 72662 10691 38516 81577 45310 37055 43774 72545 62778 25909 73789 22488 85360 69567 47106 13563 64735 10578 86865 51017 46920 96993 73539 18576 44160 97786 27195 94703 97959 63434 79222 67911 59821 83164 74501 75464 36954 94206 61662 60166 82207 30919 70887 14128 44448 88299 65455 15400 77737 71781 52178 77717
24268 50825 90679 82468 87475 84921 19890 90481 91424 27552 15383 33461 85020 50828 80342 69847 94012 37657 85100 16795 87683 21834 71937 34137 19146 49376 29836 47621 50317 85199 71017 56299 82835 50489 22644 75268 50595 75666 60025 27025 86631 24611 48213 41850 27896 79668 32954 35697 89060 88592 61277 45444 28328 45768 34182 80508 23401 21460 79197 46687 68865 43736 48589 93607 90613 88179 62304 58356 86177 64277 59156 54619 37455 81529 58796 93859 96004 85738 26379 58597 91460 73274 87255 40306 63266 54677 51974 46057 40985 32301 80202 38020 87682 52191 65089 96573 60971 14758 84560 39500
10489 50085 41919 66938 89459 86563 21843 20206 59053 15077 44500 44798 54441 69757 29998 42030 71044 79720 61057 49727 74267 62911 96525 88688 81998 64592 94433 45725 72579 12908 12024 74847 60745 89705 11263 27912 53963 66126 62272 58100 36831 46250 81897 16889 85664 72467 86059 41134 36403 43531 38877 36028 64115 21397 89223 54380 70055 99810 94922 31367 69214 45137 76973 48860 14801 79457 82367 64330 75126 79815 69382 64303 41442 10546 15406 46775 73203 17825 62086 57243 21604 73864 57667 65034 44989 73343 27468 44468 72437 74173 70125 72139 67279 61942 64187 41301 27357 83099 42512 42006
22610 63801 27680 78673 93661 97808 80735 54679 25458 16449 29780 28509 84073 42127 49787 45425 61107 58545 15637 89606 83843 64237 86887 83125 88440 42680 28182 27107 63253 90198 21268 15156 70098 84493 85054 50636 21148 25832 83069 13312 58754 93235 86315 90568 10270 13432 93670 39020 45752 97698 70393 84464 90121 73710 42668 27311 14710 38260 61261 22579 73152 27461 24023 66284 34587 32098 52602 20713 67647 71869 15196 59115 95604 93879 97653 18337 66295 20540 34518 80584 71093 67597 41929 94173 40211 47975 54258 36832 25733 39580 10874 40730 99677 33053 11591 54414 30122 19191 33805 50282
48695 88114 49992 87676 31630 51992 47408 67493 49479 55833 87931 44344 23703 64530 63381 12521 39445 90854 35683 92932 44918 83618 40008 69450 39215 12407 63923 96967 41991 57702 50725 57632 51506 66116 23629 38935 18193 86787 45399 67998 53779 92483 23344 81819 99557 21502 82332 53416 27433 51642 87090 48875 56458 65437 25334 72240 60624 88036 14212 41702 64503 21498 59492 81889 50034 92990 75154 60737 53195 19417 80343 65096 22110 62151 40627 91956 23516 86125 81257 21459 46829 15868 19028 38239 85696 22323 52413 84512 94579 19447 61672 27887 10370 11857 49285 56698 18693 64601 50398 53885
57864 54074 84064 64343 64203 48337 92742 85021 31215 47216 52750 19267 54310 40805 98106 18936 27981 39531 50273 37544 95559 88427 89240 38120 77193 21655 54587 68619 90416 25568 20028 75704 15382 88457 49974 99792 31202 13707 85160 85406 61690 95133 71156 77380 56253 66534 44014 69998 28471 40312 90806 37505 87515 45669 29130 70017 45011 97042 36516 12422 98576 56084 89356 61607 11556 98773 28783 53475 10797 23698 35385 82654 55121 69813 96977 70520 53821 71205 62013 29334 13362 81404 89045 38050 89398 38379 36945 78796 71299 37497 44060 30595 96233 50499 57422 75337 76328 50732 87631 98636
56765 99713 62455 87662 79293 93964 84876 15153 82604 83571 42227 43698 42071 96319 86750 12514 28247 42512 35234 24368 28208 30025 98639 47444 57589 37306 95288 91560 22174 72838 15646 13027 70407 80767 45893 20821 94392 79127 63607 21107 54705 14626 60709 65876 69976 50605 19141 41925 17411 26523 67786 60651 73015 28904 18115 25368 38918 99238 48857 43331 20928 45028 40231 69173 62527 89092 61472 72808 24052 54787 49744 34593 91411 85548 53297 13965 11210 40634 29763 70503 53259 77776 97374 28115 86003 40071 19911 48827 74563 23556 59967 94461 14183 90418 99700 50554 80260 16743 40850 74228
82163 15057 73986 73086 73012 33838 56366 87413 37418 14666 87136 31325 84678 72180 43306 15846 99061 65438 76920 77323 95482 16597 40294 14142 96849 52511 18186 49409 15810 27575 44920 95636 13182 87168 65986 23755 24334 85518 52786 12267 65444 87502 12016 87188 87205 63033 26287 18800 11467 89314 47841 62092 29806 53557 80482 83061 52923 66246 61001 75015 87820 28800 77103 71122 92287 11347 24790 65147 59407 77048 83236 47808 78862 65739 19899 26400 12022 88598 72309 79520 86228 80256 37625 48968 64565 34413 63003 66467 62921 80079 20683 98168 72965 94447 61374 73178 58028 53879 13820 89292
62539 24686 39300 20781 25132 84779 10677 64558 55378 86887 54704 93436 73761 25171 22406 10545 81390 17914 67552 90876 87524 80529 76437 76923 14491 46801 65268 49053 91760 22954 27223 95767 97524 25475 28977 35174 20277 43404 89131 42494 88827 23047 11725 70501 59393 15643 95378 68705 56179 36875 12368 34845 56511 18641 37415 48066 90102 83915 75472 53813 23770 74904 61679 33048 15544 38276 43913 30642 70282 53215 41390 81362 97440 12523 74836 86669 84727 98802 54841 95774 36755 81878 72044 92849 37587 51352 54952 27675 70687 72183 40658 41596 75768 89375 52787 48172 57892 35628 31621 20783
69421 39954 63895 91804 12872 85727 98824 55321 37429 97388 57508 34629 57173 96403 10430 14004 13226 24237 82992 31537 27621 24017 33428 29402 75091 15438 94578 78317 78540 20702 55548 82185 49174 86626 49149 75156 58093 62191 67981 35524 69339 44737 92753 85746 63791 42453 73773 47115 41422 23931 93661 51688 55198 61986 62913 48895 78806 32983 56175 96981 81933 26532 16644 41226 22642 38048 21133 33836 45467 30732 77375 61928 13484 31951 85541 42309 81988 69400 68661 53535 59380 47673 45659 63833 41051 60649 55018 32626 36731 36463 78877 43806 92142 23333 72298 56757 14283 84229 74100 18349
53856 90779 89308 24513 41506 25374 90260 89164 47223 30681 39293 94927 10966 22010 69661 45949 38473 91637 30297 39574 77540 39181 15539 53165 14498 35353 66911 50149 72088 25141 51348 95729 54159 87966 65952 64850 49145 50478 48950 36457 66762 61173 13082 12186 59685 56457 36931 62447 56292 82902 57336 29866 27654 43644 36267 17952 88348 54478 25789 65658 52386 89006 70939 21155 32137 15207 88779 30397 40438 74268 85834 82721 67509 91424 69421 58845 84678 17213 55776 68186 58196 53800 58137 21310 44086 57455 69749 67180 75852 40743 58499 44156 65967 16637 40016 33054 75678 79828 33556 94359
56435 34238 94903 20889 50936 40465 74066 36026 71756 52771 16873 57568 30170 58111 14930 50410 14436 12618 93823 80043 68964 70073 70377 50147 88915 10520 65709 32396 25606 95763 97781 29054 32652 73983 17618 51109 86382 85150 37874 16522 10441 80020 16552 81098 40669 82406 28731 27103 28097 73706 85030 59250 64068 60279 77979 97603 93600 74369 90983 17108 26210 15222 71064 16731 83283 80335 76046 28815 71872 26125 20485 19333 18229 47498 93595 23259 34316 37506 36375 46692 62311 22681 20565 65851 73001 65500 10169 43573 51554 60247 23553 39426 54018 31973 64240 98436 46587 20699 63792 81225
29711 34293 66165 48073 77519 59064 50131 69756 99955 37589 58003 10951 83000 15107 84574 69726 50129 15449 63852 19463 64297 60258 38378 29679 68622 58915 77704 82869 92469 16720 57522 32445 85466 41083 84283 86586 41741 15221 41283 15673 17371 51284 62562 96006 89384 24300 34828 92808 24536 84046 59815 39857 10203 18187 47410 28142 69484 70604 16304 18062 91096 47358 50045 16478 87663 78507 65781 56959 69010 15199 43108 62803 98922 21507 51610 45224 81981 86426 55096 47330 28542 85747 68809 16342 65580 30265 99144 20813 52223 39413 16349 73125 46260 17539 56655 94566 80875 48306 50425 99414
22547 99926 15273 55138 40814 24263 75418 28292 38213 40998 64362 97801 22266 47466 78180 34493 42273 27942 95087 71062 66863 67880 34038 98188 72236 13732 55349 12813 80358 71434 23045 41901 97343 55126 27389 13255 72892 53303 55344 12202 17315 66208 14656 30811 61130 33916 62647 41009 31551 23747 20522 18236 24804 31840 74903 31874 59724 98856 38015 97637 21958 66500 50077 69152 59702 89650 73148 67885 35303 11412 14025 88655 20368 46923 80322 58682 44927 77876 18763 84327 14431 90666 37555 92124 77378 77535 50291 21727 45254 15868 73201 65198 49633 92959 17813 85695 14466 27182 92135 77124
59667 93538 82255 91509 20242 48659 82765 11475 18156 13614 38153 92861 26324 64002 93178 19964 58577 38849 62721 11483 63927 43305 43699 55045 30667 54146 35719 68501 92613 54685 81583 11958 80957 22219 63817 55995 87129 33938 69390 32208 58043 96136 46642 51024 37532 32630 55917 13918 20314 32750 40384 23904 86670 56119 56064 90530 60837 87633 41340 56778 94364 39712 38887 86369 76996 82212 59109 24759 23391 44757 64280 69624 25521 82136 67106 19514 31124 27598 75942 14229 90316 97318 36952 62157 35892 35746 90148 50554 21181 28005 41290 58353 17807 17951 32577 10757 74962 55663 83600 26378
14554 33505 68191 87795 58190 20329 57265 16260 24680 88445 69697 59939 18820 44405 95619 70810 65661 25935 35361 75881 68130 27452 42000 66577 98888 32178 18192 57152 59855 30590 55166 52491 96652 40929 69045 57085 81975 36598 51261 56425 81198 86680 76779 87615 95738 63369 82848 71091 54436 29130 84771 20087 49701 73183 98296 60443 96603 15376 82968 84187 94974 28690 72462 18723 93758 52890 63422 75704 42234 54509 62122 14143 80294 17230 55620 11324 30212 16641 83237 44118 61510 42952 67677 58823 24870 49407 28792 34246 47214 33552 49675 10213 50299 90588 60954 25836 13981 80250 12411 17246
35487 10241 27531 35785 80705 16452 86713 58979 11655 18900 20804 94040 82176 47683 36456 81012 78693 32458 83255 16306 61818 76638 22834 54689 86194 97923 50358 68502 16738 92374 37830 87454 22529 47669 68816 14331 56384 88503 53725 81238 88012 28992 44412 17153 30115 83802 45147 21317 57242 28635 20937 83080 79092 75416 28925 22412 31139 85256 34752 38178 63671 52906 87339 45298 75228 36060 18491 69596 48325 38876 12966 14984 38687 73599 42484 95727 97502 95329 10770 21060 42746 41650 35964 29864 18612 85229 50226 72421 27843 35303 34145 27804 25385 67865 29525 76142 97968 12890 28034 28390
91026 56165 76510 22974 87263 84098 42454 46463 13641 62004 49503 73998 97613 46389 44901 53068 51671 99616 66837 36818 98032 37693 41368 71985 35548 35069 57128 38661 64845 93841 47752 67917 56150 48905 19331 25265 94370 84104 60918 58489 19276 38445 29588 81434 35370 92737 19528 15282 37999 69065 83455 73836 81555 86665 24654 74351 99177 78555 19284 38600 88617 51475 60533 11930 67412 54390 85979 42152 37619 23356 38554 83207 46694 61706 23344 52530 66145 92026 72688 80883 77539 40060 42914 52098 74833 66375 76973 61906 76026 72135 82849 36034 33677 92944 57607 68648 55111 10220 92810 30193
75248 67753 26989 13502 95219 22926 87237 85224 46210 79364 43944 68394 69979 98877 43660 69065 29601 93349 46203 91395 13134 50528 86833 51813 87612 39222 86771 94100 28412 65045 81004 23124 11745 50720 53940 22916 24498 53787 66304 33338 26152 71720 37897 69257 38510 12951 88587 12070 23076 37513 41737 64613 80528 75333 56779 79925 40774 80813 30556 91056 45801 88949 52796 11232 81405 76586 87758 42440 81864 28301 40088 38975 23848 15126 77829 66456 55723 82751 88437 57899 71551 18813 62458 31152 63004 22946 71579 48502 93760 61252 62136 19692 69401 38836 47858 54141 73335 88295 20453 34255
91706 10032 62896 66025 22695 81298 48097 57903 19729 97731 73124 69116 67412 82917 94636 79176 47619 66268 65666 16203 69251 76865 61027 31782 83394 70697 16702 81314 37246 54861 13477 14813 89915 23547 53925 10943 15768 75502 33706 50109 80620 41009 13949 24047 75029 14456 67106 41730 88931 23833 18442 51810 55552 95720 28792 16890 50317 43138 14174 25066 16196 23166 46560 11918 88109 50191 71233 15587 99835 41602 86436 35137 52587 74252 28636 91890 15880 75150 11800 54407 17643 81774 14485 32188 54667 95389 20187 89477 68408 33762 50924 56031 35605 73569 18048 41407 22399 82796 69797 94418
53703 94092 97585 50729 67050 62484 26771 20335 38118 94577 17987 38317 16560 24307 36093 38853 71561 82191 57788 30306 98948 38001 38064 76478 10988 91839 69666 55308 19972 36467 38825 56566 99887 85986 35262 74317 76723 18066 61271 76606 65804 31770 64336 16211 71951 90322 57824 70190 83556 45211 37298 11769 10832 28434 13939 83258 80655 64546 42577 74551 45819 49502 44353 65089 65248 19285 25092 64282 76845 48147 49546 56467 13544 82104 18024 74869 59470 53265 34849 93052 76236 84417 93112 89089 83329 20420 19525 92683 22385 93886 95172 98886 64782 97574 93319 80896 38634 53994 77422 29460
72000 25012 48736 55629 43238 12185 55762 19177 59409 57585 53160 77330 29921 93308 41891 56072 43046 76264 50171 54656 78975 57541 25795 73361 80321 92633 86838 32767 17648 77050 90258 27825 94567 38176 81914 80630 21565 82267 52864 13552 25166 55147 23612 67704 39791 86159 74311 68153 55112 68554 51688 20701 68530 79025 74519 42913 77557 46788 46162 13072 38009 15428 62853 41204 44400 78254 16439 22216 80054 29477 90792 84408 14785 79394 94061 42455 75700 97556 29596 51632 21305 41945 72319 81803 84653 54214 52361 91485 98752 21120 27526 22091 58789 89718 74594 24528 81303 86468 51865 96887
41039 80136 24271 74379 83527 13383 80458 44532 84966 59039 16894 47794 21032 68370 74063 21074 76892 83776 25437 53918 55807 54148 56948 32174 76993 69993 87335 98993 54142 41095 97038 24800 52173 30554 81813 43350 35165 30947 23122 60512 84229 96547 11148 29907 50875 93890 62127 32628 90804 65402 50383 11389 72009 11550 11937 13024 13217 77469 30269 68101 14852 25598 41378 10720 94063 24706 55994 35872 63532 36767 45574 27589 94218 23769 30759 15250 58910 91101 57637 48320 53730 33003 64826 44615 57337 33646 73852 52294 15578 87094 18519 91852 42903 65288 85269 42100 64066 58425 99024 95088
19730 36910 53125 51876 22202 20842 98982 31087 35334 30494 66723 17832 42483 43249 16119 98084 96857 80268 54061 58000 20217 57207 63984 18271 75676 23017 79638 94614 67585 93760 32697 16375 82836 73011 15367 45710 47872 66592 65321 55111 56988 72631 14557 17718 92919 38676 59463 54598 88156 39481 86294 92436 58197 94609 93965 26075 34462 72653 31068 11797 93423 78102 65162 89351 97477 23405 32837 70290 46434 10771 15237 49150 83408 86782 19290 21738 30366 49347 67600 27502 27757 21113 51988 57253 31875 55686 41466 18581 75864 65213 70709 29791 36177 51487 75044 83070 13457 75864 24097 45129
42990 28348 81427 47060 27701 35344 23790 42710 28099 22653 45314 69948 22065 38749 71135 96891 15771 24308 71447 50504 88468 62854 21738 39979 11798 41902 25663 52957 53053 35895 56104 96985 69320 20690 50320 60534 88356 69364 62778 62616 51930 79107 36771 39388 18992 48556 52724 95579 51545 94074 45625 68101 46733 55915 32854 18209 57124 60314 12507 93687 11319 40075 86196 55487 19786 33986 13028 89735 62202 98705 19925 78675 59359 55055 32316 54465 14202 37689 99587 45671 39657 25059 22974 21093 20738 19783 72062 92421 48802 15694 14638 67554 66639 90242 18465 37225 60021 24939 81302 61062
52539 10875 40654 94812 95586 36808 10428 34094 27409 55547 54843 53635 89906 54994 72809 78653 98246 85612 96399 39564 59429 28496 44144 14214 53412 45375 11074 94520 42255 53297 82045 48044 30350 37190 81869 16366 52602 85819 42620 49050 94033 49259 48590 56449 81719 80686 46175 35342 19917 83858 65572 65416 32823 61652 55036 16989 10679 16366 46763 44152 39872 73122 26251 92751 21628 66321 13196 96071 22711 20001 68114 35789 25892 37803 52930 57819 65010 79275 64582 70072 50592 53242 90187 25461 10468 76313 95664 92826 76738 84157 93978 13675 30279 81469 91449 16125 76012 74871 29325 62351
92975 83020 82449 32705 79002 94183 23533 30364 79251 41619 19950 99951 67440 49539 54624 94740 46020 87527 64728 64126 57109 91353 84820 75612 81438 53794 56525 19481 82645 17053 36518 10037 62183 28383 88170 10804 86480 37246 77100 52480 17552 76890 92823 14793 53142 47811 32116 97675 75498 57541 46927 17100 12046 64061 19988 63646 93206 87363 33583 23840 59118 19855 51687 36629 59331 36469 72152 22687 54444 91878 20258 86946 19567 86155 42321 34229 41208 59365 15216 36079 96772 57282 63954 55206 67652 58399 62565 76829 35962 52380 52851 56842 22996 96961 59647 25382 99458 63095 27427 99933
70329 20084 10093 36641 32250 95412 87331 64472 68994 74522 21875 15934 32186 69580 68751 65375 18901 36546 55788 19987 24589 69560 80564 91881 38125 80968 83637 77042 44999 73678 22206 35024 90743 48470 40206 42494 87697 27254 39230 26196 20604 49796 43128 77142 99958 10333 25318 64058 48835 59496 43556 70532 80412 44916 51415 75616 58029 98873 92370 97885 94956 70333 76466 56193 85699 69938 85041 18064 39906 55403 93676 24541 26167 91013 45140 14749 24858 25841 72267 39181 14679 78623 94066 96581 32819 26310 18764 29540 11141 12731 36476 35649 23265 65894 76892 23956 92734 19188 70533 60778
25334 37863 43211 37632 93730 97055 47874 55848 65455 96010 68654 80318 60454 51694 73198 36731 96229 81919 43968 81231 47034 67576 52670 86867 81338 96735 30801 48507 15676 56346 93388 21611 73803 83936 73559 46811 32177 90175 86419 46802 33323 60998 77595 88838 20717 50590 23968 43716 83148 40048 69277 63820 93120 99724 63445 41716 44962 90979 40322 73622 93409 90132 29277 52983 47147 57990 96916 90176 15934 21898 16166 62411 54021 67240 61078 90288 16354 12041 75809 82051 78785 99578 73940 21552 53378 27470 76762 41214 29048 44238 15975 28752 94468 15627 63668 29453 36840 11855 59311 72073
63413 39422 19421 58180 59845 67338 38167 79156 33296 20333 77668 71592 83124 52470 34384 32349 55652 32577 48440 42573 47930 83127 79101 97068 47734 12859 35538 97240 51085 34068 77109 27827 49214 95206 45556 57105 65449 25492 93923 27173 15964 83373 92416 12708 70322 75912 17766 49787 41870 33511 82160 64533 59033 97762 57782 22959 97722 39495 67054 62951 90085 57273 23431 86887 45441 70759 63173 55628 78309 99246 63045 24427 97998 69669 26981 25809 83755 57574 94645 22011 88182 24490 82954 49086 15502 11629 76337 56742 24545 82764 76657 51976 22483 23360 36897 27752 67641 71898 93890 53704
67455 40421 52449 91602 89750 10123 99129 71895 63065 84437 36667 34994 85859 34082 71255 88196 35734 56067 96365 22915 87009 69352 97182 80958 21316 52315 65216 43983 64955 42795 61666 28746 31163 71039 90826 64081 89670 17928 84562 23109 92355 43571 89814 99318 74686 33630 24475 62696 60645 33297 80286 85980 89090 51373 24358 51590 54875 28094 97375 68900 17221 18905 28600 67676 53810 10517 58362 12704 61199 50184 55406 60968 52755 75106 79730 39241 54062 88340 94756 11094 58560 82899 77916 57500 12846 61363 17366 70203 50439 88035 80750 86577 63568 58183 20459 88463 47058 96940 58759 89196
79139 39586 57597 36766 36342 57932 31821 82176 55312 71936 54682 39079 18435 63820 64082 27816 65739 92672 35036 81476 78800 53807 62620 14136 11837 77585 40155 77724 80190 49327 53885 75553 46270 66859 60600 43346 51310 50692 29653 92425 52141 48318 12201 69790 36608 86202 81379 65578 55737 22190 29042 97339 71990 98869 58569 93904 41006 26400 34856 11468 29679 63127 52057 33195 32181 26048 99084 59706 14276 55640 17988 47884 77052 96617 57841 15243 78951 22315 81262 36557 62351 80513 66509 65081 23863 71308 10521 87141 41230 31178 34314 54205 91908 84271 46514 45866 32716 67631 81818 78282
48572 80680 60110 68228 94657 27237 17246 78263 70080 39573 93918 18172 90330 14383 98270 39314 24487 38505 99368 35133 86804 54381 46585 73532 14259 96302 60328 84864 65922 95785 24789 66560 70903 69458 94457 75833 27419 48954 75139 84488 90468 98470 53804 57705 22131 69750 94990 26275 73864 94560 27611 87934 30908 49756 99554 41519 94986 86819 16887 16423 26503 32612 34066 65631 46300 51529 85372 48069 40553 12179 78537 49288 43274 39836 72012 99176 17457 60466 92731 70302 80201 87381 30756 96553 35255 52304 45553 16882 66783 85593 93737 93981 47269 75944 38091 77100 68384 30895 56288 15701
30480 88807 56944 98227 82026 58249 30732 97055 75215 65033 13691 87170 59474 94030 59066 89377 28944 44778 48810 48435 21192 20012 16682 99114 89370 29482 54063 94928 89862 34188 95573 89550 22167 43100 54098 54668 66936 73281 27542 89320 59623 89945 73987 67253 80324 53303 18134 94341 54874 51902 21991 55282 61393 50834 15246 17291 31865 17916 51784 66531 38654 21215 84354 29873 35259 96550 18836 67502 95330 48489 86983 83229 83306 34445 11263 10762 58236 54015 34897 98370 50954 84377 28233 96052 27440 26910 96037 65054 36529 28850 71231 66977 82365 26373 66364 45303 20202 12472 22684 84447
22897 68393 46484 65996 18983 24414 50080 75492 43356 81126 82220 24221 23312 36782 17015 59736 35297 25498 93697 33605 10137 24258 85554 44646 88821 28149 93391 82623 80381 94469 48738 43531 49780 90850 57216 25446 61713 25710 49207 61972 41271 84256 49102 25886 33347 48778 55111 91383 58701 18954 54019 66502 86974 38739 85079 92565 16663 34103 57579 17963 57924 98838 79049 68873 45257 61185 95473 64960 53438 70970 96042 91273 55895 75476 73798 60299 21637 94591 72654 31297 72074 25369 65127 78203 24323 13402 50193 97007 31216 92968 50535 28201 97407 46490 24246 63602 42384 48613 29415 86905
53394 60768 68813 42992 53107 11791 46652 98517 75109 98268 98260 73593 65562 17907 93019 52525 18372 21256 13162 91952 98584 97914 87192 94958 31004 41400 42258 66259 73528 84589 28425 47303 39736 80340 42153 20765 83702 87982 86333 19270 43330 13361 85745 79017 45089 87080 47649 50487 31465 25639 88728 87091 36848 42807 52899 36989 81907 66172 22686 88398 83194 94155 68422 81697 27989 91019 79027 70448 15775 67599 71821 47566 21278 32434 51167 59025 11529 18551 67038 24168 75309 17553 35354 28201 88189 79411 34004 42342 82480 17121 33941 26757 16987 29365 70877 43552 14293 20045 59666 83613
97223 40348 30088 84701 60913 36401 77595 85808 97160 94265 83114 33966 43635 94834 84178 20507 99817 37844 53154 58764 89886 12471 98612 96789 47276 68176 33290 17744 69548 24558 25741 11120 12745 71103 15085 79888 26401 62561 51102 58572 58464 23657 42171 93472 39016 51408 37008 85005 55558 23348 81181 25176 14473 24352 77058 48879 73116 50376 48292 62508 28205 30185 99127 79192 34871 70197 50684 43898 25009 59806 13124 49284 77937 79982 59929 20942 32060 69643 84306 15024 29144 46978 70538 78375 66615 22549 18131 37853 96247 61305 89157 66319 16609 48400 19041 91761 46797 87748 42472 97833
95596 11691 34896 97601 50286 98492 82348 32570 12479 46399 74600 17510 80268 56784 68398 84391 91303 29389 69888 53279 25610 43277 32644 88822 27489 89650 31699 39348 82367 90795 67951 32250 41531 82667 75704 64369 31803 34595 66014 16815 21796 53024 74448 48201 18692 50209 77401 14819 70905 10570 31516 42619 12559 35355 21144 41201 74775 76096 49513 94310 21231 29097 71953 29543 48348 71376 41059 67179 31977 79188 76212 83564 71045 92037 80213 94349 98159 52745 44925 12403 22537 51579 99888 70124 55227 59032 52855 88723 68608 30263 71371 47752 88287 98141 82392 78674 80174 20649 87209 79679
24841 10682 41870 83899 70218 72523 50000 23548 86074 28827 26133 68018 87961 38778 47720 31798 11382 81457 74863 51415 49959 81776 37279 99734 14112 95641 71403 40691 82218 70070 41243 97034 27678 64678 97286 92038 67549 95353 96195 64573 28467 95138 40667 68653 65682 97748 26050 21144 39917 28765 98788 76776 39033 92463 76707 60781 36494 52877 94861 62310 41294 89653 24553 31843 35364 44631 72085 81816 14266 41722 88312 42512 20300 85525 89255 45425 23514 68025 33896 57388 25258 83217 91594 88397 33459 16299 32982 24460 57132 74257 18138 83068 43908 23197 35344 89010 68306 14241 10483 23811
22480 41340 96667 21502 13739 22833 33441 52185 67874 68330 69226 69214 23861 80033 85205 55063 42475 31195 17495 46516 78090 93467 21401 44344 54290 25088 48415 92759 37787 19257 92124 16581 30588 57229 33382 83611 76876 84102 22937 57001 83195 37514 81936 15793 54412 32472 59752 99634 90386 52308 36505 45092 14076 71081 82991 94509 13535 62143 71719 35215 88712 81022 39551 87190 58702 42361 38350 40033 25740 69398 86478 92481 81766 92929 69668 41680 22418 41814 70009 46960 18142 70433 92963 78682 25141 41958 64970 18188 24029 23301 51612 42266 63649 12277 74183 10888 19463 74655 75629 94936
39287 91767 60980 86655 99860 94907 97245 60218 20746 65540 37460 86522 66575 19534 55694 13996 78663 59422 53675 40658 25705 37740 93608 53664 28046 11046 36187 23621 35080 89949 87556 99597 53443 12756 74505 37090 94847 53836 65282 32518 92067 97667 34803 45337 96663 89302 36667 51646 23177 77701 29851 50506 13275 49570 73829 26597 18034 95191 78015 65847 97042 72930 51345 71098 53229 35060 56944 65888 42826 28299 16212 60698 42246 48173 76062 16012 18353 59735 46433 95375 21986 71607 36257 85577 55399 18330 25735 58994 32189 72329 97118 84731 86810 25004 29436 22834 92566 34525 55217 56512
93253 64800 27731 73991 38382 56672 18314 53811 92535 97526 29497 84477 12281 83928 11227 78731 82061 90886 63906 49351 57157 67648 75762 59579 59244 39386 65468 58281 88970 47241 94271 78646 62143 23243 24458 57881 30912 80083 43676 50115 17918 42962 74798 47681 17730 58794 59028 91462 36573 79455 76599 25110 79129 96944 51031 68621 29154 44867 43997 95949 20894 94893 84342 28761 57692 72217 82974 96988 81565 41089 27828 34937 35712 87337 24622 90611 35165 93629 32282 35605 95359 34298 64172 33055 26519 12106 33365 19374 81022 25034 93673 27312 34752 50691 86325 87273 41474 17303 52514 65639
51733 20236 95680 25819 33328 61543 42368 84141 87031 31919 74792 56703 68425 17072 70128 21086 68784 10530 47356 93021 10642 88731 24068 89874 58648 95403 85434 65048 10087 23019 25222 57105 67588 28577 95707 14448 44888 35723 14343 17638 83506 84858 81928 26247 52827 70631 30092 17822 80197 50806 43994 49837 56267 51708 69476 94404 26526 53137 89825 17280 89565 66223 68088 60912 31687 84440 60340 98053 75613 46397 14530 91682 47647 30539 24264 89747 17392 25436 48833 77265 77364 61361 55009 82864 47419 23801 23950 39032 83482 47860 53241 55812 22332 80409 20366 32753 72277 83390 17280 66497
79919 61601 69355 67025 23914 63541 93643 78324 22251 87634 16386 30840 15133 29492 70272 64531 72369 15648 29470 29376 35260 15188 15451 13280 55821 78036 59570 92860 62973 27631 48918 86172 55134 91558 59166 81822 38324 55220 97567 67742 58766 36963 48242 20844 60420 74631 47997 34286 61151 78591 66481 94612 91619 46068 58206 34426 25826 87203 86535 96951 53453 82762 66937 68679 47291 97640 66608 46222 71141 61397 42857 56004 72746 40475 27023 19364 43921 73600 98779 46841 28362 61644 85448 96893 76589 21370 35106 54205 40047 78936 25150 47920 56421 51062 11788 36952 91449 60719 43699 62718
32327 55427 38524 37797 10473 16156 96810 77959 25448 67537 76040 28350 78562 20801 42670 71109 71130 23567 49461 25100 25469 72391 48449 15318 44104 52978 10325 91226 27794 22704 96306 67454 99761 71380 93975 46081 46730 81638 11047 29811 55072 33584 89055 58597 26373 11367 28099 38526 95658 50699 59570 77590 67965 71059 90773 32872 55524 36273 76247 44450 80889 31836 13791 86117 99275 92812 16873 84694 65748 63743 41778 94904 83385 44583 78354 11051 37664 38838 16362 30139 16122 87930 43236 54563 42371 86045 62723 48473 93567 13292 27975 23779 74159 17477 60173 28403 87799 21202 67756 10674
44172 10076 31959 17606 72022 69155 11579 61718 54613 28349 28149 99690 76743 16826 96131 56865 30611 81117 49252 10796 65513 23088 75345 89163 42961 91160 19959 60249 28477 77372 60124 64323 97082 24250 79060 96785 53671 63401 36031 93271 97614 71900 34888 97753 97044 18011 42799 21819 55037 45273 73938 32092 12989 73104 73904 70216 11340 58656 60172 12966 69218 78811 21859 95683 14569 24401 14100 67156 18482 86113 56498 88571 28846 58967 50027 61335 90592 86869 28369 23834 41532 12998 66842 29301 30497 60250 14801 49966 38413 32076 65820 19444 42308 63669 19564 81853 85482 30378 89490 68292
14873 28774 46311 20161 42517 21120 95572 55688 86514 14077 84172 87841 26138 47689 15129 35330 57340 85081 75329 16705 91497 87350 84729 60457 26742 20300 95221 44073 68921 69203 41637 64867 75883 70630 48824 80609 37486 33484 35349 44135 23728 24662 49165 37937 35726 20120 39799 20838 83745 55962 62624 72986 48637 25266 86410 54312 45934 52838 87813 53921 28178 37570 36553 34558 80738 18941 71781 73818 43341 78676 22237 64814 48299 40477 14905 98897 40174 29889 15225 34094 36531 21856 69147 82199 62961 20925 35672 17607 93528 52270 69780 13235 83012 80356 65606 44643 55490 15441 58546 30940
71417 66649 45097 31151 82253 98207 73772 66804 24767 79605 23984 54046 91039 59747 53550 72605 32853 39302 65631 61915 14597 23908 77457 46657 77565 79852 66584 61027 86844 21751 59606 30965 75571 98071 37509 40173 34163 45025 71046 32082 50219 29756 53913 28440 31335 21023 28561 49651 86729 21437 81684 87187 48934 97986 84012 87023 12959 49056 23142 33171 40303 53817 87116 84217 52037 79119 72299 85435 35113 92494 85117 65069 88643 18743 62759 51802 13828 88338 49020 32427 84487 12444 53668 66803 14259 81458 89035 69291 15387 26048 53060 34735 60909 97956 27106 23731 32158 35086 55372 74086
93976 46916 86334 58416 49495 82303 64644 75079 71030 11740 13925 24990 87752 97075 47579 10639 27557 73276 73039 34944 32377 89419 62692 77062 18926 45037 26726 14007 46349 44129 55113 24905 16971 87090 12087 79884 49229 21045 84828 83446 11876 31815 47278 14669 90533 19507 55312 69688 82362 89107 57890 39599 35542 92030 77108 93360 70406 89071 98462 52715 88442 19287 81714 57742 49216 30784 19538 74437 72988 78465 46459 37803 51891 45709 27664 48425 48899 82315 28248 44872 65141 71416 16442 42821 71318 80809 34000 24649 26047 63183 46746 17461 16759 90279 59035 46532 69774 18747 36504 53862
21678 70037 49473 15943 84618 79928 65128 69260 57900 85688 48649 20540 55808 85897 81695 49101 17445 11375 94443 83808 68561 58908 67203 73794 33390 60609 61762 97669 56940 24332 60341 49489 24150 24852 57961 14247 38377 80070 22939 44421 60672 28553 96464 44864 79626 49397 56985 84189 43946 37057 54795 84633 78693 65986 91697 43522 10419 32524 21252 54549 37372 40845 42738 29852 89679 75762 27968 61237 17191 93914 41381 37730 35047 43832 99960 96191 28267 21097 80931 60799 39340 35943 22469 58320 93216 43333 50343 80258 12799 73521 37905 80471 39768 50522 50921 67493 70000 51692 89479 71614
62896 23499 23645 22398 88502 42841 86842 24865 85899 70170 74990 69564 75362 57123 59422 59381 87325 56254 20793 12406 12197 71065 71207 51686 96592 14280 53010 11687 45054 79461 29177 98773 80202 24078 22715 90022 92517 48462 34986 90765 35210 80576 42365 80037 86785 82141 68066 78697 33621 11974 46526 72336 63134 66251 67588 31424 12996 95657 90449 38537 74341 60003 45736 22603 72600 99482 87603 56282 11160 12480 15922 77023 55477 82489 10184 15776 42160 44252 57196 92326 57001 23006 12391 66936 79202 73159 86198 79124 41896 75970 47804 62032 53794 59165 68393 25087 54422 46057 50473 36225
59898 32415 85077 99515 39293 50299 91715 83915 31580 88331 78973 70078 41172 56416 55261 19246 10820 19202 80271 51367 71839 63356 43357 17103 11641 74666 78556 16695 70116 76454 18704 85330 27588 58631 40949 41324 81632 62618 16959 90032 95007 80632 66784 69196 24649 49708 35199 93605 42818 59872 59789 85986 46098 92434 21619 83926 57235 64431 33815 84864 91776 54770 60025 57748 94205 90511 93834 14464 88586 44359 88079 33479 41221 77332 95086 99305 23134 91939 32636 15690 21246 98566 16214 33647 59980 68728 39392 52018 14107 39472 90714 73536 55495 87027 53942 64431 86368 42071 26261 27711
12239 11222 92979 73423 63641 88754 49238 79692 96196 29344 63705 80907 38504 11419 11213 71392 14453 64278 32505 23005 23871 23210 56236 39720 80489 50370 47597 26020 77156 63999 68328 96405 42748 25600 31702 63110 21724 32968 72925 57709 45903 98149 42167 37388 65556 83460 74795 78301 59768 46198 69328 10653 24601 42885 27774 28066 32157 19093 89089 24139 50598 41193 51335 45150 70860 68564 78064 70443 76168 94154 92061 25233 83763 34990 37727 71871 33435 53316 60914 52712 47582 95550 89117 52548 95440 64828 85465 90686 86165 70895 47830 71938 44173 90294 32240 98385 33904 98267 83685 20610
21388 28100 48638 98145 64825 38278 58810 57203 45658 37787 70568 65541 42574 13343 13178 43754 86514 85557 80347 75750 76659 74568 57393 20907 58740 33941 28600 81977 82251 78644 18528 30114 86444 22577 37816 60578 46509 32013 88890 62118 18140 80184 20316 39422 13890 33779 47272 89605 15381 56851 59698 35944 85170 32014 73769 11481 18827 43205 88999 99544 60655 23534 13825 16086 43146 74742 47652 97915 30679 27581 49865 36257 48837 70866 82464 46987 85847 95573 48208 79212 30852 61835 89271 49373 22964 13129 88412 28431 51746 34844 82128 56651 32249 37115 49806 82155 72428 13113 42057 86074
54618 69660 49913 32609 44910 31398 86835 67737 62889 39757 99987 42258 85187 60731 98858 63445 67302 10672 72077 38640 26768 31246 93897 82432 91504 66007 55825 45070 76763 12941 23390 89094 59732 71275 91912 46946 27184 47067 29963 22102 34007 84324 86236 23267 74950 37198 75236 51215 55216 58382 56646 86666 39826 20435 82922 77840 53148 14155 90411 16383 91762 35359 41220 83895 19663 76365 10244 27709 78134 97809 26049 27610 15829 89474 53548 30374 45889 56407 99970 28988 98069 86957 40983 90610 74984 72097 38142 97238 73687 27887 37794 89692 92714 44355 52144 25446 90216 72564 78368 48604
13877 76477 23484 61973 31565 58348 74141 77963 69067 45089 34052 52033 10169 52365 45131 83104 18904 83284 50733 45456 43977 39260 62466 91322 73287 91735 51351 82131 32253 25591 15625 76351 69758 44951 85555 96458 22990 72821 86784 15686 91516 76783 38006 90173 73930 85109 11160 28163 10376 58127 79696 87010 32693 14742 18874 32962 15750 89878 76071 57650 79919 56275 46762 93815 43038 64594 51889 58975 93506 31394 86149 92235 25423 88227 38878 93278 79761 20492 78920 32170 44208 49086 27502 89472 76048 51056 26409 55098 52116 29271 55404 32789 28363 71598 75229 43516 76054 99659 23393 34408
41253 44340 36655 91981 18797 55224 87668 42349 41755 35876 48780 12519 86107 51596 28090 14579 88058 90916 47453 95218 34581 70986 25051 10924 33456 77621 97145 31071 44342 33273 36439 45251 64155 18792 17710 24100 84534 67086 42452 36513 74193 88219 48158 35735 90206 20782 49228 40576 63118 86089 21207 17026 58122 25597 47427 23525 96906 14316 79812 68554 11323 95559 88450 22467 80990 63233 10160 98195 45667 47483 29578 71639 53060 10149 47371 69573 99151 29307 76741 24919 21121 54781 18630 11914 87364 70395 98422 83311 52494 62463 21203 22470 35419 21415 92464 55248 32326 88905 79434 88401
94613 23929 99673 41581 65866 55977 67747 74680 75592 63040 20695 11949 96488 19060 73790 75395 43190 85438 67662 95475 32351 94428 40517 86734 77413 37000 35799 24143 46191 75346 16840 24849 28613 92286 77195 63093 98997 77277 75157 66897 90320 60007 94162 94018 26476 42520 10761 13980 23762 23513 10711 12085 40333 67829 86761 60176 43496 74207 57430 15775 91406 41152 85490 97603 16605 20380 52030 40576 90393 64145 16455 77948 15315 80595 95181 29093 25668 97172 50905 42668 70555 32145 65197 88273 34753 19042 42811 18899 28576 66624 95285 23701 79598 91093 60227 84375 69309 11044 99097 74958
97081 30162 49469 56616 39076 76325 49738 69882 72772 37704 47745 39013 39059 42445 21163 96344 93093 62013 38933 47278 90769 23221 76402 84544 35514 32654 74007 75178 78782 28421 58519 66351 59482 26566 52185 72578 24233 89811 20483 67266 14362 84353 93572 88774 31201 39164 45500 94856 64107 47091 70467 42856 24477 88142 28252 16506 43337 48655 55224 56755 84490 35783 40678 35647 42892 48713 17700 34085 85254 12821 82051 32658 69375 10705 41145 10409 54001 76258 40858 44291 94238 45708 66413 47605 45591 58828 59658 70938 77727 19226 70207 72158 22638 18817 60466 51567 36884 81270 61596 75298
36650 86998 88216 66988 89264 75634 80893 47662 34029 48416 50779 85343 94452 73888 76016 42451 81258 53039 48797 83685 52297 69835 24256 62429 81900 35878 36921 52708 14065 35361 16060 59112 51853 19939 58812 86201 95055 29990 71144 38565 80233 83537 60027 58805 15766 30378 59280 47969 73573 78563 63930 59937 50173 55164 18925 18615 25769 45971 31137 22666 35606 98350 47552 52029 44698 92126 22348 39626 65265 95200 68919 33317 27146 31759 96154 46801 85392 67239 46438 99590 37880 16355 17322 26123 78675 35750 96917 58357 29235 99491 15335 58037 49427 92053 24266 46762 27535 52032 30942 96691
84559 51549 43962 29891 61967 15423 25576 70473 21116 92261 56877 65796 34851 78524 76877 16795 17124 85489 88766 44691 64792 93878 12694 85376 65503 11877 46510 86957 26942 24104 54276 30469 18652 81725 78430 14013 57080 91558 38431 73357 52888 83367 93660 10702 34250 71120 49631 49834 43083 82346 97704 35396 11282 22832 10058 55145 18206 35260 73981 64250 81998 67958 52479 61766 88145 79820 10634 99887 28271 55488 11479 55307 49669 57358 65673 42249 31656 31453 76140 50449 87592 62671 82890 49500 15127 88741 74979 78936 54909 30527 46418 45511 61582 57932 43550 77200 17443 90252 53717 77854
52640 79564 93922 84767 67215 20064 98041 82427 57133 13794 57570 82617 37034 54734 31444 69845 78549 63356 54349 38284 44865 99543 38386 76956 14577 69882 29040 46058 35317 18319 63070 39966 37823 52230 11492 39458 78330 67657 87988 80230 25181 30741 96906 35627 70280 10660 84651 94141 70733 17480 43374 94386 52567 96772 25460 24751 30771 26599 81870 82970 77188 38881 58721 58438 95944 20946 54604 99340 59433 24237 32331 27072 12472 38303 22340 57786 77152 13999 64944 23471 33092 35617 50377 55806 61224 13861 40446 24437 79688 27411 14252 54595 91516 18034 61149 60451 49893 14833 53966 23526
94070 66059 28076 85772 38789 17064 60059 86679 52505 83740 86962 18193 16706 81256 13563 86637 70563 48894 57695 98440 72489 19939 27520 33316 84390 37628 15697 70402 20590 26622 38128 33498 81113 55034 92203 67401 48415 84915 45568 91481 26563 11180 31417 52535 90987 66508 37353 96649 47474 87744 26016 90811 29276 93332 48948 49332 43649 81936 73889 30064 98225 38080 33137 98098 17095 30897 61045 18359 93574 53009 10217 56707 66195 86721 98186 33553 85086 81392 24331 51791 98006 28794 83584 94925 94331 88150 64915 39457 31911 28962 22714 52819 65374 44284 14346 11242 79448 43229 42282 22630
15898 72458 26267 64408 49303 92653 48848 30348 73416 89446 78576 55452 29621 76249 17783 87701 16986 70276 96065 94594 89533 50317 34048 44099 83323 39015 60548 11115 83789 92150 40072 61283 32448 37392 91768 80836 70716 33687 82383 32087 32070 93356 91718 70945 93117 14512 26161 42170 44603 66926 99921 15725 22283 66261 32406 38310 87982 99886 82449 45412 68754 39130 64128 21848 85054 84728 68599 32611 12527 76406 40828 87648 40068 42353 60263 80355 56709 93597 59670 12893 77523 60044 12763 50654 36717 43600 26315 49585 54596 81463 71552 10385 19537 37197 65639 41132 33531 32062 79732 29360
13125 33043 54406 67882 77872 34727 68025 17196 45521 48033 59164 78638 56117 93024 11572 91612 64927 65687 29331 82450 26126 13739 32178 36271 64261 87527 24844 21756 45845 14864 78604 46574 27348 26465 80071 48582 84489 40719 88008 90734 27774 50267 93862 99834 62149 98124 15296 42643 56738 42379 79934 11809 64355 80561 94967 40918 52946 45481 31354 99054 18213 26359 95095 38865 23630 20609 70546 77588 72656 98492 99458 99340 10491 80732 43818 96213 69018 90729 53887 52601 75972 46310 66170 37323 62667 94803 56088 54982 82359 34376 55061 50526 50505 41564 22812 42311 94277 68771 68936 57182
22256 93960 25128 51922 72755 98356 21647 50155 31142 71972 66423 51034 18898 69496 87959 74130 60887 49348 56585 87036 43452 63636 63336 80674 60877 82903 43118 20442 86773 88982 84476 68028 94931 38687 63686 38890 71462 36130 19123 58432 14940 55745 42458 50520 78569 82046 23717 87818 86198 18474 72630 21282 68189 17380 96291 74245 27804 45854 48750 61084 25617 36055 57706 62978 27696 19015 41334 24702 65006 85668 78288 51848 76170 18749 15967 51909 60439 75599 61958 90589 79844 63784 93025 34903 41126 80627 26937 96024 84972 12556 91561 20074 84683 77170 75234 68976 41983 96363 18985 93364
81413 27414 88134 41229 86835 11465 42238 31274 20414 46560 48732 73393 65240 90719 21808 83927 82096 29115 46678 10373 94040 62920 37222 30436 47511 83686 28536 23470 65913 19153 69828 62598 36869 31925 92617 30573 53172 50496 26346 57448 42452 95214 36567 95838 68906 17180 83696 36812 74877 33878 15500 32097 32308 79765 88683 22012 30360 42138 64640 63339 59146 33495 39871 45057 38077 92825 94408 42512 72759 41385 74588 17044 45874 41640 19277 21488 20778 70361 91410 11877 61064 62558 32696 54987 78637 79195 45260 84714 33179 23674 38576 74991 74398 85101 14241 44061 18032 24109 44452 10800
84879 70477 20147 66166 19765 42311 10247 45033 46789 57317 33328 38104 66868 83389 16781 98412 68038 87886 70522 95752 30189 78842 98171 87564 81800 48920 68116 49505 12802 29290 72946 34220 81310 10049 46481 28222 85326 40032 65599 53052 58982 72360 88189 55597 10869 28013 44969 36658 62956 98682 79793 14897 35021 32299 24233 80021 35349 63668 47866 84528 41975 71927 23376 94091 64825 85118 89675 43742 45548 24019 18027 12993 72136 29226 66777 53497 24667 79168 12633 72626 33247 15095 98826 17119 16312 80519 88067 19882 78769 56244 64435 70356 28673 79494 35930 51422 81421 84053 97833 70947
59712 99900 94874 13404 22838 12203 62421 84725 89191 14645 55982 83380 38558 17730 79293 56377 18257 23209 78822 42297 41275 12094 81808 24577 97955 91369 12187 30294 37745 43513 25272 21386 44087 87831 85354 65740 60274 82290 37827 88509 76252 34634 65601 48200 66804 68386 20272 60124 89460 47820 94293 13701 38969 14816 15547 95279 69860 55532 70114 31727 46155 27456 78659 47746 17874 83215 72684 18221 98524 11329 88721 71098 49960 20692 56779 65949 23800 39285 19144 35054 22489 53686 83715 31127 26859 71026 60389 50796 32578 12164 22273 40000 45828 41332 48401 39361 43304 37221 41370 32261
90528 26075 57034 89691 37595 21704 56308 73238 60498 20632 20327 34103 93673 20350 72720 36161 66086 56989 22883 98519 53647 36009 46420 89240 45075 68855 57635 29691 59719 99853 38136 16067 42537 46428 80854 55209 93055 15200 88243 54796 41223 88142 78981 82360 78146 19671 32820 46979 67592 14730 52081 34791 24281 42891 73041 41194 37773 52905 65552 55062 46755 42395 87891 21774 86406 33383 59144 75890 81758 78190 23057 54921 57966 83858 35552 29000 76414 58174 29622 66018 78046 54559 36074 12210 96353 90124 66537 50057 78942 65912 49192 35902 47007 31617 10966 24008 50333 75171 10989 32629
90321 14883 44596 63967 38935 28462 63244 28749 13991 71812 39962 20077 19514 60870 63291 26236 13828 74923 46503 70324 95873 82360 23560 62717 58617 52900 69030 35035 48885 48012 92295 15218 17181 41179 98003 45349 81400 56777 80124 10021 42015 67468 52949 31733 12266 53080 98717 12728 64426 12549 30333 35309 19882 79823 71816 21341 16633 87663 91986 95361 15581 95571 39220 78367 47465 77965 14784 98320 73243 26612 87696 61874 43176 10134 11178 29101 46972 20095 71167 21826 81305 69147 71915 37062 93339 94226 84417 45660 42630 66641 27084 16389 10169 88202 54124 50906 64284 21722 75835 25628
81478 28348 31060 53253 66152 48626 58974 20991 95723 95726 87045 25517 26056 21038 15062 32363 26450 13734 26340 32717 35638 21981 69596 43093 54013 26948 48850 90599 94366 52396 38650 26091 20454 97805 44254 38309 66440 69362 87738 72701 47938 48962 58773 25317 32997 69097 94215 57744 83620 20870 28323 55663 29860 69416 29674 52420 45331 83831 49138 37053 73837 84385 59928 64156 52355 52737 50094 59889 77081 76753 49629 61143 22885 81824 16120 92692 76609 79119 72663 11711 13483 32950 14219 82914 41082 68372 17315 44544 57074 96153 33839 19394 22741 36685 64684 98447 42090 31006 23626 12894
82835 43332 66199 30525 44429 46409 10408 86487 49913 39424 11009 11354 76799 27089 37682 93479 17978 76076 51345 92297 46327 38695 89806 48925 52859 36687 23296 26170 93689 18650 17912 44034 98441 22351 70005 22947 90351 89080 69324 44002 59695 32365 86979 61285 68440 44943 71082 33827 13675 11404 32445 68309 81827 93881 48832 47868 23735 60990 77504 18496 46747 14808 60173 39298 54770 33514 65368 33371 98709 28912 24637 74682 47577 90391 40734 56023 97208 55476 57994 78626 64148 70569 96965 18605 84119 48986 60263 56731 66700 98667 13745 46995 31687 57722 94375 46987 23014 12664 27496 21829
99339 70376 75515 67561 50650 24696 80978 73664 93776 82251 41123 68592 52129 27996 83001 27679 28516 71264 17502 32234 44318 76864 58414 54315 10828 31351 41054 42838 68286 30400 96016 81973 71917 65179 78700 87305 38919 49737 92051 52348 32825 92546 92248 30274 50547 37081 20867 17245 90645 18119 87021 23986 71446 87470 11853 89125 45535 86740 85371 98016 65105 77574 69220 63103 19757 49453 37635 19279 87891 52239 36916 38801 65976 48661 80559 87958 93209 97813 34904 10061 67018 80946 95101 61993 19290 46449 28314 86618 64970 73581 42768 95277 98061 90651 64689 78999 51209 62179 86808 39785
27095 62817 59760 70376 22046 32964 60941 77145 43677 48713 76542 68655 13412 19569 15359 76844 28902 49688 70515 63710 76814 87960 30314 99492 23104 47487 58154 94863 79694 24996 38035 44238 79846 58967 82452 81197 81864 63273 55571 63698 38273 61859 62292 16179 27403 37157 83832 50930 83230 35312 69711 70959 23297 78399 49502 51285 29848 42408 17369 78602 80087 99443 58468 16443 20192 94521 54091 34308 12255 64748 58648 29211 60395 90830 42283 67000 46992 93965 59038 95858 95169 31421 91931 72379 84381 76938 21296 72115 22183 55299 14551 63610 93851 56507 99766 96976 71216 43150 59336 54219
61912 28462 61912 16894 41623 47280 73259 90242 25940 77276 64122 26016 93806 58663 23481 26289 79031 53678 92676 93498 82505 40709 91102 95495 90320 95008 45446 39958 31811 76348 95938 27131 95181 76516 83675 14540 67992 65946 10797 20350 26461 87057 63295 34973 46979 50269 33781 86198 66534 18429 78821 26959 17286 13852 49305 91566 37784 51367 11931 79208 21577 81522 38677 37049 79986 70915 11869 70747 66960 38470 48178 23107 30550 70140 66404 30058 14716 48416 34727 56668 56775 63332 75011 86914 90370 22854 26347 19153 97919 62039 70968 64272 74435 41394 98236 27622 48211 81016 64991 44032
19459 50332 94462 52079 79334 58115 60651 33745 53713 21007 39245 13949 52090 19513 71753 66646 67292 80591 66322 50931 92442 66235 38295 25047 85493 74189 42353 16700 28570 73051 81623 58063 19359 59321 17521 28654 35453 48828 48158 27221 67978 44270 74904 32520 82964 92573 61268 37003 67984 22885 51759 89946 12930 82852 47108 31559 22684 70087 41547 44493 50070 29214 68405 59642 54387 59491 85805 21948 69659 52284 79084 84995 88857 92422 35270 28521 38425 55468 32260 55036 15204 54029 64641 79107 54087 85100 14381 56167 56865 40846 29064 37550 81435 61103 90161 42853 37196 53431 29383 88479
10849 47869 59974 10840 88284 24717 22793 56985 51552 21172 36708 59236 61029 37352 15460 21599 53996 31730 80988 14790 97557 32545 10759 49116 39580 10045 16953 12945 22017 72081 54522 63169 61445 12408 79143 49551 95639 91628 66559 69005 86986 26320 68794 95657 22796 64467 12822 93291 67480 85098 67903 45547 69473 56223 52663 23499 64476 56434 26109 51980 73831 31166 48092 25794 67279 17101 14806 57584 93935 86310 21028 70776 35768 81404 81393 72920 81553 91636 29136 40705 50013 25896 74317 47116 44441 48302 36332 49168 51784 59660 66786 88179 26171 36318 93111 95217 77544 15328 84307 30563
25436 47867 67378 68075 71820 51530 77038 56073 63066 46267 52565 17939 82293 10034 82314 86639 71667 25334 98291 34748 31490 58320 66161 81234 44725 14626 72160 53536 67906 47687 66669 98459 69859 94151 55654 30256 90427 54712 81571 28141 56385 43494 97926 77096 83816 76599 42171 51028 71695 79011 50016 82622 17962 33300 66060 62078 34224 24779 18732 24774 96850 25545 64631 98186 95451 40768 88041 88423 60216 54703 54777 15201 23916 49792 26010 65428 70760 57589 27665 64559 87950 57624 81524 50871 14564 48574 20625 52192 94710 13462 19550 38767 32795 78182 86264 52867 23451 13122 49350 47455
16175 41888 74455 96432 94832 89369 77914 45521 35030 54385 87746 42614 90356 84763 22347 12379 92236 15479 42661 73121 73073 10672 87519 72456 65932 23500 60147 49020 29434 44515 52861 44387 95225 89122 83625 42813 76731 63219 77609 48296 34890 31587 48977 32956 13052 74029 88456 51162 86879 98500 76710 86511 35630 80152 28948 77297 49501 18739 60244 34740 20935 26139 87411 90353 19660 71915 90488 42164 78875 39228 93670 22967 21655 97164 11668 17546 16346 27192 70835 16252 19848 56651 70950 81651 62817 30615 94219 49018 29225 48019 40116 26208 48282 11425 17485 92412 60180 34809 89011 73366
77477 54907 17143 98605 15817 40880 51423 70080 24449 60271 38294 23252 98646 23033 49196 78396 96515 33324 55985 37096 57365 15453 99106 94719 97614 99059 93938 15896 29553 67252 55089 14145 56133 12903 86365 62070 95130 52470 40153 13666 75737 77977 98342 94673 44146 60294 32004 41757 53950 14365 78770 68599 85859 52047 82178 88337 66997 30831 45149 49525 89437 89953 12110 83321 69557 92241 50689 96700 99737 82524 48676 53438 93855 94606 55597 15166 45946 56503 14169 57272 96138 47347 10993 89155 60237 89800 13617 71646 25515 62721 84498 66951 67170 39761 70891 42032 73039 74933 70857 31031
41370 55502 14659 90035 65536 62394 59672 95467 26191 86102 86988 61082 17265 45341 45924 35271 91176 91096 19733 62449 74312 30043 78766 76920 11194 60634 30198 62454 74997 51782 47178 14082 26884 17086 73842 84168 62341 11733 16866 54448 15994 69355 34597 53718 18038 62982 55692 16918 97736 97795 34985 49138 28030 94275 17480 82981 90177 81221 75154 10696 88733 98287 45337 31366 12896 52633 34969 58577 87874 16010 51493 28502 18757 96670 41622 20377 82324 97791 11729 59509 26587 45548 16874 21446 26540 52807 16730 17183 83469 53580 89314 44066 91975 61574 57491 61661 59150 55909 82486 85512
81417 85787 96659 58534 68914 18695 46870 92869 51985 36262 94454 36703 91511 31051 90426 19852 24472 66894 77092 83100 65161 16120 55455 38368 75180 12223 26516 90969 64206 36951 10627 73588 30649 36589 38154 21794 80203 92492 56657 84308 99854 34710 10155 59728 15032 84292 49623 86961 61310 64637 86766 76350 31709 41585 12184 35925 80452 97409 40283 31828 49055 14117 25286 82463 64602 91444 88890 16413 50338 51081 40960 73948 83883 49862 27808 37184 53364 17839 41208 14949 37745 77406 58735 63833 99867 61265 39315 76136 92285 36033 90151 13048 81654 43872 17794 53012 74386 33339 40355 26978
75515 24551 21357 30438 58607 68930 24841 73284 96022 14874 13855 78483 58180 65201 49941 14017 67346 88762 42552 30158 24464 58163 11047 25803 63879 25219 41632 95142 13771 24474 30365 26310 86711 70825 15121 89765 56024 64124 62983 89698 11988 32725 52081 42777 13317 51575 37247 38590 26670 22189 31643 40472 69394 45173 85831 56134 29314 87103 97569 56583 79299 79720 31715 13285 10891 96393 47431 33608 12938 21474 61838 75322 73756 66255 70089 12861 24641 57941 46361 43476 75324 88225 98320 42728 42511 62013 20437 47444 38573 40406 19554 44330 80680 28435 22221 69230 43568 68588 98184 79667
50796 87324 92562 61329 24607 46777 58406 69184 87267 59094 55164 32355 77111 81016 72523 43245 70444 54950 38783 16180 19257 83034 83118 97961 34024 30540 39726 65144 54135 11527 71376 30185 41416 24350 72099 90228 72079 11958 54012 26751 85916 51630 40455 40096 81092 43432 13235 53381 84154 89272 69104 41947 58677 41225 24567 86607 86442 69126 66323 87020 12596 87935 64780 25133 71837 32166 99437 92579 79316 66864 62584 30483 72277 90621 90254 56896 10780 49205 53039 90229 13243 98102 92506 95591 46217 85261 36503 15499 65212 76354 19204 94031 10369 63667 36513 13602 43022 58436 45554 90959
38754 99860 12567 85400 39109 67810 30464 26384 31077 17487 40525 39936 20089 99880 70809 36114 72120 14119 13932 80929 89068 72643 51572 53706 82845 76729 69707 85365 21251 23046 45385 56455 95417 79609 13368 99996 48623 29763 52875 74608 30526 12982 38650 72464 24122 39642 21871 82791 17756 33055 29750 40929 68850 38116 64585 68222 92514 81152 94486 33458 34932 86426 41101 61631 75201 84062 13584 61978 75592 63657 89488 25841 46540 34673 35906 44270 87822 89193 25449 18388 24519 36300 88560 32297 25580 36748 15069 34508 71818 96151 84129 94198 14142 49173 10361 23224 94921 25158 43651 63536
17598 10492 73392 96617 65595 70001 59346 97323 62536 58775 27919 45080 90638 21409 48639 10551 37377 73281 63761 63314 15670 51552 34314 32892 15773 11912 14506 44466 42070 91957 71408 51131 84445 12420 67169 51191 84719 18712 18074 92722 78158 80793 48287 90420 98404 53550 18262 98845 39969 80201 17091 97498 61397 14187 95110 60378 42055 21635 70279 16784 12423 36801 67457 22867 83886 43491 73166 44551 33721 52916 33925 68204 60018 71280 84893 94781 11579 93447 23719 34715 39953 20855 58256 22940 68450 76913 14718 42303 42865 68744 64942 31388 79777 78315 76606 95785 64724 22012 11565 26393
34273 56591 17416 69928 47991 13074 18613 36227 98683 31444 30342 14138 82309 34175 79298 53999 29422 41003 98305 50649 64849 46237 82755 75983 30116 21592 28261 51726 39289 67603 47120 41736 13984 67817 64122 63943 35664 36088 52001 93871 58726 57914 66054 70028 53592 68403 71882 97818 47415 20932 30146 48084 91062 81678 13709 87037 15041 91923 22458 20101 29334 45921 17359 32807 45022 35459 39208 54805 62781 16415 67731 12489 55183 73608 87204 66513 18382 31599 45271 36783 81184 55712 33622 16593 64484 71446 85856 95814 72369 96971 26467 43980 94377 69880 36887 29179 80487 35757 84037 20836
48118 68107 26436 13080 38044 22416 36678 18237 70405 93529 74700 47480 28317 59539 59149 13821 71858 89455 40857 64777 47058 90183 43703 67335 64768 75065 31147 17214 55327 84675 16955 24926 57685 85085 24501 28977 54550 56311 94559 90919 72287 88545 23537 34730 94093 29902 54874 48012 15270 22873 27249 87764 32552 77986 48041 15374 32524 68872 14283 99947 93111 89762 97156 71433 19722 88783 83573 79637 44026 19603 52344 35952 85613 83232 85259 99784 80206 73191 30047 80219 88773 29794 55096 20540 87912 53027 74458 22304 58810 84541 70189 61939 18750 34993 17792 24573 33868 75157 66333 10124
63632 33721 48454 26039 70476 83106 69376 28497 18867 92177 34984 71172 82395 57336 71164 87645 65469 31193 71161 49423 41578 38257 72265 50299 91254 40222 85242 95161 57257 94534 85568 91554 10787 42563 96110 45677 93976 56524 54066 11163 87032 45756 54377 12893 28053 45631 89737 89284 21361 81883 74709 11744 89422 69866 61609 67637 81750 41380 89425 84375 96575 78146 84498 73386 91808 41704 34410 59657 24757 66823 61839 62113 34371 87880 76069 19161 18251 60881 75040 69790 78030 79727 94942 74028 48417 53404 50990 86223 99209 41137 94673 60184 84787 89899 98390 33639 67985 42812 22430 38053
