100 100 100000
543 49004 62163 14481 3301 78747 61260 40079 86349 17104 68391 29729 89879 99243 90000 37460 20647 71230 45283 7075 99796 9157 11773 87312 75999 82480 5929 96498 61508 29561 85474 49702 52093 39826 2555 19626 15762 22881 6929 9490 93429 47993 16654 46995 75483 84498 7475 52373 69083 5891 97871 51217 45368 81428 15942 62279 26162 95433 19505 88105 47472 48035 41741 29420 24273 49323 51299 49093 36996 82241 6416 84263 46052 88520 94162 52500 82813 9112 52223 54676 35773 94866 89297 14054 27667 53065 94368 4582 77670 48914 93030 65299 26243 11203 96654 54681 93286 52031 85235 71511
19039 80972 62119 64066 6906 18677 34067 94071 40253 78876 37262 16489 76527 96784 7987 10172 36396 91615 62389 88284 57896 62040 19313 80578 68500 50916 78719 64906 79922 39272 93203 46048 75559 25114 48332 72938 7922 83296 6861 29901 97649 33498 49731 97380 60902 97440 55008 26733 33374 29083 52049 51297 46009 80967 24535 80167 91018 57763 22867 75065 54804 58751 19448 83939 10103 58336 23519 23363 66036 14458 13330 64015 65944 99158 74136 17079 35869 57311 57269 6350 29522 49955 9120 21954 91650 19184 8911 46938 83908 18538 32048 84023 4717 27717 20131 55517 4386 98584 55534 28540
22307 42360 80765 84265 18278 59919 92649 39754 83148 17953 29107 10155 755 6906 45290 67932 42087 63351 77034 74211 67925 43245 28928 51345 91840 44623 3224 81499 65288 87653 49967 43061 1847 51285 73489 77846 67035 56452 26377 72599 30010 67442 95696 26548 93561 9989 32642 88786 88782 20935 25678 58612 61087 84478 28150 42751 29703 71284 85164 55697 62597 5652 70701 48420 39325 56717 59171 25856 25376 45992 10246 37217 74357 21327 295 62690 46923 60005 48191 27187 21079 46071 94007 53518 37691 77124 85037 5046 20629 50929 8730 97584 85131 978 40360 17614 52198 63378 34632 85449
10453 61823 20393 20456 68244 13060 67847 83604 59172 3718 30185 95045 99428 54945 4064 53862 40138 12052 3736 79950 91269 89555 87782 38339 98574 95743 63987 45675 32054 73980 79921 34338 67982 12663 48086 42941 78347 22167 12534 48340 60926 82235 1771 3010 11448 94206 51132 34686 44594 81360 20812 78258 8196 73407 70693 29003 46499 10505 31990 38418 77332 13607 95189 63418 23567 38253 22001 40159 34165 23936 2674 63052 27827 80101 75079 60127 35519 37402 78534 69861 88031 8152 74739 6269 74643 84706 70884 27194 54376 32928 12294 4411 74778 22620 89234 50155 74856 421 62346 22312
28872 84159 18957 54903 59930 13677 90295 86356 84306 60210 97537 78864 67191 45274 35285 1778 91661 20196 92251 23623 56312 25991 90405 54133 23214 35364 41854 68093 3001 7331 93739 15310 89211 48359 18475 85864 31789 33819 14536 35886 12444 36463 179 77584 40857 55516 78104 80994 95404 28948 42627 28005 6327 46388 98195 91512 75563 6006 52038 72648 68328 96755 30537 71275 2428 57241 59341 54295 69386 24320 22712 12012 38978 18233 87555 42960 88983 75820 97995 90434 37657 3041 55617 27299 10473 25094 5694 54019 47138 5429 176 17561 25440 54459 64166 75426 97602 73789 72383 30855
61912 6533 89916 3775 57761 94020 90943 7186 6914 3109 52036 81605 27061 11559 11146 29695 35155 21744 28017 12789 22176 90306 21206 54045 53460 61552 55427 27237 9618 11553 33112 865 84448 45799 27682 45715 35024 40935 58226 95201 32162 39588 54181 16758 36952 50161 96506 60206 34748 44181 11956 77067 66756 89588 182 39873 58758 44148 97003 97943 89993 92422 27583 32239 33857 49752 1784 79949 56041 47792 19349 64417 88564 23217 28062 45747 97144 75165 63141 21766 79915 78823 76619 76400 88667 7651 75841 87310 27869 5111 14310 34020 85122 64730 39288 3317 34155 78157 83849 71356
45868 3270 13377 56736 22884 85250 75350 95651 66086 53487 47987 75242 89783 15295 90227 37539 21514 4031 8634 76008 14704 10430 69369 29471 61407 60194 34710 33152 76210 22633 68781 31784 65614 21637 73054 58069 8702 53655 24556 25580 33155 69315 64992 69104 21077 60859 51868 56741 56153 27062 54164 37080 58930 55025 92509 80879 52453 29786 18131 25475 48076 73453 60678 97882 82226 48940 32651 74111 24626 55686 34411 19677 42737 28043 27918 67052 40361 79809 16623 95685 78493 66360 27698 42802 88830 96471 88019 66385 4889 37240 88829 97920 74308 13476 86642 74127 68444 40950 57330 57573
85329 99679 38963 94808 1548 23924 96036 66321 70564 72869 8592 61535 77584 72718 47298 91843 33286 8585 57593 69331 6640 47143 80372 58927 53382 55864 32114 94516 48083 82020 5437 21373 75803 72674 77554 1657 78858 56440 83709 60732 53426 27522 15140 63641 43834 70881 16938 60189 55088 57640 13122 25811 58890 46997 37838 53717 82052 1807 2067 56361 33859 69751 6236 22568 66070 6658 11939 38401 38219 13571 82961 32761 98880 8873 74147 91924 89180 89498 65801 70296 66275 54661 78065 5474 63738 68312 216 26340 48748 61657 26440 3348 80630 48837 26492 34274 30645 75164 99637 1524
91253 86770 35180 41811 19870 30677 81614 88630 30716 54397 21699 67988 40275 47343 50535 6330 36579 71158 3328 22023 97018 1940 45938 55744 79763 84826 43097 24975 56100 37829 31792 59297 20243 97111 21510 37255 46563 71238 25441 48106 2762 82851 98572 30894 81361 76254 59106 89670 73702 91093 85561 97908 68535 51866 45757 92401 14941 8250 55207 10904 74019 37909 47494 1259 67861 4982 84458 26190 54878 93058 14983 98250 39827 77531 64341 91153 27787 14306 85125 76688 11571 71894 48476 45042 64037 92166 56599 27694 7833 52670 26311 55510 7705 18525 95751 33236 73246 16398 34348 89732
7985 23117 11516 61341 91314 4505 23445 56985 17664 41958 63031 85800 63675 91606 17332 88262 75067 56223 66122 96738 62317 66457 53664 3454 54083 65598 3352 2607 26415 34962 54926 49552 30343 22818 81444 99307 34177 93509 42740 64991 72043 18649 17253 82666 75022 58737 1557 66856 69948 16640 29285 64155 5034 37129 74578 47690 70934 96123 63775 95858 11864 68547 59390 53518 79039 88360 64898 51599 89308 97243 93684 68528 11934 50305 92362 73238 3755 29934 98539 80889 46223 81678 67065 1563 2917 1376 38286 66617 73495 27606 8672 2310 90270 12062 61626 57248 186 92519 21468 35849
39117 67528 40849 75545 98837 82681 58089 95206 2534 9520 66533 17868 45056 8583 94116 75691 97906 48823 99303 18312 21277 54319 67604 14041 15336 94952 3056 43709 86249 43907 43998 89615 94017 94085 72547 11670 21875 68928 12841 92666 26621 90527 65634 16219 64040 42014 5078 50995 24148 74077 69929 33007 45378 14079 27993 81425 20137 85627 51284 84483 95400 86567 25069 62726 76448 74044 45006 70387 77597 13353 12826 73518 71136 65143 67188 27891 10417 3649 72726 22187 47975 24869 34278 99365 32054 36791 3804 68551 6798 52834 41152 83345 30067 51966 39419 9514 87572 61197 16704 85624
42675 62930 31657 57726 78875 8576 1220 23959 4805 14130 78569 29183 52958 93147 50752 4508 2805 30830 79362 30051 27949 14294 44767 56338 87231 6166 8447 60054 73628 50403 58850 49218 57820 48110 31958 98885 54497 77197 48728 11804 45133 4741 79171 5279 63269 92426 36992 71164 19807 12540 80737 53432 21199 7060 24434 67230 73940 57958 47054 72307 40800 70655 48586 24837 50794 86273 8272 4348 17273 60194 47618 79955 28629 82950 34181 60670 695 38803 87665 46824 65416 48203 56802 85481 13369 14422 59778 811 40316 58754 81809 791 52999 26880 12173 82307 25742 13307 5438 17015
73448 43655 97136 49227 66987 42379 41320 63491 51792 19880 82907 60745 8461 90949 57177 55288 55433 92609 80890 9244 95389 59935 85088 37165 79966 93410 84795 4450 94300 48922 51215 46666 61003 98077 32277 9434 27893 77121 1763 53658 60874 5254 63465 89355 66205 72069 49496 61215 51353 37401 45997 13006 90171 69082 23034 5830 64859 71132 9603 65558 64182 63721 83403 38595 38534 67866 31987 41054 84205 87745 94339 22684 43735 45568 47226 72219 66504 99491 50969 42769 89178 25552 48635 71151 88188 50655 89355 72086 20233 32267 87198 1607 81128 71300 99223 40091 1588 19005 22033 75473
35623 76578 12257 78632 80849 41853 58349 21779 98511 9496 40480 51246 82518 77789 68765 53731 93167 33468 60072 22301 59327 11104 49691 75633 10777 86766 7754 36010 57675 92158 25332 67718 61478 2654 46409 27155 57462 23741 18483 49120 93869 40493 71819 31201 96455 97022 97906 46627 16251 36688 19256 55733 42989 12031 50278 48978 59867 4252 87666 86836 47516 74387 59824 69665 18553 26931 28948 25941 6850 32556 62434 62672 67465 47716 14300 3266 23233 92192 84870 58177 51488 79483 87076 90927 92509 84679 62383 71070 24687 58282 64293 21147 19779 86032 77452 79911 39690 29539 20793 27128
35358 24093 64356 6580 75068 70181 72554 58219 9457 39151 21164 20957 40880 23022 52169 68093 3907 9421 84559 45095 56751 7167 38188 95984 28609 67386 61130 27094 29700 75899 63750 21072 94614 21352 7699 97996 24388 32421 12417 80393 27746 62325 29105 33858 23736 34338 84529 67507 89837 35522 58472 24822 73050 75549 23337 66752 20383 74621 70897 84017 47215 31076 97491 85130 83171 28389 25755 90248 34753 3808 46771 99524 19414 17672 34167 63494 61487 32530 13203 63948 39764 90323 82122 90848 57113 26828 47101 76073 22881 30218 38423 94077 13883 11399 24179 83959 91994 21932 61245 32471
35565 11257 37262 96097 4023 84666 43563 57655 29300 90769 50243 61041 22846 90445 18428 63331 92194 59405 39313 73198 32025 88018 26773 93149 74108 4683 7778 11808 97492 93748 3311 52339 76895 12662 71103 72823 95539 37107 32892 61539 82489 87796 1345 59308 35866 2042 6078 64059 22465 32930 66689 69892 54522 48695 19049 90328 71247 36320 42940 46124 94993 91065 44332 48577 46166 34871 23671 24208 67770 60847 50176 46036 44352 2795 2593 63295 48248 57644 6938 38716 38585 67932 61854 84933 79609 54239 42994 32917 33876 7981 70094 56023 76295 49627 34305 68962 92813 11648 17779 48126
18003 56031 96963 55062 82080 78835 12120 97333 82127 75278 93246 35836 45461 12682 3508 24965 43581 85009 98584 59038 24961 6449 75310 45845 3431 15593 57512 40151 338 89621 58168 39855 29903 7184 9759 46279 39983 33687 57043 68520 58008 72480 58626 59188 59719 62881 55764 85260 66675 12980 63493 18773 61923 956 60507 14147 1567 64499 7773 39911 84531 99480 43501 42894 38648 53554 18980 14584 74585 37004 30006 41046 77402 7493 84827 88856 20636 71556 36201 13896 58086 76380 16121 20569 34924 21695 16832 28069 51028 21859 51404 69824 69827 18887 50363 53246 85275 3287 90819 25719
14841 56983 10434 13443 36891 17195 7414 66726 17904 79915 51627 8574 51030 51107 88873 16702 55585 25491 54903 4542 97966 969 52110 1871 6213 62411 93577 7297 76731 78546 47504 98129 62881 93309 23042 23885 90507 7220 90010 20908 10580 99798 92621 87243 32793 76926 37265 40648 6088 94375 94382 44260 66793 23988 63641 35590 80277 81837 1311 74175 65797 70864 82048 64081 9762 25030 88795 22485 95791 61006 54245 65040 97402 9182 59183 18756 92784 80523 4396 1318 93561 1893 3920 58381 74561 29456 94840 69099 37407 44632 77948 84314 78205 95594 35082 94129 36454 30186 71889 57489
8095 60327 201 78893 37293 63994 96412 80386 95980 15454 43747 20350 89131 69153 40485 83132 9584 97959 67216 51169 79311 78270 64508 96665 18541 16906 59600 6541 53658 27163 48735 64621 51160 63930 68963 33967 39236 74255 77454 56823 46362 61239 84100 26521 67905 25611 26246 33032 39616 87363 18280 27714 35600 90371 96399 8010 72553 35599 25008 4363 97008 96396 35346 38743 41204 18632 60544 25991 85410 31376 36643 44397 60733 10518 93212 35328 21729 40380 19166 49709 18704 21971 41845 25456 68417 52920 34394 68347 14359 19055 55018 83680 22926 20922 69058 62412 8636 94395 19755 50917
68068 75543 24733 394 33549 17088 90444 98400 22912 62824 33305 29057 94204 25747 53395 6803 85296 85967 97467 64666 57441 82821 4283 38213 2658 55500 93890 9503 6393 38010 69473 37405 90253 11305 92352 48440 21043 8276 26639 34159 87251 24212 23567 67551 96360 61257 55665 54284 5489 85740 4666 94198 1452 91317 39488 58794 66768 55120 98604 22447 8868 99253 53840 98472 66861 79716 48413 78311 7354 14045 89537 77210 75399 9338 98948 2164 54064 43999 1481 90692 96113 52070 14109 82833 68690 55197 19895 68350 48483 21844 29741 8098 82529 7809 71906 78645 29539 77755 79275 51988
40805 36676 64094 27921 41552 53758 49603 92793 94643 74304 85273 37576 49361 32434 18916 38444 91714 13665 71883 49022 73607 87133 41661 55522 7590 48401 84847 9904 4608 84171 33235 45613 53235 23837 52030 96792 77102 46773 90024 68211 85081 37301 92246 97839 28654 86077 45882 96126 94684 75104 55546 55355 11308 16481 88446 17592 72242 63626 31003 21452 87739 93953 58009 17649 81359 66651 18792 82361 96905 20239 63596 18993 75523 21463 28641 41028 59733 56940 23761 13126 76580 41514 30682 45001 53876 96391 72322 13462 20590 11294 56012 63516 46388 56938 22798 5018 88138 79283 55788 32719
37933 16992 75826 6944 37309 10546 79999 5816 9723 83268 24069 37099 19435 80339 20014 47499 20261 11566 63294 66866 64335 34342 26012 68420 90649 45713 57946 16735 28941 50942 98821 7606 30977 42959 57035 55100 8849 35952 38813 87790 56717 29367 90545 62290 50739 10518 5724 21928 59938 59625 61812 5014 73019 60997 56451 88159 17689 87143 62738 1210 46946 43487 28853 72087 36555 16473 29174 85542 67309 99220 26051 76551 86712 41152 39563 73330 95630 40652 14855 15995 36293 17230 88771 51328 87229 63784 32196 46898 81439 75139 15522 59995 53961 77021 69038 84222 41471 82645 33201 20732
43130 43724 23527 27617 22875 39125 50091 70856 44482 54709 84382 49631 43121 3558 20763 77584 57799 39235 10869 48944 67905 78207 28722 37919 69974 42785 24731 18505 49758 43833 25332 62489 93844 98001 25071 76978 90121 89662 16780 61092 26970 48094 3710 92599 2348 10513 81398 10292 6753 14908 12238 4385 47679 5752 84775 19630 13802 87581 28273 33905 67685 4824 98577 3453 21063 65745 38341 31277 1545 72892 8230 3265 82922 89818 51638 61794 89597 66189 88940 64941 17133 24242 52004 64644 2950 35216 82175 64555 5315 33721 55896 83463 16550 80172 14325 29090 88020 9849 95279 42059
4609 46396 3100 88502 79651 63073 68237 92013 32913 66502 99355 45856 17497 3654 95415 51040 62185 91386 59842 49074 6386 80101 94528 5496 11195 64936 26726 30508 96303 72225 49303 86716 78281 18522 59369 87500 21258 74719 8965 17152 9838 33732 95015 59538 93557 9382 38505 3396 46927 38797 96246 52747 64027 61754 45870 71022 13522 99203 95896 56661 18810 84151 52067 49890 74569 3372 79495 85731 25774 55862 55647 33308 53269 83996 46015 71388 62182 75862 53349 97412 52892 27666 36019 37998 87185 89026 85725 19254 79572 67444 41025 39213 11171 4184 71008 1579 45348 87955 51905 68226
36445 21632 14288 57958 59486 22427 49950 20302 35381 21543 89851 39711 57217 7742 99089 36561 20032 737 48187 19164 3350 56684 39128 17264 28094 77094 35982 93923 31643 85171 22904 41201 31155 10549 7829 24924 10131 50411 59318 15949 1543 90922 27427 38503 3859 91148 90153 73210 61597 32731 77400 66539 38842 35869 50173 82426 41144 95768 69931 14524 63804 2245 93393 88024 97045 98522 83810 4726 18951 17862 63483 48253 91114 75591 13678 71784 58329 70760 59673 86714 86520 92660 12815 19487 96919 63736 93548 36992 82690 21972 71403 3244 37884 2455 5347 14138 15963 42319 2802 66057
80225 5987 24493 68828 26138 13982 92358 67761 69109 36743 64360 78260 159 17180 4964 84712 43540 71207 67610 50750 76877 81019 39220 93608 47314 95071 17624 89534 23530 28127 80506 19366 29048 43126 90185 65171 8147 97449 50501 77339 763 91642 92557 72865 35656 83580 23100 48989 62272 5663 3359 77521 93396 60628 45267 31397 58808 88790 87619 58324 52376 6313 15199 63011 2223 23143 86476 87491 55361 87206 64085 97493 304 58474 18660 44472 55428 94073 97306 24328 46472 6712 77192 1409 30159 21942 38585 30797 56672 36640 3197 93817 39740 61846 12232 47395 28680 40004 47120 37368
91706 96359 29716 41157 89169 59999 68097 75451 42491 79991 26598 3718 14355 46460 34958 69293 86925 41554 15532 56956 77860 62203 44175 4087 3471 57731 95796 85500 13655 8900 52369 88281 31731 19281 27439 91564 29763 4574 36141 35917 43182 97815 5468 72218 4488 47897 85857 43251 93301 31018 96258 59464 2660 55440 22622 21454 29145 46209 68820 12689 41222 14998 59407 71578 69764 51970 31318 71012 16468 95212 3871 48794 86392 91977 14965 1390 36973 86897 62727 75857 7950 88659 59886 75552 20132 51292 1366 19477 53640 34930 39451 96439 71891 30298 99508 51876 67596 26030 19960 83482
31614 5035 5310 70629 56807 75314 75573 90244 57341 88193 32842 72098 8489 3113 78104 66042 16746 52396 82002 98826 49657 65254 58086 94826 10436 40136 76642 33799 66607 47571 71158 18239 38691 49696 20230 39675 81493 38171 39978 94576 92354 97197 93901 17456 46613 54192 57090 74880 91963 68541 37285 69410 74385 80399 56886 41263 55786 3049 40003 15757 15240 55198 22353 94257 71198 41694 74094 17382 17701 32404 14280 18831 92606 81050 74649 24958 22358 2060 41717 66488 58519 98079 52491 64932 37871 3397 44750 35813 60206 25312 51053 99052 77880 5752 85847 15401 87062 94633 1655 74103
28555 49051 70913 51362 35452 22102 92405 8886 98336 2488 5798 246 90742 58830 38780 32975 7465 19705 50275 99030 88682 16964 31225 18308 27696 26485 91701 96944 28439 78001 92050 72837 15200 59102 41407 60669 72134 2732 24146 32232 23971 63071 37117 27352 7764 2825 40277 69917 40467 24653 60223 76985 82631 42302 14037 65682 88581 25601 19640 52964 94789 78164 31409 12936 67327 98575 65869 3244 79014 57552 40872 94483 90969 4398 66177 4627 55259 62061 84257 35083 95930 47781 39589 29541 94000 13223 28739 67513 21704 84690 59475 64799 80166 30117 30500 97653 54716 50753 46266 11582
14194 28375 44122 91547 25115 21406 86119 37375 30678 98771 249 59559 62571 69471 94757 97702 73444 31430 39277 6751 96719 27444 52390 59620 27613 41621 16944 20762 42823 62038 40357 38077 52578 244 78327 4204 80003 20943 85084 96901 80207 1706 30019 20356 46690 77472 15819 77103 10718 81429 97187 92323 50455 58195 5934 28110 35866 73314 70794 91549 89666 99851 77264 38108 83840 51311 25882 93783 54998 34130 4792 46953 6855 32902 70065 48147 24330 23890 14281 64874 83415 75110 66945 19903 20778 84162 6126 66959 51952 77580 4604 90365 58199 1387 10390 76093 5459 13779 26416 87786
94482 55869 70790 56601 56705 33742 96336 9761 87366 52828 93902 95715 70046 24195 24644 5720 91521 80590 70817 77439 43321 87961 50673 55881 47176 61280 4310 47794 94214 54772 77146 94935 41102 69680 2642 41478 52778 54111 95652 13841 32065 55333 60045 34121 29390 29848 18241 88503 61096 61454 1990 51620 75946 93897 75712 56694 58690 70636 87997 92985 22983 91268 41474 45204 47650 21678 39311 27216 48187 63508 12700 40593 7868 78878 93861 36980 91752 74201 56970 6952 51767 33596 43509 4597 28775 25063 84202 96756 15584 9778 38496 86167 77752 29085 47883 92230 12248 25514 72287 42482
36609 79665 42348 126 17840 98703 12529 71776 15552 32080 5697 95281 51144 63889 85288 41211 51733 53385 74287 65713 58496 87000 14383 11522 94567 25052 87500 19473 1494 18693 35944 53112 23307 49365 52235 99542 91426 79880 85067 5522 73687 80948 6090 99455 27134 43227 59700 33864 82460 6288 86232 5534 98328 86251 29127 1208 7326 61297 3010 49138 17828 46636 7891 21026 43264 41027 83533 88946 32747 81553 82063 51766 97813 35797 40855 97950 74019 38208 13392 16940 33288 77661 26496 15244 83201 16368 53252 36950 84119 52189 88716 77577 52118 99459 22721 67577 72138 51196 19320 26030
46915 17226 64175 63116 85423 91629 93923 65729 74244 72727 84393 5303 43587 99731 86420 14593 80163 73743 86403 3150 62228 64333 51391 14084 67777 18232 87676 71681 514 95515 15861 50668 77296 67680 73097 18342 61302 14203 16788 60406 94756 65200 83755 183 89457 43158 93420 15879 99700 53293 97384 72606 49567 32232 75601 70955 37772 94295 32706 86522 44700 56322 34775 93425 91670 7446 49633 60149 80011 29770 46834 56190 57072 1835 35081 28211 68416 59077 83139 97806 41563 17721 11534 89363 17466 55019 60090 34840 67727 2085 93706 38299 63506 68864 7447 80176 43467 48102 32126 75604
26495 69415 31756 32593 31319 54606 53104 75410 85602 79738 70302 64083 79279 80445 39310 26656 22126 61629 87503 59758 47136 97784 48093 77593 96251 97513 82774 77571 55592 71730 65206 47424 73499 91174 24950 7135 52870 40372 45293 32555 81796 17149 48773 1802 32515 87238 22789 10996 77681 64696 82816 43890 80128 7143 1291 1209 8939 47859 20361 75212 32871 17250 27293 62694 13768 10887 18445 54215 27482 75699 73335 92359 56385 17732 77329 2946 58204 13426 97795 86345 12616 53159 97100 40949 97960 96622 28359 56751 39579 24273 63220 70297 93392 66911 95193 87222 50701 59243 12163 21164
95151 66034 59243 12814 42436 99238 24587 95396 48125 59661 62202 16974 61473 49122 58254 63896 86534 30112 36160 93439 56836 14720 3302 79663 64096 87864 57932 94212 6110 71408 60727 63926 67532 55649 26197 60215 4021 77008 83431 47717 25874 6547 44643 78975 893 77924 21574 69752 97102 2235 8883 93936 13374 98225 82193 41572 66990 13994 94203 30462 70417 96735 55815 88995 80108 49713 90177 68888 77144 7017 49625 17107 60537 55701 87795 15182 33423 76661 89864 51583 47550 13054 87288 52148 97417 96129 91538 91157 90794 71120 39507 23512 46722 99755 20119 48475 1614 86970 59578 35072
63285 5317 45021 25798 22421 59587 86683 72467 23443 62345 37650 81759 90918 3498 27465 99903 49518 65450 68760 56378 41344 76508 39163 66460 23571 29964 36267 30866 12890 55621 85692 94437 3240 17352 10142 56947 95802 95019 94791 93878 64682 30765 22540 44422 86168 67535 46118 19715 57991 49333 12106 42863 85132 73732 31519 30487 59406 57898 24003 53173 61276 85402 69108 83756 60568 14533 69972 8430 42744 93631 84315 9076 25540 16426 79116 14749 92905 37638 18671 61078 59088 96849 53007 59134 97218 8591 24842 13040 67879 27189 60750 80478 48149 23306 65787 98136 15202 50816 22733 88415
42862 21320 78415 68621 76147 51215 51144 96148 75143 79618 71155 93072 58972 21042 11067 57699 85629 97468 187 95227 28437 12134 26050 31334 22717 86315 9757 25379 33213 89408 16081 81278 78472 45207 61503 75751 12457 94024 44018 31771 64138 26448 33118 6844 24650 36785 42435 40090 4659 89825 925 44649 2635 28677 81512 75935 66402 7328 39341 74526 59809 60371 76341 10045 24232 29318 8104 93584 2806 64096 5080 990 2873 41179 18412 80508 98082 40784 7067 85154 42060 74864 85059 48967 21860 76887 30372 84294 71457 81308 22124 95196 96547 28860 39775 91553 88002 34443 93914 4602
27809 6028 50586 72576 97625 80394 87596 72575 3515 52722 289 80065 34776 19546 13070 98977 983 36892 4516 14297 92051 10435 18759 46325 94146 87492 45537 61500 34210 58192 27076 83701 39623 23927 34593 5610 32624 29623 22965 72149 62553 21393 57430 61119 37182 47386 96216 7690 46426 58083 39419 47073 35055 27000 33318 48013 63093 56546 12401 89892 10477 49559 28702 97617 31309 90361 93403 59451 63442 94264 82912 35189 90882 92308 46899 20441 65579 66356 54759 54407 66304 6683 39713 54509 98927 50046 47074 41715 23155 35187 69492 15157 24736 72748 94348 93648 48845 41340 80631 92250
76098 42439 46585 67101 285 36016 96963 92955 62164 45606 13184 76364 76774 95210 38578 96551 84618 49110 78572 21841 93935 32176 33684 20069 60765 24113 85773 7590 46513 85637 17287 67048 28850 86094 97844 81369 87069 14513 22154 50947 25642 5980 2767 36755 31315 32421 83463 4527 61209 66452 56333 77226 82453 320 45348 13107 97362 19996 56423 44210 9515 40287 97928 35226 20327 22918 55907 66927 65362 46550 96412 62088 13599 54420 74963 62153 36873 63082 65091 94472 37706 96187 59034 39907 71124 97003 19807 39244 76263 38296 78750 93663 67604 63244 68417 73979 48606 63849 80940 90060
35872 61608 37707 59917 64987 28802 61162 67862 80146 72292 33570 24560 25815 40459 63740 9881 37502 14146 12068 63317 98966 14567 98873 14503 70476 37497 64483 48173 34414 37943 22558 12494 45278 17494 36307 74228 99832 20781 32443 66354 27633 47963 34991 84996 28037 55239 94503 99606 79997 19265 11543 82861 92227 71563 16247 18334 70590 45849 83156 99510 86622 95046 6187 2824 25924 81523 95446 55803 91654 24434 23390 15586 94820 89797 56623 45427 64138 67851 39032 83856 85979 60408 91429 27282 25944 27720 92439 62353 65527 57541 59101 25739 39750 21993 93343 81756 71796 8716 5620 38098
71574 67460 44532 86298 77432 11702 1450 96410 37222 92674 544 10861 7994 1094 40948 63906 31495 23510 59464 68772 40749 85648 77555 58811 31640 36892 80206 27574 7976 78632 72791 44929 54946 98313 37063 42974 28358 20703 51977 45576 9099 67063 53614 10784 97744 96548 3524 47781 90392 11593 47394 26003 63523 33775 20962 63630 87267 15083 67725 34462 19240 32133 10731 46156 25415 75938 12855 61460 24379 63903 95129 84910 3439 81995 20429 86584 99263 22230 31595 2303 91428 6771 58092 18980 14227 2115 21438 49696 3657 93312 89068 33424 1023 42784 97512 99031 1902 56036 1219 70519
17942 62499 11738 95100 99984 58975 72910 48698 67123 67336 88036 7671 56519 56598 42798 74564 79862 9997 85701 93698 54066 4927 75138 66809 94703 18654 31550 89216 69325 54694 65497 85489 95800 58653 98053 25653 61104 96164 65444 65310 61875 9867 35147 95238 53015 27078 12941 89524 17677 40315 2695 9804 2125 77065 23723 59650 2590 60042 61502 97512 44593 37513 85311 97414 657 50931 91407 97326 12247 10446 1120 418 91257 16983 42268 14300 83539 65914 55176 30616 19923 92519 98533 41357 98114 2417 62469 15126 54182 31247 56930 78328 82884 26277 95294 95570 85313 10857 84316 9334
76788 4694 213 26336 18242 19227 12668 65657 39437 9301 56038 75168 54220 53510 80509 73494 53702 64909 95367 95629 25817 89507 45749 83276 47748 82537 90181 69298 2261 77503 90108 2197 73046 3479 55683 93088 99574 16336 21590 54664 97719 65717 15330 15032 62204 11290 14635 51082 67264 59398 28902 28349 49963 64573 50894 62014 51690 17436 39627 86873 44996 44840 63096 37647 24027 12670 55579 45573 16814 4167 71196 42521 75453 86555 9304 78878 45503 76406 58389 26481 56138 15089 96055 86147 89248 83052 80554 29859 28153 7538 80096 92352 89606 88632 54278 14186 63588 86016 69510 6927
24674 39599 13887 75379 29624 9288 12101 68921 74274 31227 48283 41675 93604 3637 16380 5038 31682 7095 12914 57007 39820 67178 79992 16592 96091 67833 79057 11698 34626 5136 86891 54620 75043 69637 2752 24075 17002 43121 65691 50474 62051 55319 3488 43299 59427 77525 24852 7931 80394 18297 72732 16488 78725 93929 28545 33836 44111 15739 20952 62468 10189 96124 37954 4718 59296 770 17357 89978 70750 28461 69845 14123 99928 8313 1329 27157 83026 10738 37128 10748 45825 80911 9171 86049 73825 27458 88369 37746 82410 84313 86974 99902 15781 14237 50145 88409 30895 68765 95056 90933
49125 87497 64412 53984 50287 91323 72525 68329 71679 27383 26437 95158 55231 42868 41830 51209 75856 47085 74175 47297 73284 91330 94291 38910 16391 26809 18716 60456 38393 91493 62776 16911 19288 52118 41769 57915 57584 62747 6874 59538 5720 88835 30240 65904 63003 47511 74155 29751 60931 11639 52187 41632 13995 81025 74592 92072 3835 11590 49116 92794 85685 26094 39348 62939 15114 15289 99463 36133 97147 12748 99175 85890 93461 22240 35538 21360 33345 40031 98492 91424 45951 33819 50806 39303 8194 12607 22249 13867 41861 66251 8897 38212 62839 70458 7943 70294 81532 47604 40424 4308
20018 65403 54442 47790 52195 1304 31869 61934 71435 46858 34496 87138 39783 20616 66845 32325 58561 94512 47550 49404 35462 37700 66556 18350 21591 35381 19727 14009 87627 17896 30976 86801 82075 82952 51859 11486 74730 19042 13475 93539 94157 20122 8335 3917 51849 33708 44438 8713 15710 75387 88912 42084 8983 41377 79944 78371 96515 6412 28327 20634 17480 9798 5745 37831 81801 915 12932 6200 79652 94442 96214 50387 93998 67967 39368 28103 63728 67713 52385 22413 83303 46024 88263 76799 33045 98394 11687 69746 25887 22262 66176 46192 24544 13404 26668 68225 4532 27678 8318 66320
52180 1364 89712 76278 85638 93011 27578 65518 53972 964 21435 32954 25819 70505 80350 6534 21472 48874 72556 17034 8265 13495 59277 93721 89878 97784 80232 68599 32376 9644 25151 69679 27952 28624 61950 82659 68756 25750 55228 93307 1852 35721 89970 41073 82598 67953 58076 17091 33975 77131 35569 66362 16991 8804 80620 41950 58554 50459 22025 43776 49097 70514 75876 69785 47758 33797 81118 66115 92156 60350 23777 37518 74313 23958 803 12362 89892 52387 43844 34093 60635 13173 3312 56077 53207 36355 2853 60931 8276 58387 44590 9335 31322 92935 29532 78412 73574 6949 3481 7233
11227 10729 48489 14337 93905 35834 72532 21177 66153 21059 48529 91356 17612 79100 32441 52201 75660 54200 32711 11697 62456 31509 71300 56160 729 6934 9591 81900 45274 5585 61099 69225 74051 28576 19004 42434 56218 16975 1429 53319 47921 60197 41569 78053 83685 86904 53761 39398 62236 57333 57407 98367 39144 40375 47929 32324 33620 72121 86249 46020 1649 98555 87274 53626 98830 81775 44040 99255 75535 21302 64749 53131 12801 72228 13649 58000 49201 31046 84379 98289 57274 34692 61227 64191 79904 44111 89068 40082 44083 13663 28201 98880 37559 45226 5405 35467 11228 93437 900 97817
30107 33543 2462 99190 84854 73400 24541 8857 97839 94104 58589 77737 47462 47523 15634 28918 30147 36666 35461 50693 11693 49080 67250 32834 64754 87678 10239 45089 1120 20432 44496 21471 13212 21952 90241 25857 16511 47495 95391 19726 21446 11860 52141 1373 58960 84778 48355 59599 62138 84498 39792 48471 27711 14162 58594 61217 53188 19036 49433 53086 47436 75007 64877 6463 49287 57078 28471 56649 99496 52655 90968 84313 1099 72052 93749 54440 12881 21154 98460 15130 10033 56954 91873 94297 34705 76259 38731 493 18596 39998 30351 31666 93231 85695 4414 34582 10554 19851 5184 82528
2725 47459 60641 52377 23822 78501 8086 42119 96535 45304 63297 45894 20206 35239 80715 29283 94342 9536 63979 12822 50519 70161 71135 60925 51027 97824 46097 39931 16223 88127 249 45013 45161 40914 80893 52723 35551 93361 16839 4476 83460 54057 97911 84360 97147 74941 90602 24306 46083 29238 46236 9797 11928 55958 71795 47308 66034 82854 50262 49900 19004 55223 51172 18856 91785 79646 34890 12893 40571 86023 85609 92708 85953 75445 5322 95114 27172 84358 22739 43418 52237 8869 9795 63479 50527 83275 61369 16884 56194 31066 65425 26801 41819 21086 37067 37577 26903 23865 16042 8197
74376 49366 17899 5332 78349 34201 83809 81912 8016 70301 17170 8988 93155 40688 34597 98814 58122 45520 9959 769 97776 69174 22527 70387 4930 92111 58557 72432 7948 24730 86146 65891 34504 25427 11533 64964 15930 29919 37737 81570 70635 9865 38487 83007 4459 79456 12844 76138 98250 49393 33114 10743 5192 59709 51145 96672 96764 19737 32650 23178 31358 43812 37712 74151 89667 97220 92382 491 99350 47261 81708 45178 48537 1153 5963 30226 70120 77741 26785 47259 33233 58749 18599 69824 22159 13511 67641 92632 91840 59992 64325 62434 30494 92980 32890 80248 77781 21719 45470 78817
6505 63354 48395 87116 16919 33067 77907 36999 66217 71094 79381 86334 24036 35233 44749 18865 9844 12666 75440 85407 38612 85634 51451 59879 50259 12099 403 35985 17075 24326 2907 37394 36731 71517 95519 2248 80521 44094 74527 20862 98747 24724 70098 70056 51880 45703 13102 5169 49901 18734 46322 50627 50957 78931 36686 47944 42879 1671 91986 74807 61342 96216 62856 59729 68558 94983 89185 5473 87874 22221 78571 74627 98493 20644 90726 57257 70033 44734 8000 80274 12171 24207 41318 81072 38837 40932 40158 41803 36324 4776 87242 87170 16202 34526 71342 48066 41908 50225 80997 33210
57279 36401 47299 92292 16917 81874 55163 36580 13499 71230 35343 59427 36031 66733 80216 13620 3098 1691 21457 44280 27194 26063 34338 7308 50365 39115 79833 36808 38971 31708 18047 44625 91892 13611 56712 30937 49704 7336 66456 45103 70407 37844 51029 46158 12357 85043 35701 84615 41629 43251 25177 74291 56521 47403 66905 41598 3411 60001 18503 73935 87154 55251 19527 32114 55577 897 84639 14705 31729 81353 25118 60161 72601 65859 55750 90560 7167 80425 99177 93611 89364 44737 56454 12045 31102 9866 44011 77658 36232 96496 24182 45073 21829 80749 87780 24544 64229 38156 47209 17712
62288 54369 17631 29815 21798 17081 11447 66738 86483 57331 54729 31425 61654 52753 49183 29164 61300 50502 29702 1540 73646 40699 51066 8079 46304 30711 73790 7857 92517 39273 95286 34372 44530 82304 47466 81331 33603 73101 11450 46312 2990 25511 34302 67299 8403 24397 14670 86467 41111 42895 67805 52275 23406 96220 4044 96596 12113 13810 25302 43423 60054 541 74333 79320 91555 4939 78954 77004 97298 78810 21332 73196 86974 35333 18410 49684 80115 32428 26401 791 74468 19202 42370 56715 96498 26088 42128 34723 37425 38535 6114 51436 64858 2439 47964 96717 80705 42923 82174 41482
47172 61857 7581 59384 15190 8442 33748 28522 33182 65996 61063 33402 672 79575 82949 30578 7443 43660 71958 75515 47591 53531 26272 40196 98605 6703 50600 19661 9529 33639 33267 25576 48567 26222 60753 74418 58564 53451 42793 24265 71186 91335 41394 86029 48850 94477 14763 45531 67865 48089 61930 42751 65529 76762 98471 16026 26368 68964 12637 9250 8797 78805 30542 17820 17512 41324 3565 955 48424 67750 10735 86601 21445 75093 74364 13092 35005 83550 86482 4041 22118 98684 21728 57909 76180 29128 23785 90551 84486 63924 95600 41794 65863 62733 63520 97638 30031 79486 8014 52720
265 1331 13891 32037 40831 47103 95128 59063 64148 24744 2467 69599 66530 83177 57201 8488 38254 75875 65433 59440 19265 47302 69731 97434 59470 29271 85843 83136 80204 51800 41706 37019 13987 10329 80931 88188 51196 95030 81362 27539 73745 23691 21110 11872 45558 11974 25296 10867 52205 73405 64246 26825 78817 33589 71901 35623 21338 9095 40458 25450 89165 16514 12419 35187 50769 26001 99051 55803 42150 5061 40116 29370 17672 45411 17492 19939 61762 66333 54558 10712 79181 10923 41219 17572 35624 27849 57206 62379 8479 22994 53857 53246 79355 88046 5356 93383 54183 36201 63447 71637
17412 70975 22689 35069 19766 90593 27283 22912 3460 49849 75631 82984 46090 54589 65523 29243 60842 81742 96414 59567 98282 53632 16728 29822 42155 43525 67509 80672 90366 66037 71644 91245 77006 2335 86265 10773 56919 36903 76784 95609 13333 42589 76623 12653 54724 6052 1506 90670 3696 42932 52941 82959 2954 92386 83073 52315 77571 71109 10018 72901 74059 25178 90734 63516 68085 29806 75790 39282 75971 27141 63464 26687 83462 64165 79513 51376 16002 12023 98810 45645 13791 34531 38279 46159 77784 10190 16490 62853 36122 91352 28446 98440 77768 50799 77550 53691 57756 31475 38446 52605
11074 47147 70323 45444 87352 13671 65758 86812 97620 4853 8638 62604 66285 27538 77903 71734 98338 65149 32556 43892 31175 99368 18029 59539 17386 39599 47324 16865 46778 65717 52552 12804 27797 99987 92568 1055 77067 53494 54679 25644 50988 84040 23375 57103 16952 42367 46125 10622 5686 114 62156 82896 3409 26806 54645 25978 37767 76849 30360 76595 76344 86213 92729 68354 44796 12709 447 68309 31417 29033 98874 70449 67459 15926 25098 7899 73447 93218 5369 8620 69414 39753 75318 68871 84492 39771 50585 96254 77667 58971 22465 79918 49969 96643 74184 57110 90261 35350 7061 18783
83617 98262 72593 25921 31304 49380 14867 16180 48076 8327 91583 47899 2607 97713 57006 73335 72383 53418 82022 3344 37556 68302 74366 79211 93303 2586 84640 96117 4698 75597 13106 73829 19569 82649 43596 17174 21272 69455 16647 36404 10547 1050 66087 73792 85544 53324 42320 64134 9991 27433 46855 18474 71181 42340 37156 38647 96379 94613 84993 24479 27635 56167 65711 2250 84517 83629 43893 17558 44745 30772 69773 68279 88956 63560 41305 32373 70826 98089 35229 19905 56996 30956 41268 66342 48889 60036 74469 42580 63729 15603 95630 25972 68976 84882 32256 71765 47153 43996 90395 34258
46018 82520 31954 94311 20187 97874 52667 91596 96205 43103 97723 81850 31464 9504 5134 50908 14415 18277 71932 35562 4045 59272 28450 9003 2915 82322 50240 11196 10435 7648 30329 74429 41094 24255 92989 57809 46358 26816 11067 32124 80243 92472 53168 37340 51142 36575 76092 73700 36394 41598 13490 63567 56649 57646 45303 10085 75553 33115 31352 25899 94445 71610 56189 20038 20875 7865 28855 51058 91200 11137 55301 60958 79978 34234 62527 37240 99279 52574 50379 62014 39145 91247 79097 38539 21642 77099 88605 28331 81214 27728 33911 27825 35950 98555 72741 44774 19257 53829 27570 74835
31154 37123 72077 91292 7721 84992 80559 42847 84479 71808 3405 76053 89727 49968 96359 81590 25976 45875 27530 97799 54910 47091 79441 99616 53841 30407 39849 32221 68151 65300 41103 58604 37722 13760 81649 72553 80655 36921 85313 70669 26347 87363 46838 98565 85268 86717 57517 55602 84379 9415 90820 96047 32162 15452 76064 87608 94354 97273 63642 96484 93086 83768 59180 42799 95703 1217 50261 53553 15329 40529 45256 84614 83514 1527 12402 70285 25847 60102 62673 2813 31191 92154 96269 81609 16571 18812 7725 22044 35230 6192 19654 30452 23463 46997 29498 56572 36140 44965 30358 7841
11339 46189 11518 41313 46202 90338 39953 87456 95197 50784 61739 18229 67858 55258 8655 46207 26911 69506 51842 61281 95546 86496 21809 31730 52828 19110 64830 68839 98501 59271 41464 43428 96167 42104 17959 90986 79462 78451 54925 72601 73563 52830 6796 82630 79821 80788 4372 70750 86126 31490 61631 57824 78863 68283 19649 36507 80240 57396 87020 3607 85622 22197 73505 99545 13768 5721 75944 89734 2129 3284 83657 32178 13643 39809 41717 54555 95502 46683 58023 35721 41301 64171 76800 22097 38868 44528 10136 92191 25511 70467 96998 35657 94223 58221 48943 90683 12952 71168 92375 50340
96400 2345 26730 47795 27468 36056 72042 9374 65021 5681 52677 40574 14501 16758 54041 35528 6135 5567 30311 88112 44205 22446 4769 59698 92253 87042 36238 52037 90264 83498 7929 57610 74646 77400 78367 90373 34908 20278 52094 79180 71341 20988 81666 10770 16705 35918 69412 53057 65420 82208 99484 62833 16355 20290 32169 29612 8211 95652 74774 4253 76620 8082 14447 77258 320 51552 34471 88433 25490 37631 53296 18236 94094 54113 41017 71197 42274 75248 90293 1479 5319 30768 79157 39246 70495 56516 4259 86457 31972 18045 64408 11421 22656 10988 54360 22288 85408 89411 93308 85876
86914 59412 57692 73665 5059 6529 13876 4910 62403 99877 28781 8876 51678 70407 43505 1074 94173 69208 45599 82963 62512 66742 97855 1894 80383 67445 66399 71442 61678 53705 76085 41312 60910 85796 72231 90112 72068 56559 71026 81803 80900 33215 75379 39760 72708 21113 41472 46321 77869 70174 46872 57906 68574 15523 13196 53394 85521 20761 36067 47664 18280 76630 80050 24244 36326 2082 44636 75913 7309 51177 61084 63830 783 7175 34763 73681 63151 88489 3687 18450 81456 37305 62157 32626 41410 15246 72299 56585 2616 62621 72654 34858 15637 456 53709 15739 37138 97631 49262 89655
45092 53038 78538 91748 32603 54514 74977 27281 26590 92299 28275 95748 20541 81091 4404 56108 98255 67732 96770 34019 46285 48089 69756 87888 39518 46699 42724 92543 57863 20915 12499 80084 90714 23008 23040 64360 47079 23408 93941 69103 65875 90182 18490 55364 90962 2710 62038 46069 77646 40654 25051 85096 27406 45386 41581 31761 3460 29979 56220 42118 16009 25083 8548 46785 70245 77187 32510 21946 58386 50315 10320 45947 94679 52103 94005 63187 89835 80364 57425 59414 20037 29116 81948 56879 30572 11780 78999 5448 78244 71761 35741 9601 97578 10109 81960 71613 54549 35620 6124 52326
46241 33482 75086 29959 84163 48880 61578 69938 81677 45926 87799 31719 88394 29366 5549 50417 96646 69600 98548 13551 81098 39949 76957 33716 63767 12713 97836 49669 9644 29188 19819 67969 93872 67775 62445 4959 43133 97393 15080 57976 18816 84885 44490 49395 13496 62896 16666 58735 12820 67686 77457 38687 69943 61808 43260 50042 84222 58781 5790 22513 46932 13386 70152 4157 82165 17737 19037 48133 90125 63220 20497 54765 97790 53613 49881 9324 8722 3624 50937 47966 74388 56874 32865 15607 1197 27474 11438 77516 43759 3061 5073 35345 37677 33325 3783 26804 21245 41621 62196 56453
64045 69669 41868 98658 72096 28892 83805 63518 32467 4126 39660 67531 63883 55050 92982 34141 30548 74550 89255 79966 32357 91958 3102 45682 29512 71135 38064 92494 40514 11633 70371 34175 30756 96900 33850 79873 98759 29499 60999 76874 93502 86720 70052 17765 84353 54232 70158 71686 79141 46691 71243 39917 96053 95603 52972 57440 35502 55111 42400 73709 91096 42133 57954 69158 14724 34555 55708 59543 35535 55530 91474 63906 58546 707 45256 26233 98168 23108 92720 52336 51399 632 73450 18213 91941 79131 43249 45878 26481 16871 49823 50287 80025 22219 68263 84913 87675 89780 44810 86162
30983 97247 70900 55403 76507 81748 8087 68472 26787 48942 60510 83038 60064 11180 99718 20744 94826 84347 46292 38771 98645 35178 23003 59942 99501 27078 28847 13274 22781 195 77537 29294 34262 14692 95848 74381 3755 70004 94882 21441 88748 95024 3644 64037 8311 47012 18258 96101 10226 68966 2177 83179 2333 74704 62678 20574 80589 24465 64781 20013 73685 36138 30085 52134 66819 16310 48310 12789 65843 34842 74536 81027 85373 72730 30634 53259 69919 79177 29441 4584 33935 97471 82230 78093 45913 28041 95866 21036 16245 90384 8648 11405 98730 35263 50240 57687 1834 24884 94214 62005
46316 2891 91209 51230 78557 77403 49717 61013 28707 4603 83424 49366 50697 61870 45586 60604 53154 85076 76703 23259 54381 61647 50885 81066 74854 43899 25290 59711 80639 4076 93070 12609 13111 62470 30519 81060 9372 27984 70956 43813 64277 21111 48939 67985 3198 38149 15118 56513 50037 10362 84961 89098 25044 22214 78289 33115 96389 71013 90430 96614 58189 8078 41843 479 27575 24808 91129 1432 6307 19377 84170 65492 64500 40705 34164 78570 40176 26722 31720 70965 32038 64546 16679 81394 59931 33898 86202 70638 77638 47179 80808 81425 83140 18710 13153 80013 30193 54962 28237 22987
60576 97560 12905 47660 72832 66303 51509 8664 75827 42016 71490 13017 90944 38380 69845 70564 14845 99676 7873 73428 90462 13760 6369 60370 55563 5778 80627 81128 18695 32632 62182 66787 83741 80337 59060 25892 62628 79320 52957 99468 87263 4002 24829 87954 43185 62823 67897 92724 16268 85876 7045 17491 75826 47666 30356 15119 80103 1281 22373 47019 56482 75220 11331 20351 15459 86357 43974 43298 65062 43735 3104 52206 19923 39661 82127 73730 84481 77946 23194 48815 14128 8751 68795 63423 60745 28459 12246 82286 74315 31551 14109 84251 8293 41775 68988 26903 89552 83118 26451 50299
36755 80946 33765 29702 58077 31611 54012 10187 93249 21837 58896 85620 2410 31996 10743 7322 5345 2450 74918 46678 38970 37634 4567 97755 65734 27334 60357 75292 57504 99695 41404 7691 63061 55912 24065 74772 29705 30537 83328 99468 55032 59633 65002 58331 57940 11825 22083 75709 11850 82901 77418 88617 3405 69781 61905 52969 71267 35242 38335 62498 82985 29512 66622 29790 60822 22659 92425 15685 68285 70329 69453 69217 71768 52414 38876 83006 72555 81819 71575 82642 76926 52948 47654 38672 14817 11838 69224 92112 43033 2042 72814 93196 68695 62930 79072 30822 98111 24759 91968 29777
32563 30549 62253 40530 61330 51005 11588 55118 91936 54544 95047 68036 23795 96117 30920 31666 92578 33616 76159 91835 31186 11129 50716 80791 46200 48224 97393 85185 71445 6763 85912 33496 50440 7408 42446 25628 4306 31373 87015 91083 25301 27825 88850 63514 14707 97110 52820 60405 63023 5552 28611 21127 47478 20371 77497 9675 32701 21998 49794 77289 10308 74775 15471 51398 22416 28632 35545 11825 19948 67661 50159 46789 92103 51495 66777 67360 54767 38763 23084 49976 40585 75520 97535 27154 68481 87842 51802 63722 90751 77992 63693 8218 64409 49059 8281 17225 8877 72540 43303 87280
92022 94900 21885 94279 22882 71715 9405 30231 64707 36355 42800 87986 9867 52386 49846 81423 20834 50362 98076 84885 49179 71981 24261 99134 42919 86544 35589 40561 5922 11757 12459 16135 90503 33968 18875 26670 1300 93741 83008 77982 94722 325 46205 7995 86271 45724 68428 53180 92122 13345 10207 97123 4561 58887 588 2112 14586 59572 78602 88311 28134 11481 10920 72904 43927 10606 60786 91667 27839 32940 99090 24111 43984 3841 69192 41119 71079 53680 59083 28942 26152 32433 29826 39114 45269 11887 1260 25619 3212 54291 45278 21144 40285 8624 55138 99786 16251 6815 75888 65899
23547 26530 51322 30212 36928 27098 24894 99775 72281 36112 67125 37105 90267 12222 60052 83572 75426 66923 82511 40463 44051 58080 37278 38195 48752 66517 55714 45158 98504 97836 7881 92601 96296 22214 25133 21324 8288 9602 51338 56991 20607 94944 48251 8329 97544 83784 70127 75070 24612 77302 25320 43318 94272 34849 48278 99283 4539 35527 80680 52733 61324 48576 54071 57731 62427 76472 93777 668 46233 29697 67178 29146 56672 25332 30005 3463 21167 89594 30946 27729 87324 49719 52661 34693 62046 11042 83662 17006 18443 5594 55319 45977 58347 33501 45926 50489 93935 27515 450 55423
73813 24658 20154 92535 40092 18356 91787 34578 26342 89631 91528 68095 18037 21002 34054 76035 70307 19208 73857 8276 31435 85065 69700 4633 4619 29128 68174 56447 54120 37623 26774 80711 14766 25158 12131 94936 67631 18935 61736 56144 14807 29190 28529 54778 15681 85557 929 82011 87262 20508 69721 47021 20491 85491 84033 80106 72228 82452 6326 7396 60804 41080 31585 72960 78547 3624 94400 19281 36607 77640 53964 4186 48063 95644 99903 5298 32190 31534 59824 59046 30446 42905 75669 38227 54048 6323 19454 83807 2371 37709 57946 17182 19359 51096 88513 97610 46352 37842 30785 16821
50692 5589 25441 37351 42238 58546 36378 13710 24052 83120 58082 5475 22581 11728 62573 97426 34991 24952 41360 61987 45845 59211 1174 72406 37943 39490 49857 70860 13832 9974 37669 18581 46563 74318 83007 54818 17789 92380 86630 82496 99796 27503 88492 81638 23076 35446 36268 71733 43021 66390 92613 114 94323 51169 36484 80894 83624 83225 22722 46088 4492 75044 41731 65134 74575 6307 45441 66630 4541 89348 1161 81018 18677 15282 40556 33690 99427 68249 14512 72369 90068 63283 98399 94879 4888 8727 99812 25958 80969 43943 41801 57136 22063 37450 97110 84667 45010 86891 40840 44142
27991 30646 60525 51328 58890 89428 64023 26707 36280 90743 64030 32008 41634 18185 32142 81441 1980 55476 73075 61172 10963 3821 34582 76340 41042 93575 44820 86548 12566 60059 85647 53929 9498 91918 96188 99194 92455 84155 68981 89912 534 20011 24105 88308 94676 20568 93043 29514 20203 14323 76626 73190 95335 52284 52758 53449 34885 92821 39832 55195 1067 55793 69452 39434 95152 61494 10284 13770 70771 5312 25528 82144 41529 87707 33436 10581 47347 7314 84766 16251 83830 32661 515 18510 9526 40518 2374 57230 32887 63501 94686 39971 694 98065 86245 97974 21897 84295 60254 18640
22456 72347 74699 54518 54764 34217 13474 93211 39925 1973 27880 65052 96563 71987 82475 59394 63220 41908 61877 78280 19110 87448 27225 34488 75810 95354 55557 74015 85211 23737 14556 58269 78806 75854 23384 49609 57774 28091 72938 72798 70007 78895 57372 81200 20535 30117 37144 67578 90821 12190 72504 34786 77765 39139 59917 34380 42065 38298 28812 17299 24050 97441 42255 40207 28473 20651 39445 76263 53962 97318 86879 44373 97727 80510 89684 81687 69481 92235 78950 95478 63350 79460 67265 63778 92652 76303 43711 13753 42661 34129 57303 63378 47286 45895 30497 82182 37048 88273 98961 32206
34361 72577 46594 88922 81524 59147 84210 41002 84726 66345 12284 4007 88175 73323 32248 79215 43980 22994 97816 70382 89580 2020 41874 87354 59492 46436 96287 78495 98388 14181 35232 81544 19467 6468 79758 54741 8030 79057 86779 24145 90643 19845 90162 69983 46112 19883 36700 28011 90128 57932 97681 40266 55298 18291 74855 37946 63773 88987 1424 96452 50724 58591 36215 47807 31637 63520 49196 87880 78193 31846 77736 83595 94419 39480 42535 1743 84790 31086 99055 80010 14055 8738 84516 78013 2874 8311 71946 53048 12205 46913 23105 48200 34275 57717 8069 39655 73650 31664 86342 27350
10904 35103 63098 74296 17932 39664 33825 89618 45568 24026 17332 37089 66298 84519 15298 46371 15183 33984 73013 45051 2278 15463 48773 75378 44838 50292 32097 11210 2592 9380 23039 52768 2389 86106 23608 75347 25348 67914 19260 87074 72707 96635 3590 64824 76385 20074 44069 82450 599 3259 32306 43879 25721 50811 72338 69577 7339 58894 59497 79080 32128 35748 74703 77496 27763 87796 94358 85755 31549 83804 86772 57673 12977 92117 11371 88796 1679 79494 17173 62573 30743 24678 42513 47076 5235 81217 51572 85322 76805 56570 45762 40876 46716 43360 47398 83781 60689 2653 41654 20582
76068 65943 6227 26739 79792 42097 61121 48182 56116 53810 59075 87649 77376 97545 8814 19948 13775 40132 56619 81760 60972 21235 71303 40655 96642 80179 1659 10221 67657 85068 66255 55186 5015 17045 76002 71301 30543 84971 74740 43230 50190 91045 21292 73146 13082 8447 10875 81287 44094 60830 14336 79167 6462 32617 76266 75358 22640 92379 90441 95189 24029 79762 88720 89023 41729 53949 36509 42937 75144 97772 78625 31955 7834 43703 20863 99986 28827 78500 46739 84221 86985 44318 79403 87976 97732 52897 67565 73292 32142 64623 15810 10056 292 61492 33083 68828 5144 85672 76482 29681
46773 7569 78673 41214 65683 62032 24765 87836 74646 49792 79184 12803 39771 47220 1889 22276 3991 15687 51067 59413 84040 90499 44634 85791 80605 7171 17904 49018 11439 18550 55896 64012 72943 46909 27582 59072 64325 53484 20598 71679 27949 74264 42362 97945 64552 69178 46963 56802 26399 19762 55776 50960 38347 63422 1713 71142 53945 75574 59184 10551 37407 58232 95336 68307 19352 74530 11636 20819 654 19878 61430 37591 32291 94835 9118 79518 3785 55306 96273 46442 70602 94129 8302 19129 32687 70288 5820 28071 47863 10758 91339 63059 57267 41651 93801 44696 28868 10190 70752 49105
73701 96532 5446 61341 61779 78272 83930 79665 52367 70759 88892 33612 16514 74091 53952 48465 64744 69228 91971 89290 70643 7691 66283 79445 89627 68090 29438 84147 50101 67286 62760 85983 18708 21419 814 14935 20630 543 91783 84040 82315 52204 49125 50423 24133 36940 50276 68643 9564 32997 96036 82655 77120 60019 66335 97153 91632 11948 58066 71314 92221 79437 51032 72182 63814 77580 78770 2475 54594 21977 74322 87487 45937 17683 98116 86094 29431 91566 59277 83701 36466 47758 79009 95472 83940 83548 2667 71992 35652 14499 2261 85267 75715 34884 71300 88713 87491 28207 27003 91929
86007 66453 64823 50939 53012 6095 64773 73732 38095 14637 72552 14791 82956 19199 35667 5942 3469 19621 89100 94148 67550 38483 48950 69118 94117 28061 68862 16217 9024 47627 60546 17832 53671 48395 32252 33934 94384 51678 63585 49598 4072 32632 64845 50378 26545 79299 79957 29146 36955 10827 73877 67319 38903 81588 12421 70319 91908 45241 33537 5322 18914 38025 85373 85925 96390 55534 36540 30548 74898 77515 52314 86969 73863 45612 14724 99084 15943 6591 79693 69752 12387 10056 95104 58186 94603 56687 5292 17105 59555 14652 97628 76187 19434 38125 22599 93241 72813 10343 76155 23441
55835 7910 9533 94195 79669 25592 5162 68669 1642 55334 83569 25001 31744 30166 30388 20121 19806 32274 70714 84997 47049 47348 72141 80014 82505 48718 43776 12198 72665 12871 22149 62784 1989 11771 69942 63128 70916 85104 12619 74520 32542 56015 97951 16464 7259 62793 56382 68339 90935 55997 16445 38347 83447 75647 99581 85369 8117 10303 31563 42111 36146 24651 20563 5427 88744 14513 15360 72154 45927 57025 73967 54263 3289 1878 80364 99167 98168 40037 3602 60504 90092 35943 41576 7870 19299 21407 92343 65207 78102 2646 10363 21846 23540 9298 71439 53885 95172 52040 98311 4020
46527 50204 52083 33958 89847 76865 66147 79571 33323 75123 50445 25341 19850 75105 90106 44431 21385 31440 10083 67160 29675 56825 60847 7141 36124 1161 26803 16411 12882 83428 60836 68750 15158 87009 24692 93234 43308 99672 10873 61222 52300 15829 63837 48164 44094 82662 26564 17165 1726 3180 12988 78938 56363 91387 38157 18216 90148 27112 20716 77261 86925 82872 35137 61729 27098 23604 48248 10652 83144 22864 52840 74354 9889 22537 76856 77248 54815 3362 59808 5553 58040 99742 96184 41655 23177 65925 64055 37710 98925 1659 6828 44972 55763 42114 38731 98871 67372 868 8183 87491
46872 61032 58223 76738 89042 34191 79442 40947 38133 52775 90030 98307 13037 79960 80881 20473 55496 64489 55006 42814 83338 47312 10062 37978 49454 4359 19912 18843 84595 30411 39945 5332 14380 54326 95812 44075 39507 14854 97117 24657 53136 15743 33035 16333 94765 42585 44178 48217 16594 64090 50474 52290 91963 9790 97978 50198 66735 19669 93675 95756 7777 38968 36677 7257 65607 21144 70992 56929 53226 45340 81256 49516 72816 54089 12074 26072 40001 63335 43701 43994 26713 58198 97051 63882 23044 11705 29601 83222 29430 37844 24073 51486 65662 59361 1446 80718 70768 27369 73270 34718
75559 67506 27538 42969 92905 21294 90640 41528 65330 23031 88360 35347 22170 8109 64117 12141 78328 84303 44319 59998 30058 43921 46750 96745 78287 65404 5711 59884 5976 50810 27569 11385 80611 60565 46688 67567 4237 48649 20484 49168 80778 42431 1215 818 8939 99535 99022 94738 5683 38392 98666 42750 57814 37464 55407 84776 25566 48785 23365 72647 83587 40911 63830 78883 93147 12490 22468 31239 74238 87735 67787 39217 11392 40108 23557 22256 19641 21975 59404 73163 261 31854 93136 50576 76470 19776 74169 77486 25715 95968 82445 94383 17307 42117 56691 31612 79179 55554 24993 35324
50170 15359 53540 66934 51707 97438 94956 70030 48742 42481 82080 32497 78800 57562 63393 40894 97768 3600 79045 52200 25440 19129 5834 75201 94522 9533 65941 33782 30465 29115 31280 82440 42267 36816 12104 24883 92678 28192 7934 27765 76284 5379 97991 79636 62667 99859 59316 3260 61923 79163 14348 23270 73599 38685 64905 87927 87782 51523 26558 98259 41050 79769 90032 89920 63935 48966 90246 46748 64335 24256 95637 9890 43860 88007 49889 20090 90486 48384 62449 59040 98378 90621 51102 70314 44230 14656 3972 46413 85139 28654 49532 15896 78254 83781 30438 68792 90459 41427 9972 38013
45064 11252 24881 84963 12457 58314 52304 45165 8682 30142 74535 35303 9829 20487 52105 61573 27031 41002 61385 18759 44595 82515 35482 86790 9770 5607 48316 67766 97641 82248 76166 58676 19720 53638 63172 4515 1213 31304 52011 63078 57648 1840 71926 91674 39722 16594 70225 2277 8233 54148 4354 76986 87623 44189 57421 64410 83290 55933 44028 52527 28569 99607 63541 11902 87092 99226 50814 45340 50543 70907 87196 22155 38281 9366 98284 52595 1278 26040 30214 38002 55053 3877 66745 26388 6916 64690 73933 12699 7502 53265 66531 60881 58001 20984 84610 18449 15770 88390 91000 97108
40838 67368 66149 33551 21308 69125 37510 52142 61587 12984 58998 99566 69147 46361 46123 41987 87085 10308 47128 37981 32478 99437 56083 7079 29529 46076 30062 6090 69712 32859 68774 21381 15203 93396 3628 69103 18180 38622 38626 86147 4050 54415 72443 35331 2540 86280 33783 91261 73854 96172 73418 60315 99470 9996 83670 49201 89156 5408 54078 77849 48695 88259 97433 89476 77999 34403 69160 30125 91666 95121 88923 17508 4190 90922 46161 48386 18962 92592 69379 85263 77349 53070 56581 83266 53653 35686 38375 14941 5967 98546 81412 97251 1866 32144 62348 63833 73240 62509 66026 35697
92437 16523 34051 86187 50071 81586 80716 20320 25688 6694 57929 80869 93350 50374 88793 51311 18306 16298 21687 44524 75345 26281 69060 30976 60855 53810 37677 29942 27940 70434 32666 26166 91831 8448 82398 80053 29505 79344 29828 37233 9098 45756 97817 31582 53809 21519 7555 28038 71073 64111 7911 35141 91878 22676 28748 31901 13266 90234 29272 65042 42381 19008 29651 87375 73842 6900 2844 84774 34721 70962 25633 13914 87452 40519 70780 86922 68474 97078 80935 8252 86481 46493 37969 36025 34443 5571 73253 70697 97132 82543 33262 21592 80500 91435 58369 34467 6996 11028 83350 63600
79702 43063 26724 41485 71087 87418 4834 35929 64739 40204 43880 68178 56537 96860 49201 50299 46443 59682 56894 46507 86289 92465 19575 77110 35749 80517 14964 13019 63156 45688 12060 76644 48451 51636 64448 144 26122 41253 23422 33467 93590 35381 10571 31003 7573 59229 89215 10073 91794 43053 4179 20023 16754 60004 2962 90378 55550 42082 26951 51023 95180 78013 76149 37309 49768 95179 76111 27134 35127 38684 16626 16055 41680 53014 2322 84756 22202 44478 83465 88175 97286 49447 42753 54556 6665 87868 56574 8174 18827 29261 72880 75139 37198 77797 1097 76399 49906 56988 64871 99066
58761 26883 27953 16487 11594 64356 52037 33423 19596 16624 2438 13992 80760 91500 59801 42922 83169 3510 18997 31749 49190 81172 37569 29938 58419 88937 16792 49662 56238 44971 59464 68451 88804 48868 81796 29726 23221 79461 81621 19550 26655 46946 72033 94936 90221 4163 5547 72223 33180 75995 94113 45983 32559 26006 90884 55232 78833 47824 74631 65397 53418 54978 59761 78802 83753 82200 27147 94883 87404 95969 70037 97502 25387 71739 72416 97743 86237 92659 47085 25349 69891 98233 68976 27488 97879 69453 23251 37374 4233 76378 43553 94337 45322 75554 53202 21087 60316 42934 64029 76431
30011 47499 66557 4115 92709 85255 54134 44195 64943 40000 93089 3835 58187 94516 73054 60369 63159 95844 34088 24068 34208 55707 89647 42686 3654 92440 5282 61890 36285 67847 41037 5430 98286 6522 86792 41014 9987 97573 81147 46860 4406 18866 38539 69360 8340 10111 47047 3556 38570 74093 50373 48418 20212 22489 15270 66122 79259 51270 85118 83606 75363 38577 34313 43950 18551 95077 29126 43978 16416 41351 84133 27333 64691 90668 66523 56130 94404 84531 1597 62413 65045 71953 4141 67722 54213 34371 61056 72156 96525 60486 44093 46315 78269 34600 42266 43685 99988 15292 25682 31250
62879 51516 72970 15176 77268 73324 68173 49718 54183 4270 49572 17742 73682 89863 22196 63374 58022 82427 65972 76285 20836 45327 63632 81348 45697 75506 34978 52062 34463 75960 19973 29821 80316 40489 20095 81502 52023 50658 64751 82272 76310 21719 66036 97436 64677 38903 83787 29105 39775 92403 94421 10275 35432 22675 73022 62562 12189 21589 91725 51976 60113 49655 45635 97385 10675 87829 49828 67593 80438 39668 12695 13991 98245 9717 35813 31624 89881 70700 31948 81948 73165 58037 83006 98382 3297 15671 86619 62875 66421 44799 1702 39612 68475 13720 95137 56320 21361 42408 52805 7575
63814 24269 23464 74240 19625 42964 79865 94396 48356 59685 17942 31832 45770 18139 81873 65518 61844 99711 36362 81795 28935 69242 51759 50395 26941 31442 45216 96037 87502 49633 54690 41979 55424 40851 7501 91068 51815 47445 74866 66284 65095 12481 93300 41860 84922 14640 12765 97333 23956 21522 7027 17661 30688 79311 97210 96133 24402 49688 74896 72108 69140 83454 54977 49527 63781 80293 66935 59602 3115 66956 87468 20203 53931 89436 52785 9165 93427 48237 26858 675 66012 18437 82558 2862 45263 59355 87539 10857 54887 57148 23990 64001 19438 35258 18895 70549 67772 76416 22324 42586
22727 73610 40213 57562 95235 43003 43044 85841 90754 151 19817 58587 7241 18165 50714 71201 8009 7286 70881 11905 52504 2675 16108 16102 1934 9141 32510 80851 31807 3270 56340 48402 56030 21764 54872 79293 33718 36398 63390 88883 80250 34034 98859 81531 66547 92669 54829 58932 30610 18388 60527 36963 26612 99766 82651 3349 32990 69274 47470 16560 29178 67561 79795 42935 57259 79916 51981 15237 22401 28751 87024 90929 65044 86331 22448 40796 56131 85221 13945 95547 49764 33117 22808 64164 28685 6879 73706 18818 70526 1102 45443 31595 20054 70687 10940 446 3723 23684 11589 65630
833 85609 26754 80451 51138 36926 44159 79002 57422 26236 31929 20849 28626 59165 91013 8805 47225 81838 17662 9135 24546 52175 75653 3310 15293 39453 69644 15322 51789 40159 94050 32447 89022 6075 92324 30199 16616 31546 86877 30059 55446 53809 86889 80715 85624 66871 4329 52781 86967 1459 55945 30203 52524 77714 32836 89323 61841 72432 82254 61891 85151 43785 32443 75939 39024 55717 33664 47561 89316 36409 24933 12490 78951 3387 95983 9583 57776 96173 26605 92251 58974 91299 26585 45500 78343 68838 52225 9837 78845 5881 73042 33582 89948 74553 59127 63932 95910 25768 66514 85228
96372 23054 81681 44112 28023 40730 66668 90195 46745 64910 87302 16974 6731 31727 7697 72109 98398 84542 51408 4093 10696 82469 57141 59635 90202 58415 81442 63599 85686 7860 95269 58359 73066 4174 86330 93663 7421 44554 28765 56336 67198 81446 43140 51187 66768 49048 19265 20845 3029 39510 53043 99890 24031 47516 72027 35750 92226 13278 24038 99332 55033 764 57873 8445 88219 70826 50244 1091 22508 20999 48135 12914 66045 8926 49653 35319 73922 91679 4895 69397 25361 40159 40267 72741 8168 30329 40270 1649 95072 76286 51661 52381 96211 67073 98593 7190 51297 29371 75376 59426
