100 100 104510
31175 45499 93980 76481 37082 64796 65728 78330 43869 32277 39113 29177 7131 2141 97447 71324 22079 49385 32346 44698 95360 71482 422 77808 21061 43646 11390 66607 9835 85783 57350 3282 86509 82396 80755 22991 91661 79363 26190 51771 49570 86711 85223 69246 70778 86596 74976 17820 47611 23266 1657 63824 33860 49438 10618 18365 29104 45209 48688 61027 47796 20811 21302 64135 46944 28053 25596 24860 55457 813 87868 27860 8884 16638 28283 94502 46654 99209 96413 95598 19159 7332 75673 46182 19978 94716 84123 44304 31459 9779 60551 41075 4242 75213 74877 85721 78337 23638 28055 47141
52753 6683 90925 93896 91065 23185 68878 92308 63981 22624 37388 31120 2549 58465 67876 18952 57030 53924 44837 1049 8420 76745 48375 47860 38234 64773 33068 73190 32094 84895 11949 15780 53061 78500 13549 61771 10804 26903 93531 24123 39735 71086 35800 5688 83611 77381 16615 45611 61896 12069 8899 34086 54670 69136 5165 92622 9175 14105 23430 6455 99821 37472 3138 45750 96916 84814 98100 83042 62342 58618 79614 71196 47490 26714 89698 68891 51309 71124 47562 31481 62675 28717 73699 85981 8413 24256 89370 71093 78118 15056 31230 66146 19253 91349 81652 24178 14578 93747 97505 579
10077 76051 24237 39924 42246 95741 34001 74695 86106 33905 82992 42621 11571 13088 35974 28372 87438 9456 55802 82631 74631 33990 10112 24737 57652 46434 23433 14797 71845 67847 14984 50091 89487 1005 89517 69018 23236 26304 50944 92147 47311 28119 40924 34308 77586 61700 48724 74683 54365 7422 23333 54575 7218 37420 66420 35276 73261 90999 95557 27027 79657 12780 56993 94920 8692 89451 11935 63900 1428 72548 34956 65287 24547 1227 67426 1233 8997 38583 50303 24075 41804 24702 84185 71075 62064 94828 32324 34592 78688 84347 37718 29468 96252 51729 36235 23692 88007 76157 69981 463
63466 26683 21882 82122 2911 45145 79294 55458 43446 41507 87074 84827 50463 19180 89899 72776 84021 99505 36950 18708 90495 3714 89437 39428 87451 39002 68154 72308 8468 78852 56554 57743 50532 70751 41946 86044 53927 57242 87964 52567 47091 58284 59147 10427 96109 92959 57791 62949 14738 45961 65008 34385 16799 7458 21639 44117 69139 25710 14367 58366 1834 65031 2918 35692 23965 13663 47750 24519 30760 34955 56433 28779 23709 25072 49946 81978 9453 19168 39142 69886 67044 28676 21139 20007 81380 16052 14879 14480 59655 88397 12917 86850 12570 30182 67489 21241 56464 52039 28902 78985
80298 70047 34072 76344 55484 32640 37023 92518 61506 53298 2675 84434 73859 4785 98462 24955 79027 67018 70830 92207 85060 31816 27471 93260 82410 30481 26411 5534 72723 20408 30585 59659 5503 91521 95118 84790 42966 56643 22520 86428 88377 41719 47048 71838 53216 15469 49614 21088 45760 72554 3836 50832 32978 82091 51241 75022 67823 33995 9262 2772 4294 42447 40062 25347 38116 61732 39325 99246 71402 82306 30204 94925 96927 51174 14322 8466 28635 16717 12968 68883 40666 63869 75417 19230 13581 58530 54759 92289 3872 48790 9318 62915 30167 56354 20420 9385 86243 78479 15585 22274
39721 2682 26110 35768 86435 4477 69589 16031 98813 81020 31849 45964 57696 84650 47637 85494 14334 71280 33558 41676 33561 40510 79672 81817 98345 53000 12102 52876 28304 69535 68429 80377 50724 91105 29645 97640 95308 28629 46195 38122 485 67412 15195 82163 61909 39600 88981 74985 87410 1844 81426 86760 26406 12766 21865 58339 10871 86273 99946 51597 17701 70335 19437 76138 10330 27293 70175 94367 80814 17565 19829 59793 96194 10495 17258 14980 825 14464 76612 57125 61857 14395 61281 68476 97528 75445 15816 66609 30497 53910 79489 19097 60863 33627 82951 92527 27458 18298 31621 68077
78134 56322 70628 49946 42211 34525 85567 83560 1426 3235 63563 84759 52142 17638 47974 31382 62005 87813 54049 64770 14745 27607 51423 3451 79936 90568 55090 82416 88287 85939 89869 38567 7509 36663 4495 6343 63572 53193 80209 23237 61752 94078 49068 73834 42384 30603 55507 42308 31754 56943 94590 30416 9775 85672 3895 83846 9010 862 72204 86543 54775 34566 60301 79637 35167 10753 85165 42459 12271 49058 96627 98304 75736 90034 59958 2210 27483 35796 88516 95428 54140 83976 10240 93939 37442 43063 2176 11811 80456 75820 22891 15557 14422 2994 85818 95416 93207 19021 42738 30157
29729 31897 15974 85939 58548 15757 87959 86964 52249 4501 62736 40502 36140 63938 12492 95624 81809 97066 47509 54720 61459 40187 65827 3819 18456 40952 74220 93048 30016 31070 82280 56750 76165 84129 94197 85984 29343 10610 19000 87176 44179 78687 83240 66249 24909 45783 35970 14563 72551 70615 15109 76336 56442 42632 79461 12064 55507 82351 64450 64093 54484 45281 65208 71117 16826 2865 88211 33094 38195 16817 96965 10152 95950 41834 69012 75164 16467 68051 42387 82645 49479 76300 31198 87527 30510 4283 81011 6626 37319 29883 71140 30110 76506 68411 38088 14830 12429 68493 50691 6671
49186 30018 73852 8067 81806 31442 58497 85676 57198 97872 56938 63384 66105 17204 19003 10901 58119 76510 62600 18394 54808 88487 50580 92063 25719 16097 94992 66257 62680 19208 95748 85552 62057 68437 75197 94513 84196 62419 15290 42148 30791 97903 29096 42409 14366 21407 20464 43471 9656 37134 64572 8495 57877 15125 82648 71803 91454 63371 50755 34700 14400 80251 39478 90360 88977 48725 56501 10045 43682 78998 90489 53534 47651 60370 45648 5298 52911 52024 99352 96361 41740 30639 81830 23019 85540 74488 71283 53711 65621 24558 79376 8636 88143 56665 2555 80804 20730 43442 33660 1325
46631 23932 56096 20529 29635 60193 88826 38353 50907 33722 15144 92477 4514 78455 87348 29324 27307 50932 59868 99121 92878 93739 473 31887 96806 63862 67697 57929 92287 68032 11222 92451 9334 92656 68944 55351 65942 27693 46777 44008 88916 6182 96825 3897 51184 49005 83345 69704 33422 15775 68569 70340 89237 16523 25508 84377 80441 96721 76139 2008 43099 37927 63834 14434 61102 52355 74012 98174 81487 95184 49313 12100 45799 62888 3476 88000 2109 29063 71230 30297 87149 61739 2182 24681 89153 94630 11077 72178 64457 4505 39734 1711 27239 67472 36375 13406 28599 449 62291 15787
49689 16423 76018 36408 52240 7167 14607 39238 49062 52169 92074 22561 97338 72589 71658 25677 40927 1260 21244 58522 7927 56895 88466 57623 39837 61992 52968 98425 69884 84332 65217 38299 51114 24782 6134 57696 23730 64960 68002 12032 58463 77661 49955 61611 55958 3743 2993 51792 22106 65325 30523 486 24994 96541 46361 7799 49805 5649 52601 44931 46407 77963 56459 65868 97366 7271 90492 80395 41506 82825 61384 43885 67554 26030 98470 42547 62184 45325 74055 18496 16534 73006 24421 46710 73928 48748 47196 58269 77544 34694 9143 96136 48501 77809 82233 62891 26594 89646 53563 96116
59389 75483 58335 67879 47046 23449 99048 54503 57885 44773 24121 3267 82064 614 26658 72198 3261 66816 2911 41760 68383 3215 24185 88801 74354 37612 90500 41202 88192 97654 32416 3718 28587 50528 68664 6737 40882 15047 6755 12699 38721 70884 78264 51281 9753 13932 23391 65235 12741 38218 71026 55009 5215 72812 11968 57160 30057 82692 54328 69192 60885 75797 32361 77617 30076 14648 57971 20737 11516 86175 12734 32950 13958 86352 34210 2878 88184 37847 18471 69394 48921 98438 38683 42780 69889 1475 58727 79068 80572 10502 98755 23417 69060 92533 41838 68949 17393 23719 55394 52136
84070 16241 84104 96913 53748 82484 87278 50755 87556 30535 93146 61252 35530 31022 77336 89163 62408 29155 98288 46154 26200 21813 29928 36006 94875 79746 23515 42706 31329 92567 6573 87943 6498 32735 69079 92686 87465 49358 82823 77619 54788 52939 65165 20330 43373 73521 76334 98367 68052 66034 30832 64797 80428 2455 47524 38540 25844 89779 44022 39946 69568 43548 61136 84616 81346 3174 48520 68392 78914 38640 31777 78541 35279 88022 3774 7971 136 1933 24962 66656 41805 48536 20696 92822 67700 74758 48180 52859 80900 435 81519 33781 21370 88306 75511 43103 71074 62926 93998 34942
23452 89498 17474 57933 66726 85029 38819 29515 93248 44145 27006 62856 44416 8386 84526 99571 97917 25501 57908 51922 63274 9484 35114 9868 37425 56889 25891 53503 44770 25639 56922 59228 99993 8665 11534 69242 29467 93293 37810 83835 46913 10357 92718 60235 55342 41448 86615 65537 64577 90346 37794 30790 24723 56553 86898 43738 2703 81481 42334 52078 75447 70870 10342 92820 34873 23982 87994 2330 33356 6458 69757 22365 78050 69992 6136 5522 43543 57032 11147 25942 26159 20912 21203 51346 75981 61126 86745 27293 11388 39858 75768 64685 78050 88463 49858 19873 38538 20026 59448 39730
2971 90705 38681 15184 35742 52523 43464 32391 39355 51974 61243 27174 16406 46173 32176 28470 23660 62427 73691 223 32618 13375 59659 67826 50502 6020 46458 75894 13159 26784 29925 88985 92806 17228 45105 56092 66479 68129 32179 46191 67011 4449 41427 19288 16413 6950 23864 36428 91884 7363 85555 87007 2768 21471 59207 11895 30298 65548 19888 46994 2621 11450 21373 27032 54727 50686 23738 55688 45681 72651 49032 85045 56814 13546 86498 39917 29030 20380 24728 51485 59340 14113 76094 37446 16598 49321 48995 53836 47242 16760 42200 36434 55522 67412 10078 2963 22343 27759 79027 46089
60083 12231 17380 65662 10294 38249 73730 46964 94147 93164 53124 89269 34150 34268 13624 10190 4748 9088 70468 60465 2248 50523 6181 8510 27026 88513 10828 90560 59939 75500 21909 14077 63957 37437 63294 32094 45808 56706 74839 65165 79986 2369 99641 49002 86981 53185 95078 4066 58637 90762 71445 33007 19376 45388 17699 57312 97621 74531 71508 97141 47402 47206 6453 66412 9607 71339 81789 37032 98435 79326 49921 74113 57898 2087 27879 212 55590 58019 3951 41863 81009 93631 22495 11048 77090 21230 31387 7308 86165 4211 52374 10440 43212 27810 63820 15462 4448 16356 12403 75675
98637 3176 60577 42119 13447 5956 61109 62904 89479 63857 7926 52728 63474 401 29853 75681 3913 24599 15525 19483 22925 85088 31321 61500 98516 88863 43441 49204 9419 79025 30736 88358 94235 61989 77194 48244 31097 53199 87462 89322 9906 33024 90980 40767 461 45291 94373 75447 25391 93223 57165 94095 77254 38506 74837 91693 24163 8165 88231 94249 47242 98483 66646 31634 20496 95360 66953 98763 79258 13849 72617 56787 88914 32224 38508 33135 68932 77627 28097 51558 3055 7582 42038 88476 73177 38406 67059 80545 92818 89086 8849 87270 17978 21956 49748 87296 10482 46436 11980 46956
75379 17441 23488 99620 85790 2864 12657 68171 5834 75157 83629 2883 11110 60844 41715 94692 41014 26400 30690 24336 94615 56819 67291 88840 80856 49723 3821 95329 90814 92543 37446 47332 54006 33436 59744 12202 65825 26376 61888 97507 75281 24062 86026 59182 1961 1540 85848 9696 54131 22105 63878 46361 40983 12138 82874 33235 42548 76337 24067 49833 58210 24268 50168 59599 77689 91142 31126 7515 85626 2604 26372 6027 65404 66232 43130 56998 72847 23717 32873 77180 2415 33166 68680 21809 29529 24916 76527 92533 13127 27793 55583 80932 38418 43930 80323 52262 87377 73752 65995 3451
50905 71370 32069 59101 87194 41536 75997 2243 18313 3771 12514 20446 86517 2941 29108 59262 45991 40798 53961 9539 43587 70494 55896 2136 32595 91104 89796 40306 5168 22620 30676 13577 54065 81723 60440 40713 5171 88617 69630 21132 26863 72319 58326 811 49988 35443 40328 8761 88733 94183 14254 26032 32681 1271 32681 27863 39319 78632 19370 71032 53789 6994 72828 77419 729 46705 30853 43956 71353 20570 44475 93041 87225 75757 20270 5577 67943 28462 42628 55285 31875 62809 17183 7238 66558 93067 34161 5557 3016 97929 25361 78530 24194 92644 13717 14144 36519 20126 69933 44379
5042 50850 38784 96520 99772 41284 76312 22083 15146 16738 68017 65048 85105 73946 3396 37543 7568 29375 12615 24985 56572 72536 58770 68611 11926 48098 68920 97446 81643 34551 26359 68603 57178 74589 72182 51316 14568 62274 41099 8855 10392 81618 3607 3025 74686 48147 20763 49650 68920 4335 26650 24737 67433 70889 45218 68359 5162 59570 57744 84343 33666 44131 38890 79450 21331 47096 99248 83857 17474 26677 56976 30247 36130 11840 69110 67388 88531 83979 42478 28281 92070 38446 43890 75560 66500 13833 74929 74960 43095 44860 64121 33847 59119 11533 97820 5970 87180 92735 84413 96134
88841 49209 79630 6688 82896 73615 59619 6408 8193 58478 98688 8207 54317 46823 76872 21751 61454 61710 67579 41198 41815 1522 76051 35084 1230 84460 90706 45448 17105 33728 13247 463 27816 32140 20876 28055 1243 33280 90005 74216 19471 50961 89407 3459 48944 56091 46230 94280 68482 66744 53896 51397 4196 45649 18047 49756 24470 74566 69319 17612 42862 5129 57571 82505 42554 77430 33854 96647 20535 98139 36067 3750 99465 5669 59618 72059 49258 83904 65574 10502 90114 75606 66254 87417 62496 13376 42532 82741 99351 77788 43740 38283 60496 48956 43026 58637 44801 54068 71955 42347
2168 55599 15902 48249 37337 72631 52274 61015 54656 37454 51994 48417 27716 88057 82857 992 41521 84551 92870 86093 84232 46606 48807 70585 69340 63017 87386 41824 14366 9176 21922 27122 52721 24601 37078 63436 10255 50812 50497 2538 45488 30632 94582 20213 81729 69338 66305 29482 24539 54796 57153 3437 25553 50185 31561 20976 15781 41841 10056 49778 88085 59951 18787 64036 53401 93225 3030 3525 50404 24869 50805 13910 97661 80333 2703 41974 74448 28574 87526 62715 4270 74656 16731 34889 40536 96205 97437 99001 47638 75272 43693 2921 60772 22149 39019 5653 42244 52065 15987 73632
48118 98306 98291 50737 91037 809 99054 94184 72179 90974 12452 27014 1161 30539 95113 6679 57433 7657 66179 92690 88311 33186 86743 83939 32482 50050 89607 9864 12527 60614 38726 68794 43673 88285 42838 20787 96425 57530 88975 58608 33989 69448 97094 70841 89734 63318 29988 69882 55635 64960 49923 51168 42448 60840 57643 41982 40099 33037 62232 15998 42976 4523 19489 69086 27533 65591 79708 55073 16226 25008 95496 89758 80597 34604 15003 56663 70987 87892 45346 53124 6429 69371 99322 30519 45836 41666 2909 15422 46084 82742 59567 4612 31490 45132 63588 35147 37163 20720 74000 96603
55789 39393 92471 93832 9661 11843 56970 10323 65277 77418 14564 90099 89257 80181 56374 97142 93485 96066 33047 81832 67521 59943 9546 3198 14819 73541 24966 45613 29861 52672 56629 23527 51191 87372 37720 75645 52104 72916 62361 65748 85526 94818 86058 45190 55183 96872 23970 77061 42011 69793 51817 69980 77039 9523 75669 18602 88273 53427 82228 75858 43527 11519 80122 26357 27363 88600 33146 47953 82510 95969 21485 96787 60428 57805 77959 87098 45323 82141 97751 62958 65249 98431 16708 70784 2231 30632 16853 42746 92433 79343 70590 22467 96814 11436 94767 45647 854 89085 29225 20248
36667 63096 22888 20054 59934 4765 84072 49094 92928 81018 91379 50424 36161 698 87855 88590 78041 66945 37442 1274 61057 56529 46196 44427 8365 59457 96514 36516 19761 28014 88830 74683 23511 91401 70686 59016 3901 55778 67327 59713 30274 43021 18520 34681 64029 23035 55104 71263 55259 37802 91726 88025 85146 48207 99902 19986 39463 56200 94746 93885 64678 8566 14988 79735 77568 49921 62965 17726 5117 37264 45029 55784 2190 11111 61154 62339 48855 4420 74905 65472 23730 70265 21549 78334 90235 23144 51524 18485 17782 77953 68652 73707 84819 5290 74433 47507 64546 90873 78885 80036
74139 38603 36979 1405 23798 97682 68090 48798 82343 96746 30672 61508 37407 14941 55121 26438 26751 58441 7900 21702 96521 85659 73628 65580 46221 60595 56738 52016 66698 49492 72593 84722 93816 8454 468 27726 38459 7400 43841 50226 71464 86244 58811 22725 93017 27515 83185 33032 43814 51152 85103 37874 45118 63539 10288 56171 58794 44319 74976 11295 87234 58948 73227 35696 38166 85634 15516 92578 28256 6298 22583 11115 49878 9788 52538 72252 31370 10940 13355 99544 7252 28932 36648 93728 44694 45054 4982 57192 50497 30328 32369 90332 9121 60435 21931 22519 97258 31580 4519 99191
9351 12542 20529 85341 85657 71258 44454 84792 45228 51810 78137 19432 80960 18591 52829 17338 64129 5424 88603 7666 90027 19780 56190 92538 98359 45794 11590 9184 90326 77677 69576 88163 1099 69822 64034 62953 87337 94626 68128 65178 61411 5287 67873 53829 77262 85031 31146 46479 7019 12712 75165 68194 59273 85083 11110 48675 18381 89255 17063 33927 47966 70823 55896 131 55616 71379 84623 55903 27575 28652 69859 22271 41952 56957 47345 88595 63135 14172 1982 4511 92306 59849 81643 2967 69356 13316 20169 76371 61323 35552 87899 40191 93653 9625 98262 43341 13283 52637 60804 897
29208 47447 92800 35702 51661 95880 27764 15438 96718 94758 37481 53893 5670 54992 25629 21248 7243 89329 75982 98617 41454 82712 43993 62265 5502 7488 57583 42537 28008 98074 29585 87237 3668 9465 40739 82741 6938 94603 94996 86755 55763 8301 14910 36610 32704 17873 33846 77452 58239 36763 63231 587 86385 84730 91070 48289 36986 48299 35530 7040 1922 80078 10525 60220 6338 10249 60317 71879 59922 13507 86049 53692 15014 23613 99361 61085 58899 23159 46621 65503 5120 75280 38406 11466 17207 35818 51047 79093 78748 79467 49614 50685 62967 56344 11711 23367 34668 57782 21693 41629
40716 49487 1132 75096 93335 13280 85392 64164 88884 30037 69829 73717 18869 9843 78429 15756 13210 7775 22483 78500 52043 29633 7215 46618 55575 69907 15347 78832 50628 42780 43860 79709 10927 76378 54819 4923 45703 75742 16265 48909 49787 75829 72482 23965 65994 56027 87159 40544 51104 83551 40600 31819 94492 36188 2137 47440 65275 51536 45594 54574 79237 85024 95630 83840 64676 67855 10297 9776 80654 92411 74529 21300 39099 46494 91057 12644 54233 76553 87868 94644 95810 23963 68485 3458 53348 8763 80917 87944 3738 42524 81573 86421 67153 97096 90570 77448 79841 85801 84023 13595
16728 85663 94393 91822 50968 20241 1282 60809 37702 77852 55324 71670 94523 3913 412 31860 43178 10902 36424 29702 53175 62519 30849 73861 15770 51919 95672 28178 98420 378 45236 94658 90589 76329 96645 46440 32544 68808 99492 95956 72223 96135 77260 11945 92128 88638 69199 62436 39086 27521 19317 81791 68890 81693 65517 73011 90429 22510 91012 32223 57716 91319 8277 73369 47770 88425 57197 53471 42360 54903 33022 23323 25723 69650 97263 44303 71082 54587 76266 35716 51347 46533 40265 20031 43375 32027 36056 285 41773 85129 63985 38522 27603 76660 82426 30617 92529 73344 44452 40292
95152 76090 20050 70616 38476 26543 3657 71380 48870 11574 90401 91659 7265 18476 85711 55128 83702 74014 61822 42637 8716 47264 6434 32671 49895 96317 43877 95685 60526 5513 2374 52795 50236 6450 96966 55962 18258 78798 6366 44325 61346 60153 72578 4113 77931 42568 18629 84065 31837 19236 69009 96780 40735 3776 19963 96475 38236 430 21902 75187 16428 28503 59656 21687 23946 33091 98269 91101 40780 48004 65210 33521 14731 67214 23022 32931 83378 694 54843 58720 77739 25715 66223 93701 8316 81436 24422 41539 97276 8706 82354 22221 46055 57736 32103 32055 99995 8024 8382 32192
42927 73925 60379 89849 16046 57924 20487 75320 46095 39352 2515 91793 11176 40192 41594 13441 98674 16484 28450 53335 11532 151 7805 6679 22939 10265 2810 77235 87179 82175 90862 52359 52081 91279 44508 31283 78185 48343 49239 74791 54219 61914 57503 81512 33924 92838 74525 40910 2325 40944 39844 95980 40586 29961 62912 50421 62831 18998 46469 81908 53151 24066 72545 42363 57005 13122 85771 88827 72170 31215 91211 92032 92579 66097 45284 12183 56875 80380 54062 92587 78058 46736 82700 27745 59838 84227 57283 39672 23035 94503 313 65224 93193 53279 72990 38646 56773 86682 65746 98206
42694 24973 52542 97142 83217 56897 4070 55599 8590 91557 40227 38679 31029 54066 8944 27330 3783 57554 59667 63250 50221 46445 99286 94463 60976 88975 58236 51279 28759 34536 76980 73894 80533 98575 26847 1459 25470 18668 1570 40554 1435 78265 44282 11069 9940 50671 3553 44954 63196 54620 22915 24559 26923 9603 91247 31236 74308 46861 92039 77863 68133 58932 47646 65906 49390 7097 45803 10837 16794 63143 97635 51683 31388 42392 98643 35761 13859 54013 23798 33682 19111 56698 76084 86300 22179 52116 94730 57598 54056 76337 32994 11695 850 54505 29222 80825 29026 11970 83859 8259
92437 27135 82545 76341 66747 21520 23304 7564 44990 14128 15821 8574 44569 45534 5944 13186 75404 65798 73340 1224 19389 37876 49170 38676 23686 48812 39926 91729 50749 13258 37993 6354 21930 18084 17630 61748 16542 43484 75134 93423 61661 31049 43498 31181 83919 13811 48928 25227 79813 16982 41884 93106 48380 70980 9304 59780 79748 34512 17109 97152 48281 97859 39037 76173 95908 91596 76908 36802 12128 94765 84800 74501 93425 49885 99218 99308 95252 74858 36301 62326 46751 87818 80721 21393 19169 97138 14024 83835 72958 78731 96234 78467 82410 50982 72648 43699 30079 30992 64851 3344
20562 14225 93628 83781 25708 94846 83032 90046 68161 16490 71689 65122 63439 79874 90464 20579 31354 49716 71561 21590 64933 64311 14321 17018 49865 87553 8533 24264 21653 23507 43058 37556 22849 88222 26336 73988 65753 93262 81845 55008 22810 8360 94168 39491 22221 47986 95619 72949 64852 68949 8109 11435 93992 27014 80671 87240 73197 54329 73176 64439 91639 56462 91020 8374 35247 51791 28172 84012 85153 58428 55083 89724 44643 65600 61828 35969 13489 87237 6920 40596 35238 48430 81361 77266 47077 76159 2981 8055 91798 25431 38026 74616 46174 52499 5363 82658 41369 30810 68523 46991
76826 48462 4649 13926 59806 18502 86601 4041 95388 3406 76374 41464 98689 81766 35684 25227 14606 84701 63409 39652 53688 91784 32384 88624 41802 68401 36784 19795 76723 16097 58197 7643 9123 58773 68486 83352 87623 87150 6334 65433 23378 36382 19732 75305 68141 23236 96577 28324 27203 72066 45662 91880 96609 10513 42001 51842 51141 59776 72521 60571 43314 49564 82534 96960 56056 19969 94247 20172 72353 36348 49186 80773 77381 82279 1820 43324 84998 8409 49691 77942 32734 62564 68802 11384 33959 53202 60331 48987 23343 72961 18966 11265 18196 53999 39196 89313 39361 43627 28064 20318
56185 26105 90453 64613 39488 35207 57326 8104 64703 87753 89765 87640 68941 68961 64659 75084 78578 39297 80079 88777 20385 14519 83721 87912 81521 48630 97714 52243 1626 94555 27458 80533 23435 24085 53197 10330 87806 91349 54640 24522 84605 12002 14771 30457 2286 70851 72401 62273 12036 64401 48102 99768 87157 95868 53795 57787 91375 20728 37590 31793 97044 61651 97604 58877 83882 80887 36879 35135 10633 51666 68989 88903 57009 83909 57536 26472 12069 75656 46391 48505 41876 48407 96169 72110 86333 71115 92706 90945 15143 57502 59373 86341 2034 51366 30337 93410 52556 49115 86099 9019
389 40758 75983 53240 29582 12030 85783 28681 75876 94234 62281 61518 56274 10950 94866 83114 87300 66069 58084 84193 67648 23444 58479 40005 83278 66557 68805 20457 96273 14902 840 32634 20236 17655 69255 1963 62012 93647 32771 38423 29201 32493 40513 67626 88229 6343 57203 91229 66921 25216 5300 48054 63560 44474 85063 43292 27450 10584 15150 30405 72807 97184 47198 80037 78812 52924 7403 76270 46601 4230 58989 53644 51292 41026 30527 56294 13746 86891 62398 87819 37842 10120 46043 67136 38087 70854 28146 16097 49684 63442 6771 82523 91048 30569 87320 46592 61427 28198 29822 92141
54017 55040 70236 15035 49310 91115 20712 18571 32618 50822 59042 32500 87281 99236 98388 63484 67101 96197 45067 73161 5886 93359 92093 47080 24714 67333 79273 68873 24850 68837 54135 49812 15623 2288 89468 26692 39461 9814 76370 74175 68984 93484 95142 24976 8630 37462 70302 34536 75139 40142 76590 66662 65753 46375 32707 69732 53146 82214 81555 95529 12964 67500 32834 82913 74042 2636 65241 17767 92843 87788 67734 60704 89621 72719 70471 21892 10507 35082 45255 28027 92115 79705 94513 99459 26933 67309 4278 5358 34698 3261 49846 22611 86742 73248 87542 8383 87160 27266 15435 87555
61880 95337 2912 22647 34783 42199 91079 74360 55567 17690 92061 65026 6359 89145 25720 22393 34742 53820 69292 13355 84839 70830 74847 64666 22727 58480 83291 78262 2495 70035 40321 15067 56460 49945 13774 3848 55969 29751 55001 60389 41362 54578 43973 18750 75050 18669 21567 86151 30432 90890 68048 51283 38751 53037 16577 91206 50279 81280 27915 20039 47056 23376 77745 45180 35525 23219 2039 27677 21210 11744 34769 62011 43083 26589 56231 55427 79598 5247 72544 24114 89268 16314 26093 4862 6263 52655 51251 15436 34279 79302 18626 52939 38750 22984 41673 8659 29493 27984 66586 98632
62562 33669 77456 61121 13601 27189 23551 17051 54529 51340 84089 103 14354 19041 40035 24383 26288 64776 39033 12193 825 97455 72411 25728 70197 11249 6031 25328 70956 22259 6079 4495 58595 80087 85605 25870 97423 34131 11179 51344 23952 90419 58173 16517 55623 92972 23349 94384 33423 55728 39126 48023 14425 76600 87833 88002 94624 5850 46993 54793 95974 10684 82286 26210 20804 91867 6495 89057 91846 63010 56768 92338 77114 16905 31509 95710 70543 88812 45384 58934 46819 66214 90286 34473 15774 88152 63964 17456 58999 65592 37915 8532 63507 53679 34267 28301 68651 32485 17270 26146
57170 1056 6523 12944 25020 25123 91577 63879 69568 14786 89614 29557 21985 38562 61827 17709 70554 55715 92597 89907 22986 68830 71707 27204 60317 98541 28694 93736 44805 55978 75754 915 98660 89080 93809 80695 95453 27030 32404 81235 1828 99189 1324 81124 63182 81993 35981 96422 64794 90287 7517 53297 85329 32568 52149 51440 46022 53246 2785 96216 86830 98959 30896 73889 18166 21744 66654 63956 25766 25065 35328 97500 38230 4641 11544 85587 23239 49615 41034 86002 28679 90528 97441 64421 24763 69255 13923 27577 88671 7490 87452 55394 60908 75886 88596 52325 46009 85261 87165 85883
66946 12099 85931 27404 44968 33101 84989 82968 64366 2426 13668 19257 31372 57261 86398 73603 39419 12121 46837 39130 95630 36486 14548 40655 50936 58405 78012 76495 52580 8416 35999 37248 97172 80161 32559 99751 74756 26607 47835 25249 6672 94330 13642 5210 38510 15559 82095 14760 69707 57111 82136 6470 43617 80839 28457 18541 68793 93447 20737 76618 32353 71935 32229 63629 83832 4463 6072 54325 18339 71727 31125 75425 99158 87954 4291 91007 71440 64436 68233 87800 87664 9682 19618 5302 54582 50743 5717 96695 93343 74594 56317 76023 54197 5822 67248 30787 14253 50396 95713 61314
89505 93046 73457 7119 75439 90693 87626 63319 26717 35207 97553 74473 66592 54310 20366 4373 98921 95773 69703 81239 54498 41712 52871 22478 52669 15410 55550 99321 33511 49735 65745 99693 1662 54667 1614 26294 66802 87481 73601 32039 69023 85257 60371 35227 86505 55897 12017 76777 60297 5963 70769 97154 95182 13232 13432 18397 11978 86622 11701 13727 61944 28248 53123 45977 69489 81529 81018 18429 88665 37338 40498 19080 33065 69499 40434 22589 36547 36491 6350 66810 939 33651 70253 82433 43092 39683 44346 24954 36602 544 48568 32409 82305 59313 98182 5312 45073 11043 75365 18332
17174 76400 30400 66087 8007 80219 41630 69739 13942 25280 74691 66406 45997 77842 16325 72087 97848 73645 48494 72597 76886 98151 88992 78153 40386 34257 51384 82200 71583 95495 84446 50131 3463 64502 55745 61401 42882 33877 16464 16918 19830 37881 38784 53304 50832 3752 50266 40072 4439 16005 1678 92378 62569 45249 37591 42432 33987 21013 76062 86241 20625 38631 32064 67892 89722 3560 95574 37877 98423 13589 65684 16786 28094 10008 22799 74340 43985 52247 64089 10777 89843 84063 83810 30012 41798 19968 99405 40331 3396 84913 92293 51612 3837 91078 82830 38247 14364 83995 58884 18896
60133 89941 77861 303 15823 55688 79885 7721 86316 8321 52154 65851 69027 54413 38229 72999 66818 10049 58816 24876 92484 88401 37324 47893 83188 27120 97240 91878 92233 84412 12100 88704 8831 38483 72109 41734 74989 72900 3402 4547 2225 26696 97721 23614 1715 50702 29508 63668 46441 10654 63848 63389 66432 47265 23978 24084 95047 66622 76793 65176 30092 39226 43243 98070 76435 67611 41640 78942 16347 31196 43055 95505 25203 52649 85428 20362 57631 48546 74996 42585 84177 19248 80322 84918 67973 86599 43128 70211 36960 87548 11111 45789 66804 71781 44859 20515 46244 52101 98399 79978
86058 88202 17160 81051 51335 91088 55304 99930 21785 17540 47439 57395 93950 39801 18678 76023 94206 94639 43998 91600 16511 82225 35429 26618 77094 65411 71462 70375 61853 81247 74988 31289 15808 71841 54361 92180 63257 13486 9269 91879 93284 4872 14605 12467 34521 13744 38153 32176 42463 68267 1673 1688 74308 80602 78584 27912 21759 39621 15655 33721 39382 96492 84806 63489 85792 78375 62624 99659 72268 13967 94724 27221 89533 95135 47643 40837 13641 56126 88041 79228 10898 60009 43372 98400 19786 87668 20195 35426 46989 62419 70647 10390 55948 67958 68324 85619 30003 44472 21938 19892
64203 89587 25615 88185 78764 63231 33888 44454 73784 51572 45233 39017 18351 29569 1242 27692 21969 65438 33791 18448 4005 31259 41347 20407 32915 6794 36930 67849 20745 71488 81046 3308 12403 66391 47272 63976 44698 48711 33811 7040 98576 53291 42250 99783 87537 77368 97579 83247 31831 50480 57480 28019 25082 89695 29517 26650 82172 38350 14992 57699 35750 52505 97957 71141 33086 73855 82987 61715 71756 62435 31961 53538 85597 7623 11598 38511 13626 87311 63482 12407 42925 98945 87995 11356 1001 50554 17213 50830 46647 6963 78732 40340 95669 42915 89258 46038 74404 8884 72493 46914
66421 55316 41200 67111 47591 26837 92967 2315 13647 16659 26279 44483 21903 88453 93808 27932 11195 83601 97413 94832 78865 63856 58386 40186 21827 45792 19875 35761 75620 6443 10739 29659 76561 90725 69023 30329 43673 92979 81130 82675 57136 95011 47121 89745 33990 52019 32663 66334 328 58870 22881 34452 82587 39282 33021 19228 6938 63766 43247 36776 15321 95759 82074 40304 10717 79325 95272 36232 54961 72792 17038 23849 30854 50839 40211 76708 30722 49425 23945 21822 6209 25196 66256 25028 24865 4485 12646 74720 18506 71725 18338 81265 91691 77415 55693 57420 72904 84216 85800 64683
60356 81781 63360 13882 21096 44710 93664 18439 79137 12705 34681 31013 48609 1871 62864 89929 92203 38620 31702 10494 97559 51086 31188 92023 1575 34413 70077 61274 15193 53691 5805 92987 8264 69123 34994 54595 75034 30299 60350 27306 79341 93178 45715 17688 76149 65531 58564 27748 19147 69630 56201 11353 60320 59634 96548 50892 34400 63061 98254 62380 22971 14040 15661 1874 11320 55233 7110 36374 54338 35643 29836 13509 45886 35750 15626 92118 98130 43303 96436 466 47105 50782 95898 62624 53443 57671 40579 59366 66381 82294 26336 5278 91959 7291 54228 38017 18391 55061 6775 60827
31215 54084 28095 88365 79062 79046 62444 54685 10085 17260 41574 81137 55566 98845 63711 50719 59698 52540 52876 23390 29464 45745 28994 86437 15715 8161 36757 71518 41092 67826 45403 90386 88110 60392 89508 448 91479 18950 77773 21995 74394 12385 54321 98177 10352 38024 91155 58639 43902 39886 84878 72101 71504 27967 25394 29585 42389 37745 95682 15229 35644 69102 89018 32122 58650 85961 29158 14209 4734 5381 33263 94686 64172 34716 88004 53791 28518 62178 81499 74208 66335 3679 68988 11718 57305 77678 20822 40334 82359 84283 24251 60838 39831 34768 3239 94933 70932 73819 67932 39826
17657 44487 13023 57121 27319 18564 96028 50894 85106 22284 70130 87487 53241 26856 15954 74735 59278 81022 40334 53545 91217 26017 95293 88824 98420 36801 88738 74497 19866 71039 67962 51039 33860 24214 49631 5157 70267 87258 69212 71675 92579 33323 3099 21612 69263 70112 58027 84161 98374 22382 84589 91631 92159 18980 69306 88774 40971 16605 34817 84486 62754 87194 89293 50870 22968 12618 46593 93512 62890 91094 95267 38982 4414 96380 49766 62194 80346 38298 56534 97588 53305 82331 82546 368 34574 61727 84757 48459 5957 90303 40428 63108 33556 17485 84373 31060 19217 63903 20548 12797
52403 4296 35252 58822 2725 80185 67836 91380 46062 35558 13177 37786 22665 36693 73688 94817 78135 96213 77538 62699 74100 80399 37394 3424 9693 30430 19168 50130 36774 60099 29267 12438 95480 36062 30690 38539 84392 91602 10365 14169 44445 99185 20506 67479 91054 95625 70509 94864 7861 88617 39377 18465 19876 6740 32275 14691 32918 65449 18446 58057 48287 87824 22177 80760 56159 18170 16202 91114 86876 82133 91490 20359 17260 18849 27505 8709 81740 9526 55113 8662 96188 28249 50870 17652 18184 49569 94229 60126 56664 13515 66503 83851 77520 46274 12771 70522 99599 70139 12978 80075
35559 64550 16739 15209 90473 89160 80441 85794 68789 41220 66720 28086 50679 21170 19972 48337 91687 15538 54925 78704 37836 74434 89208 60261 62466 8084 97472 98913 41285 17255 19220 73889 863 7027 62038 27625 84135 97575 78393 94391 72661 68058 80395 17017 83495 74763 9553 8293 53491 55395 438 11918 25880 43210 56415 66313 16059 2585 85333 16291 16025 65063 4978 76862 21775 4477 77269 70476 81735 38562 84660 43527 24119 56671 97003 70520 17078 44103 41940 96980 86597 36651 51005 93591 63066 10951 67453 93945 52129 68312 72749 8059 26652 21397 4798 34845 71191 26801 82365 63458
33403 92554 79504 57169 20502 9566 73398 48063 59463 87153 46201 64417 45710 92933 35031 58060 5316 85044 30085 65160 82197 8269 34442 1866 59912 6821 36501 65985 65132 36671 69727 83349 68787 80846 13675 73908 64579 81753 300 24145 64472 85681 67474 8976 1758 40204 1347 33887 31585 2218 31532 55980 6659 72254 30022 91469 58264 563 33114 63697 57985 12906 32020 8235 6916 33902 95588 7454 94797 38895 34725 20610 61243 89758 69781 91543 11739 7340 69179 35154 3872 48232 66518 48830 84295 95770 67369 47637 56538 59740 76892 15932 24968 34049 96085 14239 68331 33416 43210 26389
15504 75677 69676 1698 68895 60850 34027 33573 39664 32455 35743 99528 37457 37289 727 20281 36260 20261 9150 24416 60033 25688 14597 65825 74280 26250 3551 17536 38582 39844 33223 40901 61117 18469 80580 35688 99246 28002 20421 16219 38547 29095 96284 66462 76616 82056 44493 57103 93836 59354 26953 32712 49481 26659 10957 72167 56394 83957 25634 37990 91333 85998 57635 10900 53436 71826 51706 76304 7774 44220 90883 13514 71816 86341 5439 43645 30682 7607 45637 99695 64055 86988 93350 3949 58602 41699 86837 20621 8162 89211 53439 87436 13026 33039 70289 44951 34739 88899 61267 86685
90563 54377 65175 67198 914 43714 76199 8240 15546 442 76871 7319 99869 38747 85508 83933 35610 30045 79852 22477 68722 23006 49596 57652 5937 28516 40703 83046 25628 5760 15990 30285 11588 90086 93204 27792 84753 21496 45376 25812 86632 35556 1054 11580 41265 99182 47412 80511 94988 12472 89967 67014 18268 39159 58736 16579 82587 64270 62901 1081 1002 19246 16915 50134 129 37034 25718 33038 7454 75487 23844 81437 33116 96841 87613 42586 58580 43278 82971 25346 88627 60332 29433 85953 43293 50781 8907 21929 54366 35575 82243 9523 25725 84498 30694 60483 50449 83581 50534 51606
11152 39077 72021 20384 9665 16885 24369 67993 43064 15260 38894 11488 78828 68223 26211 89480 2610 61660 74301 9874 72209 74044 12901 44406 59475 71700 75642 35658 66593 66337 34226 28270 76185 49445 45650 24572 64803 18502 88791 34148 76981 377 40033 84890 11781 9214 79344 27483 91668 9238 9999 3084 12368 73054 62698 70237 86223 72161 12991 18578 91181 68831 97858 36717 88089 57810 14417 86947 12528 18040 4593 44381 7392 60279 80687 58816 79236 22397 39614 95286 48074 17884 32533 9066 53389 47602 27541 98756 4778 48998 45084 61520 80653 34967 79638 23045 81408 81144 29256 14377
75486 32113 9280 86538 70103 30551 8574 35179 50454 59727 71043 34530 16057 42049 21524 88900 19332 15776 10676 12386 70080 80990 212 34485 5836 15438 48102 93041 57250 66737 48699 61756 66260 71996 21874 94058 81452 84471 88872 35739 61159 48954 84325 94683 58609 97062 57710 90705 63605 77594 90782 3676 16686 47468 53769 39886 75518 21437 89006 59322 33485 39873 35293 28874 96233 79896 67848 72440 98887 89017 82866 30853 70602 33372 57653 49407 63030 1520 52510 30870 36715 86977 44660 39595 4751 28774 45923 18357 37466 3521 58022 32131 86313 80051 77945 91238 69016 78476 44844 46936
34861 78420 13860 17982 23801 28494 92716 19804 78220 5614 79329 39050 98518 72477 3264 12336 24210 94864 50688 69400 70887 45122 85257 68814 66191 15457 5422 1665 38793 26205 9013 45198 43619 96513 63353 81552 38689 87482 32403 42145 28344 9443 41170 4502 74952 48886 57541 49129 60557 96660 67612 83824 40093 89052 22025 25858 60431 66018 9228 62468 60156 25670 85925 68166 63513 63641 28911 99853 83699 73466 5251 36590 42201 99759 11265 33383 54701 47009 77942 79210 22381 32638 52263 62318 58215 67423 18994 46671 64193 26614 34504 92025 53857 6083 47553 80638 78342 99828 19891 18185
92336 78272 69083 48998 3032 4027 64184 81933 83665 62522 23015 23324 41613 76282 71848 8869 29507 9792 51759 53417 87041 21426 52387 41934 57599 93718 67356 62005 91063 27703 54620 26219 48645 41240 71004 90698 13726 69975 19829 49092 9774 36298 81417 83516 74771 20400 87487 88253 66167 23367 40302 2842 52425 34927 73114 64210 18191 28231 67366 8251 59490 20262 49900 2562 851 45258 94387 757 10590 82932 9460 14277 68274 80495 11953 17623 76641 44667 66966 61777 99399 24396 43091 44581 27622 91676 35726 39582 41998 46099 6605 77040 54257 46734 96069 17404 57998 47912 89368 25510
24946 21365 32328 26485 60760 50994 12860 35031 18441 76993 21779 74596 40459 28088 94111 82860 53083 31035 24785 14199 85443 93683 91702 3116 67671 33310 93560 84383 75523 90060 19748 49233 29898 60598 76120 5046 34823 63855 23843 60811 1007 67427 32421 15398 32943 93287 43701 44035 58141 97996 1744 22090 83435 1664 41729 71280 57925 59816 47664 64857 79857 92676 87029 78305 77822 40334 12014 87328 296 689 450 24441 95266 62310 95320 24076 66619 19546 38192 22840 81642 6439 97716 76325 6650 15510 69339 72377 87384 10203 25893 98006 75330 76127 86433 64376 5402 25956 96407 6131
6013 84562 1106 45203 43387 6685 38533 25632 64124 89291 51345 63552 88815 64758 23711 77528 331 75615 20484 17027 70907 59944 30296 39810 18354 66609 73013 17242 87217 50535 48436 28871 7456 88103 18038 39554 39136 23426 33417 7632 92160 17549 62244 75326 51545 81502 28144 97464 84120 73650 41321 62264 44450 8862 91399 36253 45354 54414 7034 24374 74671 63923 13538 47355 62463 43877 43529 54139 21140 20014 33658 1749 23330 72254 82757 62412 70490 77878 18437 23143 64101 43597 40426 548 68261 91718 86231 25247 64301 61475 55052 75154 73909 14561 56482 53394 6635 28700 47412 6588
48459 41271 5885 97135 13155 2911 34699 60198 32230 8868 25573 54021 32185 12586 26308 6677 22566 24132 75263 56074 63862 6648 69338 78321 70084 5280 98239 1202 51088 11245 90023 86277 1738 25479 52099 29272 6031 48556 33795 52273 74645 37074 2203 75770 31003 39815 12423 35547 85314 74154 72078 6332 72058 14171 84302 31901 46161 24962 29887 32026 22673 66376 2715 83080 82525 68277 59572 84489 95392 40288 22071 8445 11423 57127 14812 12319 54122 5551 23157 81674 68449 76392 99577 9928 51280 96444 31658 94568 89997 54889 22099 80039 11459 18429 97137 11099 95126 7665 13377 48634
30008 13431 40789 1915 17298 49050 80875 80051 95331 67614 80456 68135 31139 87031 23967 50955 91316 80168 85771 5087 1565 60698 85618 60020 16467 28547 554 84532 83862 26328 47970 87376 75045 20437 5254 43036 67417 37520 85165 41278 22001 28306 52161 26604 12567 78943 61390 79551 64834 36827 99178 99491 18410 86980 23331 40825 79470 87611 73408 134 90904 74511 4435 85512 85238 63439 84887 19158 38713 52553 84983 38147 69591 21793 38583 58883 25696 89279 84735 76557 15683 22152 99008 26358 50945 72271 54721 53161 82820 77769 35180 9282 53770 30910 33036 19119 27163 47508 24865 90080
34930 54189 92322 8926 77243 56996 22099 10160 77323 9261 25539 52919 85748 91454 31181 93060 65008 21400 59304 42185 71986 61125 64608 50722 84812 1497 95527 15233 65950 37084 60957 70679 62092 11399 3342 52139 24117 66518 63225 29963 37376 23188 79211 55913 8319 8667 53219 15973 94571 86297 19961 47571 99357 71656 94440 1996 44119 51077 20850 61355 32892 38510 32717 87020 57636 46634 24906 69608 53126 71734 50815 50790 92134 71580 11829 7794 38051 19394 55154 95612 5524 11759 89433 45139 78056 8433 28769 47672 26729 19557 75904 59955 94976 46608 77088 14277 14928 27301 55428 953
93989 67870 18455 77371 60090 57177 54645 74310 36116 25543 5216 46680 58383 98418 13177 32204 90314 72564 98700 97996 77985 47167 87598 93461 60363 40822 42325 50901 88087 5193 18099 34609 28696 56023 26675 11658 33878 58210 6236 29419 28922 20312 40412 55342 8706 79517 85670 11297 27313 30950 73759 65190 43303 28802 83425 22811 70030 94744 76880 41465 54185 69995 67898 15446 385 30901 32751 72409 1414 60838 7406 8201 62017 18114 90109 48979 37942 4356 33673 62348 26510 61477 1588 50201 42278 11021 71001 73946 61592 46976 81327 42864 889 70040 29511 78192 78271 74354 52561 18007
31154 5090 94803 9830 50532 80623 9815 51706 8714 42539 851 116 9497 5347 56108 21310 48163 56330 5271 58865 44748 27859 97461 80975 73144 40321 87264 88610 46960 25803 88102 77989 83707 92502 2722 27592 15410 34457 38533 79841 99776 32081 94048 34714 41541 51192 85313 26829 23868 62571 16368 98321 73573 35974 72362 59745 77120 49092 48456 64318 86294 56595 99601 68728 21497 44636 63144 75215 554 51700 91514 79137 51605 51035 43973 95774 14640 69342 56770 14379 52125 21625 50176 94869 82278 53192 55294 33934 88331 36495 3233 42524 30745 79814 99634 12092 33956 13212 10603 97026
9007 38152 55482 23494 63741 46488 81646 72664 81382 26291 41999 15595 69809 56924 42946 20018 43126 70877 16054 88479 63870 43125 50439 14142 25045 45997 6650 27180 11474 55022 65439 4298 44211 66922 21991 32666 70439 724 35632 26332 76656 93642 78113 12071 83470 49552 29212 34034 7535 99847 43584 88568 34332 46944 45584 95037 67747 53283 24985 20859 99180 66568 38714 82513 73142 66396 8800 67196 55195 64899 93000 28206 13057 50081 87230 81698 56464 64297 98284 13289 85261 9942 41617 38817 35120 88133 26343 38746 67103 9186 44176 2588 55707 59902 77033 88147 32992 63367 15571 75167
60994 49061 79803 18055 11433 19453 61661 51325 87823 98848 2318 8496 54109 13186 24069 19298 69847 56563 22062 77300 41742 44908 82210 63594 91099 23306 61989 75230 90566 35872 40450 5165 11164 80912 12548 96409 22655 84983 6119 93845 49130 57655 3630 75202 99600 97191 14984 12047 51699 29612 20209 48189 46231 2568 50231 97834 12977 49156 51830 26565 7729 85460 67661 37030 80539 92017 5026 94147 89669 58757 7830 5818 62746 95715 20572 79745 59646 22997 24526 28935 52367 65496 42026 65437 73803 2646 54063 44569 90746 67746 14814 31439 10907 90943 66117 67309 17839 24771 9877 95464
83105 41390 21776 4704 16997 82905 95305 80396 97516 82762 7681 48784 82292 13228 87911 73482 72809 97458 46220 89134 23024 10090 56906 78972 98833 88745 46143 63758 23941 61477 97704 92861 62524 27288 34833 36540 75863 91562 76523 87696 12855 55391 71848 40515 49590 73726 27437 88231 68941 4174 10931 35090 34490 8732 81857 27047 10495 72171 41856 37864 3398 22413 53807 57599 77365 52276 46694 61233 51393 45063 20490 40810 25976 63068 90574 52351 81992 56302 91592 6399 90793 52833 1951 39071 85306 80054 52427 53796 88097 46836 78324 74061 92193 34967 81441 83486 13498 43953 56637 72341
83137 4220 12389 17930 30802 28824 32116 28256 80621 56995 69035 59849 58761 65186 9196 68303 11786 5695 73226 43061 63152 80555 50970 67882 27484 20537 67045 61538 40895 78552 97357 31849 3289 11530 93793 16634 35902 81635 64036 96229 2847 23728 55849 32076 87010 42088 23504 45051 69830 49113 82951 33802 81531 22764 78157 43809 96026 66041 35993 88541 46771 56714 67918 24058 61410 42929 99194 12192 76639 43327 21049 18701 87410 76176 14085 86934 76834 62420 5972 40436 1898 87934 3602 11357 28142 67722 12415 18908 48334 63270 21040 85726 40415 42289 93872 47258 64186 66708 91303 83944
92745 6888 97234 12812 17949 84414 62431 29368 28329 28176 53283 71108 70253 99935 77059 47848 87046 44639 31917 55910 37083 8819 67285 9247 81302 24524 21139 73265 65227 16042 95604 52567 24369 32862 15246 45936 7138 9849 69003 14868 45427 81207 18950 633 66225 18902 29462 85122 11170 56564 48354 6521 69825 2623 77134 96949 38906 89211 73033 58222 12645 21404 53748 77632 56778 94342 55907 42740 60457 33177 13914 16229 20848 42019 45759 72460 4702 25309 62156 44050 75107 79191 65048 79919 22703 40424 82817 64651 3400 27740 42036 82349 37176 12177 48998 1367 15020 36472 7196 56984
97623 70168 8258 22797 1011 62299 48397 93680 98162 53716 3279 49948 34063 35274 99913 32995 54497 80745 29122 92642 27789 72038 78873 1593 6051 42779 36667 64792 85982 31973 98112 40292 76750 8860 47618 67554 94632 68891 37087 14660 96793 24361 60541 57911 13061 48131 39571 87274 64495 65517 98103 91444 23249 95405 79924 17393 50001 95429 67119 70006 89668 36648 11254 71302 16220 31460 25180 24357 88881 48149 67599 4995 87676 74395 73054 20162 92604 12418 83565 49676 53991 95238 27923 13211 1101 5885 33855 84619 84650 8417 62874 55508 69564 5371 29297 24552 66652 77913 71495 83022
46584 33011 8685 81481 6344 8235 45989 53081 30173 77855 56135 77345 61544 35827 1714 89878 33118 4549 33648 58926 39173 50406 22968 90075 40583 29951 37871 39528 32927 37486 2745 4516 34721 20551 16450 76929 56094 81894 8724 26213 4244 79646 33645 49032 20803 82684 82553 10748 54169 40712 18657 83320 44161 94104 37523 2631 38100 81193 58459 60605 96021 5675 17278 77252 71764 67279 44992 85311 97822 84150 63484 97109 41988 68182 35543 26409 31444 97896 36603 4422 87291 60159 74582 61070 57783 51936 99064 91470 10407 34425 39781 52044 28411 85159 77822 91229 72204 38350 18635 25421
85273 56924 12219 47298 96460 800 72440 21249 18224 80621 97223 39554 30793 34908 34481 56113 80244 40772 79411 26947 86557 68675 70935 71283 92222 15985 39391 51328 38986 5982 5214 69799 37690 45326 33698 11391 8006 58891 39306 88959 22988 72603 57014 68514 507 58626 89520 99556 5326 70613 95834 726 36701 45804 49031 79516 1922 95852 67496 18408 20837 60243 16737 87060 78188 31631 58032 40522 85495 42030 30056 29023 86355 16344 70613 23549 57443 89490 46029 23153 60953 65495 45104 32577 12848 31700 8460 65438 4311 29053 89546 49297 59243 79015 40579 4763 64226 66608 2339 4577
95305 6208 18148 6042 21900 24284 81370 74619 96155 76019 26137 81602 44012 34045 22881 82241 95259 81566 61642 12420 29950 41373 1183 70077 72176 37218 5017 26092 14151 75915 76204 58911 94539 52397 14920 72518 33091 7441 85596 44468 27652 95042 61847 55974 49558 93510 58639 13715 69812 82222 63199 89330 39271 6266 42004 93630 50284 4617 98414 82552 46713 17733 81894 73661 73387 15210 90714 4142 60912 82851 73925 75405 31428 81051 24135 83409 31638 83093 53829 84929 41839 47605 2494 81532 82450 53332 9807 99835 5265 24661 16395 59259 18778 86330 42355 66256 48212 11590 70659 97116
2913 42859 70534 74785 48402 99653 49067 91680 18095 22118 78538 72732 79027 99697 2436 97476 67902 90643 11381 49862 48192 88075 38780 30974 61124 96065 35865 88771 1537 69665 94015 74237 43250 54663 49623 38534 54009 11265 28218 74449 18128 50060 27263 11814 68228 42236 58332 26326 19517 9819 9976 21142 73077 70146 79031 57373 54391 98724 60407 69641 61228 24833 93937 76843 91213 3770 12664 96738 84207 48401 39999 10121 93628 61291 43793 67719 22738 97299 12847 38161 4175 87761 69676 37043 4257 80751 59439 25671 28671 35443 70194 93373 62302 19003 7664 34819 11350 14829 87730 15478
59521 51080 58528 26131 77644 2895 13121 97018 19320 59712 21113 10497 76157 21237 81245 10358 45122 10323 49141 27695 27999 55368 1485 4795 33411 29910 85221 94360 94522 71962 5955 67219 15670 26839 62100 15330 70255 42105 34401 10487 87544 22921 37609 23991 91240 52498 35183 45532 66840 5367 94145 41065 57461 7863 62155 60691 79783 31974 87120 61284 36018 91267 14956 51095 30668 98209 69062 88230 73326 9587 70476 62322 81487 27016 77661 6404 61126 72292 92566 73766 72112 47616 23176 73270 11971 8696 17737 41818 10008 3649 47627 48294 45390 86636 98435 14672 80350 92437 44413 98814
80582 76078 58904 91933 17758 23423 67264 77589 57742 18506 35735 96161 49154 17151 20195 85197 46141 42160 15074 60789 83186 74475 29688 13008 85907 26875 52716 22992 3507 47915 18301 38353 14145 61192 14685 15035 97919 53896 12315 48258 78510 15898 3514 20698 39330 33774 69370 3127 50581 10476 64717 6627 27992 98255 93156 16685 65949 42336 43089 7449 44635 99798 67633 47270 28222 68238 75597 22622 52679 44098 10199 79202 84470 39813 11055 12195 77191 75585 52625 26674 40419 49038 38049 95131 11413 34116 53158 13888 3797 31059 66421 32991 6714 11629 9711 94064 48473 81660 61174 29494
62393 8170 31858 21729 48038 19254 24108 47548 13376 21007 47409 84942 79601 24476 36000 28911 71256 90765 74692 84612 73185 16124 51909 32922 82948 91755 82839 76021 60478 75035 31030 15318 87412 38303 85830 82419 87219 21565 23305 81106 72378 4338 35353 71156 72440 26870 17343 56955 33301 49426 42810 80493 2408 19018 5684 86802 5733 73359 47799 4225 31078 3299 70949 88097 90342 93476 15173 93396 84067 38165 4472 20256 60819 18076 77660 56554 33239 61064 35355 19218 69015 73512 1982 27690 57338 71628 56277 64007 82015 78590 16389 65184 17455 84608 76540 64396 70519 12517 53505 69223
94034 13311 84377 95093 16834 1612 70100 7197 42028 10327 5063 85381 35772 13602 79388 5040 74129 49516 92472 23637 721 11908 5417 88579 21727 98436 66829 27489 74025 82347 99630 67245 76768 78883 21591 82150 40910 36039 46627 52827 30254 66379 78892 55585 11738 32861 86344 17029 74421 64184 58311 48904 55123 61010 72487 17820 57527 335 98587 61406 49796 73827 88951 35156 81842 37660 25354 70912 55141 85798 29457 32558 79066 17959 66489 52889 71990 27124 19579 66561 12567 14245 69748 87735 71961 5494 23488 13146 97253 6444 97019 57230 83280 76143 15118 19445 20994 83441 3687 732
90361 29625 54047 12622 55007 5771 67893 24828 67074 3171 72967 72859 78698 68253 46286 46400 41999 38557 23318 87033 66707 36752 92588 42734 86305 93371 36671 82087 36735 11934 61487 9416 76185 74184 5361 37045 49659 3247 23712 1704 62811 52560 25034 42065 23507 26134 82043 4507 78573 26934 67987 12670 73768 29825 46522 47116 12380 30212 71408 75174 86217 89855 20016 11968 13350 94041 54893 10404 91040 27068 27119 3973 97425 99756 88623 98524 55902 75410 39025 14792 7316 65728 62641 14720 47305 78460 17832 80118 38827 35899 77609 80269 35679 19682 26976 61615 20614 44225 49620 43737
8405 14076 68662 32621 16765 77840 9401 64623 51988 71055 36418 59184 44753 26988 18550 27931 86496 7432 54477 65195 45784 2904 83591 80020 77770 53522 58038 25003 8267 48591 62765 26533 22333 81888 3979 78892 91818 55822 20970 33409 1246 50814 38322 63988 53060 49210 49918 65722 34412 89187 49286 17405 5055 77085 5407 22797 95225 62940 52990 8551 71070 49844 68614 14832 57154 19010 2733 1962 77201 38275 49825 26182 91827 40792 77904 21175 51706 21954 37805 54676 90048 52269 9621 43283 40884 3619 65623 66762 30835 69986 58136 66486 49425 14385 95748 31700 7808 93022 60388 22957
4265 19367 8510 8610 1120 98940 97848 48134 20794 76047 77716 91151 79440 38288 97565 79396 34127 97243 78998 83107 5036 82052 77275 38859 20791 69048 73336 94445 93468 6259 73117 17064 95499 18567 50039 86520 63364 86437 90477 42301 22430 98620 14944 52122 19986 68022 67533 40838 93333 40972 20970 75056 6630 84670 23633 29054 18542 38427 66958 74540 17890 48633 23303 39341 19022 41367 61503 39096 65569 26749 5626 37880 63878 10712 18644 99953 21750 83045 48969 63101 64198 26087 81081 87268 52203 82009 65164 9849 10355 27550 20179 75361 45831 8380 85914 60675 1783 46550 14947 98526
19294 30182 92639 61635 73042 52828 52570 27102 5547 58227 55175 22476 51826 52757 10860 41659 3697 4332 99775 30270 45716 93689 53969 25603 58315 39347 61103 49744 67466 56220 10246 93627 32681 49363 75743 73054 18814 37951 61624 13237 54665 16412 55633 44432 44578 69986 67022 49210 4043 491 71944 48408 66334 89265 63762 61836 54898 24946 6022 19746 54942 76407 54578 53891 53169 37806 92362 55228 18249 94780 91081 72575 31340 62444 24792 13310 13241 30513 60354 86404 82820 28367 55315 18675 44966 74790 80103 42078 37154 70007 83623 76836 63965 51218 30981 49978 11876 46275 93144 94661
70105 18570 39683 7329 97499 45946 85933 499 59964 36629 82524 65078 73376 79283 73938 75139 5686 40450 28838 65604 53626 3348 40229 80012 42553 83486 43706 60786 80028 93361 16010 86709 14082 98360 97546 79432 63676 54408 19673 51031 53505 90872 34414 84060 6627 66083 82208 84346 82502 86401 93149 50440 1041 18986 87258 55996 58816 89883 20695 12028 48705 14690 89092 62902 96729 37112 71324 25804 33515 31027 19672 73166 98285 31344 26922 38565 47185 95250 91347 53028 36313 80396 67232 1540 18380 56324 90819 18831 28344 56506 33351 15591 98221 88139 44817 14613 70299 4318 12578 10077
39944 44144 53882 21150 70074 72279 81497 54717 6048 61472 39746 34187 98927 71083 83363 80512 28157 49356 81138 36979 5723 7176 96058 36835 42390 72050 63399 45108 63899 66347 77027 38168 25300 69961 37445 77943 77091 6487 42143 4222 77653 7590 18321 84380 76561 94253 25381 30344 72408 47995 36738 6621 75095 74758 84274 98374 48819 94927 82321 23143 52906 98677 8706 86595 37472 32116 98225 76086 63794 63310 73734 89254 12406 59319 7072 56094 31053 92177 17918 81681 40985 20316 44723 56130 39151 51906 34939 25841 79169 48284 37079 22281 5228 14748 44890 66632 19911 21677 1317 11599
58695 36016 68680 15952 62868 10158 80056 37587 12172 92503 7210 13535 96734 93483 4749 21742 43926 72487 55567 4940 94042 88492 97409 91669 17187 98538 77756 43196 46859 25950 76218 49034 81308 7015 72295 42511 67813 20426 59319 25665 87883 83674 2811 36073 29763 87756 15049 42500 8506 39263 14902 53086 88147 22751 88435 2270 98905 34620 41111 61428 39004 78306 19443 84072 18708 27675 16120 72475 43744 82904 44793 92770 67687 77337 94634 73241 10653 22549 11075 6881 10976 12889 18211 55878 26952 23825 52191 21834 17029 22636 76609 84197 83426 29500 83732 65236 63782 29434 18169 78201
99261 37776 7773 70825 25840 7963 88022 76566 18033 87713 63702 4639 65545 69258 23270 81158 98244 6715 39320 74164 66696 19271 79446 3267 43807 56320 89798 18280 59443 81953 28426 47966 56250 79111 92289 5589 45397 16489 31363 72420 25220 61755 61784 12635 11383 62825 80628 77052 50401 82740 54598 26006 88096 19994 11827 78740 56334 5991 79043 38135 28499 20070 88674 32990 54588 64271 53025 76244 31778 99321 68557 28179 86287 46024 72591 7220 29515 46366 40809 1443 96957 39561 57775 48577 3697 82601 28369 84965 12697 82153 26687 4635 419 34857 40545 86259 48539 24885 19570 50395
40316 17949 42310 3881 58492 86534 83448 9929 90911 42270 96723 54093 83393 63534 21792 8430 92067 52751 82306 91870 66695 91438 44060 75315 29257 89699 99221 39900 11149 44561 62239 60255 45218 53777 57332 72634 2904 96516 57642 79905 78625 32594 10039 57361 43278 21969 53221 18803 68043 1647 69213 29162 50889 24364 48178 20216 49105 59204 88965 85235 21435 59484 87631 95322 82888 64605 15843 11854 77911 9529 28326 79591 96609 14518 41419 2558 58828 73512 67470 9872 37896 13796 95197 80130 44032 57923 92975 44806 1614 7399 3989 67965 36305 23034 19397 3887 88961 93581 55653 23908
72926 69463 63490 48793 80263 39847 66644 30416 14385 47536 63404 1458 20938 77110 50923 67468 89499 92500 42691 79494 3225 55295 37364 67161 23042 33764 89270 22069 26086 57929 47309 35707 40938 90090 63969 39492 88296 96206 87181 81785 61566 98410 4221 11058 14543 40774 58533 47591 18471 46232 58987 30817 53750 81108 59204 52375 98350 65476 11225 85351 13060 13260 74326 62947 85935 28173 96559 51944 51906 66370 72580 39536 96888 58631 71328 19901 98934 74662 27708 46970 21507 56671 50682 74781 92277 40987 84224 62681 84916 84140 76535 65839 32598 81513 53750 39622 21021 31848 76578 56858
89794 90643 46211 24650 48901 76491 31543 82854 68032 28140 98063 23851 90440 18770 45422 34526 3380 77164 61061 4149 8235 94983 32035 65205 77767 10419 85035 27078 75652 79370 22507 56614 66882 49846 44150 12673 12934 67042 82094 29708 15062 62330 30692 90283 16121 45503 67708 39055 64701 95812 24218 53900 96699 20516 7205 73280 13225 48260 67837 71838 25917 27836 18200 28966 65566 38300 28072 89704 66394 2020 37022 99805 16996 22725 31486 2649 87208 15836 8986 13241 31212 64944 91476 87024 13916 63928 28790 60132 69072 56380 81668 6087 58028 25556 95598 98218 82008 16195 65725 47795
71299 64254 10381 56719 11525 12370 57997 10786 24934 46776 90908 31674 60881 43772 47899 8054 53439 31260 45334 27026 59116 78696 91809 23129 75921 94475 94233 51652 71197 11922 459 50880 30226 75107 30282 60363 18680 21990 68242 43264 83940 23018 26419 42677 64060 42607 9714 87325 34792 21813 56773 4827 34439 82302 26171 79976 58686 31610 59033 87267 33474 72067 27497 6524 29194 76522 18613 69615 79662 68995 50357 45933 44758 79692 39588 36880 20415 98524 89892 5531 66410 59364 77761 24391 44364 38905 74059 75645 92700 88661 83233 13957 84851 49961 42697 63882 19428 46741 8300 72509
90298 39850 39130 32470 26005 5530 75781 26013 89849 58556 17727 77763 55240 57684 71632 28229 67912 32876 37426 64343 13157 51091 64584 65950 76865 43764 3436 68034 3606 35037 43179 82727 60995 60710 53347 49545 36176 91651 72376 36534 19616 76028 79285 85829 4780 87100 66500 45883 57884 55749 37890 18254 55661 25917 89960 25883 83093 14613 23022 69008 34373 168 11885 10277 36935 95379 79490 8235 95866 75676 73950 68395 15367 52223 78128 77106 42113 65892 12479 1517 22316 12333 32893 53200 51489 60748 87494 7454 27650 17989 75472 54753 50395 42571 16484 39990 37627 13117 26366 68852
78202 41336 20076 16780 54593 74645 72155 53779 4925 98435 63378 34160 78614 65170 71248 31000 71225 43179 6566 84914 92186 42736 74703 52239 90937 4655 64276 82174 85282 63957 89388 21572 74064 12807 57878 75039 97774 38785 16674 76558 13660 81871 65063 53633 9561 17030 74433 33690 39681 30556 73151 71531 2532 15676 7637 92052 20266 17557 28174 3500 44449 12474 48093 83668 97032 33319 95815 46674 71070 51460 17329 84924 74079 81604 44583 25863 20570 61568 83855 94827 3772 30788 55121 36761 18831 82057 28571 76496 23251 5341 7068 55602 48281 4418 17550 7385 61447 26720 56793 94973
43909 3854 24993 38519 12697 24390 79098 66024 14313 90088 57680 43851 59941 53839 64807 88884 62844 21825 40590 56336 65674 37131 91229 48873 33284 4318 43183 85300 19337 96956 68667 31142 86560 23934 86979 35016 61403 34421 23144 16581 69336 23255 76277 54958 18822 91672 75969 74641 78941 71411 87567 92335 38627 81931 1930 94581 61875 11569 58511 60794 45845 88901 64023 51865 63337 99959 10145 97891 97397 78705 40238 38873 24444 84730 16344 66601 20899 77762 40178 48019 53595 63093 46537 68441 50870 55876 35974 18924 53482 29333 31301 77399 69649 2268 48469 21535 34246 68315 81158 70637
37339 45632 86061 49467 13298 18385 75748 88046 27315 69285 12518 72589 27598 680 77774 65630 53664 3606 56462 9051 41413 2349 23292 31782 86771 65395 9094 7934 8453 61449 63849 95199 57975 98996 88534 73215 19071 68518 65325 66877 42478 39664 81658 30029 4581 32293 3293 71015 23897 49422 59499 17425 10769 66887 40808 26996 94705 40950 14781 44632 55207 16261 15567 25694 36210 66915 77070 16622 10138 2129 61983 58989 34199 98065 51701 54342 27187 81320 41409 29554 80133 53582 58541 32445 39872 91357 43307 95704 61138 68830 3659 10566 58005 5544 69573 36477 84653 85891 52926 14357
10834 13398 34412 41519 32562 92208 67752 33114 52399 28329 18276 67843 36602 88535 43402 47647 41723 59364 712 39520 97642 44452 92197 30199 19092 13926 29748 14431 35248 46078 11967 44639 85737 30128 90714 57221 71483 1717 49931 64174 15272 79698 41625 94390 82355 53393 52649 55787 27117 11634 56827 95920 45023 93515 57115 38541 93275 85414 7884 71268 40152 69061 96761 39646 1812 63747 26690 24276 15874 95042 36512 48785 93158 68049 15781 29963 21374 59599 80066 65386 81491 27748 83356 47856 94331 42595 2908 16083 55898 79283 30467 53720 23542 8086 62809 34292 34054 36677 6919 70488
83605 71129 75617 75759 18955 91537 95582 61881 69268 39169 39866 51621 51461 10095 41403 34121 12011 73646 43218 50549 64290 72384 87269 25745 52993 64474 23455 95841 22686 52178 75053 87960 24861 1372 60200 37084 71955 70795 11245 39928 28740 14914 88016 61703 75105 61042 90979 31266 46443 40418 59950 1803 82533 76318 55148 22078 1790 65567 23294 27099 91337 79946 36380 60374 80009 74140 71897 89463 36776 61195 14883 75932 93194 48481 83415 15043 70406 37388 2935 22725 56642 93945 68009 67598 59420 57088 79503 16763 56151 29962 79282 46154 493 16495 71496 45958 74599 87300 45251 80882
