100 100 124510
44671 714 50656 37147 81483 27198 5852 97399 94706 68279 3600 22966 14496 88184 54853 15628 95804 30838 15681 61427 68006 80183 14663 40982 34554 2880 93491 66645 61330 36801 44703 47095 28737 61439 5911 27087 63328 63145 99114 15663 77488 1134 19591 94944 48610 41097 13857 68048 6190 78316 93310 60094 97348 86879 91685 42308 45599 90053 81655 39451 51944 86409 52515 55253 86454 8720 84306 23513 24314 51320 94799 19303 61322 68253 28094 82228 15404 77800 2734 82619 80445 61588 87249 35159 96718 75536 21784 10965 42522 62825 17557 91866 53931 2677 48816 77226 45553 95389 51077 28950
33653 20855 15587 12997 960 23288 2835 63288 64274 98437 69964 30697 81643 3323 11254 16982 53897 27363 49484 31982 62251 49669 56328 47638 29556 69015 74387 78620 10243 33880 51137 38944 1762 25299 42588 88538 68258 14016 73663 48200 16814 54177 42422 51210 16558 89613 4099 55867 38421 90122 2166 37381 44804 11930 17533 91872 18485 60075 62935 16815 70542 24899 33969 13527 73801 13039 59604 14224 32336 15242 86173 66526 36118 36730 60963 44693 10056 84121 75064 23276 14876 40839 83433 13708 5526 45615 74996 60582 63029 93992 27715 12788 66528 70467 68973 12566 55993 77286 76121 8452
6513 18436 20311 60235 96914 48442 97650 78296 23187 68639 19841 31136 16773 13341 30406 48141 13791 61641 12716 30668 13753 69408 20014 71867 68881 91411 80403 57636 22121 96639 67472 87012 69376 63372 59519 64929 25405 50993 28135 74176 20725 36330 42694 46410 74279 31129 23938 26820 50672 91793 37395 3181 72451 92887 24025 3895 12817 88692 96375 59608 20865 47620 2027 30887 5144 76196 44572 5262 14720 68756 69422 72779 39787 77449 56010 24504 95626 10026 96166 22488 92727 89622 66177 1063 9413 8928 54643 24402 52786 93934 43609 39344 52477 74571 22889 60983 3910 71823 74025 99817
38391 5869 38510 72313 62482 67307 86065 56192 69329 5220 81125 39158 75805 46251 44493 9925 31319 38245 87922 80583 6657 55945 6423 31435 81365 77309 4266 55442 39397 61851 17489 34682 88579 65886 62909 26173 78345 78748 40288 62365 28543 97779 26168 73065 95997 80639 53061 82022 35177 3223 4034 82925 23570 98186 34994 17637 97089 94890 66066 51195 43101 81687 44540 15407 40985 17870 68129 91710 77952 66663 42824 52246 45190 13240 19841 105 3578 99765 15261 62725 50665 69225 87041 7915 84825 61015 88742 63246 94137 70269 49700 35789 27295 6158 46743 35298 78379 2464 15280 33794
86301 84833 21043 80173 86822 91819 447 65439 79613 57222 19158 38416 64432 93104 78075 3863 83753 61627 92076 40020 24349 71578 82485 85280 81848 80314 46241 52475 23857 56249 50917 79544 18538 55453 84300 72417 90225 6865 60267 45687 95827 27910 64278 7664 81883 93495 77153 6179 76005 96789 40619 83336 20409 5967 17146 75202 28501 43659 83073 24178 5635 41509 37013 80947 22006 79651 1894 35268 4277 48937 93733 25790 78311 73897 16510 80588 1573 36283 65772 38505 94653 53823 98066 14734 80029 72508 43892 31348 32313 5262 41310 74851 13632 28879 2581 55382 32609 15525 76840 74021
32252 9858 62595 89762 24869 61956 18605 18318 99755 60123 86611 47528 91084 87342 23517 43446 25325 8323 13465 25361 9431 36025 36548 16409 57848 50507 52181 6742 42222 8166 8881 7237 78356 14275 35022 67761 80752 81126 35778 19319 95909 70425 54405 32628 84047 10764 79974 56565 75763 49967 30529 56791 64677 92503 57458 10648 47443 42646 33523 94707 72252 80130 8154 18290 23231 66024 94072 62345 97662 47284 53970 14116 35836 77219 3074 85677 24130 76459 56540 84471 4155 51329 35970 82433 40032 15683 86772 36278 46622 79630 33296 66640 95048 87633 90966 23493 79291 25561 71185 80436
83612 65085 53737 13299 22634 39396 74968 56115 70709 24007 64931 68714 66012 36075 41495 60509 36186 32424 22807 83291 32708 57225 46489 80519 70372 83282 61750 17422 84134 60249 74118 55930 28798 56383 69206 80119 9861 83331 97015 24560 48898 96082 22095 43999 57717 66690 34077 19777 83761 20722 89126 18892 22062 32406 14905 86374 28929 46524 53960 89133 26993 5430 75602 74837 1471 75473 94572 44524 31309 12502 95409 77115 29972 55609 94839 22567 16342 73440 93736 24556 41606 26691 86810 57039 63912 87102 95182 9717 19654 35878 14230 4944 71190 71583 36825 57739 1842 38472 82888 12933
96869 5555 75371 32326 75580 44722 32084 25094 9963 88441 19706 68203 93817 70472 54374 93406 64126 40245 74738 57670 72592 90489 45911 37708 13825 14563 25675 75170 81767 19230 70684 17981 62432 31923 19023 2257 79816 6704 4929 72251 91507 2009 93933 56819 18932 14040 42747 96809 40056 84134 55302 53744 73270 85751 54307 63538 80122 16979 2491 30740 34469 79932 67525 40191 48057 13729 67544 77253 9130 49210 448 54525 14062 37015 43906 48414 16714 92002 61672 18679 27267 93719 30988 70981 22489 80121 15889 35390 23615 80026 86607 69865 35876 71707 43418 41773 25483 7768 90401 23860
48234 39099 1166 24148 54785 6397 74035 23324 4291 3680 71432 86990 16352 74949 58148 36377 66606 3409 70849 13118 63948 29243 60716 62749 49458 11041 2586 53625 9184 17258 19232 22549 73315 46872 72623 8249 87605 37775 26571 38325 53397 74092 78247 30634 41138 60665 6619 64991 11357 20550 93677 83984 36509 56427 30111 82230 73184 8608 93258 68783 97044 6494 75272 65227 22278 96331 68236 56380 36214 69850 51739 24375 49450 1402 69652 77474 90970 65998 50023 74064 98799 44983 77491 15907 49863 37157 93650 99366 6512 14850 97938 45093 43356 43074 91439 36499 54830 29715 53558 75094
63646 78541 28264 24032 6410 68720 97455 76740 86906 76236 97618 4426 45147 8026 38885 29376 71290 31889 24402 12595 44952 40553 75535 46142 55833 29452 26657 17231 3556 2963 47441 15134 45296 55610 39250 67668 20752 3528 25392 15902 92669 16030 31558 10172 36854 95086 2964 79813 54658 83649 50230 46073 27868 44149 28637 12340 69610 32160 23550 6991 60819 59431 76751 11593 93790 19425 90656 61741 57766 62625 83268 711 64091 87783 68955 48875 23216 27092 7788 36270 99423 74432 61887 23188 1010 77974 33660 99935 64082 91146 21587 82059 33845 65525 69294 51535 28192 59631 81796 91928
47256 17397 77755 97621 60735 5609 21559 80561 80572 63760 47578 37486 16774 82205 87697 79816 88028 72223 54366 64570 94646 26337 51559 51524 92444 53887 16715 11852 39589 19167 72777 37633 92611 64181 29156 27285 39943 97997 74377 80721 97241 87984 92340 96761 63504 42688 56096 29777 3540 54804 88960 25479 65465 71758 48190 5562 36201 51169 6415 19605 50344 34274 84561 79740 67339 81237 1667 93452 75374 33291 11141 66434 39205 58781 30406 92611 77450 56909 23843 81542 39102 32470 38543 62008 91983 99968 95528 20262 5576 36835 69160 56070 6381 90379 60470 13344 21862 21968 55007 50955
331 91740 7751 86906 43625 57020 77965 69869 57503 36433 82381 37439 7972 32982 98615 11280 4077 93368 12073 80916 21121 90692 98666 95847 84367 6905 76925 45551 5795 82430 16243 8015 5849 95602 26108 70536 33292 27987 64493 42612 84118 9488 15329 29701 49959 73670 38504 76158 39051 35465 98122 3952 58869 69948 27269 13693 38907 72373 60210 16592 16705 42308 2138 20486 98755 20282 82845 31154 248 48712 25123 50526 80753 65917 18910 10040 44234 57755 90626 89199 90710 16787 1888 72992 78714 76509 66959 45491 62732 36793 87782 33760 29099 77087 65863 51492 71297 67230 10570 24328
47156 17981 84459 92154 93160 41101 44521 92673 92680 59196 79911 86049 11029 91213 34423 63745 4721 17539 68939 37596 37077 63382 37973 23699 51052 91787 17594 69349 51208 52061 11117 88466 7553 36000 87613 51305 87166 63397 29343 28329 76528 75883 37539 87222 76726 57329 54428 84396 15532 20209 40833 9062 41032 64215 97653 24804 83348 74086 14943 35524 34740 22614 37243 99144 78342 99951 81342 97980 88982 51065 94833 15669 94777 96393 61135 55140 97988 68676 9540 66091 84976 79727 88373 82696 97279 33535 51409 37140 15387 11198 86255 51639 17422 68788 6734 13361 38729 31504 60211 33691
56941 18074 62441 93027 6260 77150 39088 23324 42331 36563 61427 76862 32220 79652 55619 67968 20468 25316 77847 31731 36122 24183 45938 19405 3450 99203 69760 2505 73828 91176 31172 46060 55368 67084 22658 38975 4663 64162 92843 17494 80794 44686 33704 23344 91484 4768 65377 40552 29950 86303 77820 45572 57411 48718 48233 24744 19586 42031 9600 55012 56549 27144 45618 26421 82394 90307 12216 18853 45113 12560 70673 47512 33045 13971 33078 20682 494 66838 78169 59713 90355 38239 68722 29475 19875 21634 58335 8787 37444 846 84836 39847 42456 61907 4680 32025 18807 27620 32775 71918
79041 7169 86752 49579 16792 41461 62147 83540 42748 63990 96286 84481 14772 8584 73402 19137 66732 85366 71892 36550 12976 53412 92016 39938 80203 4329 43211 28471 51466 88723 20910 74473 77772 74129 5952 40633 3493 58608 88844 55951 26376 98275 22512 69568 688 52031 11141 44167 28660 94876 37953 37742 19618 29752 74783 72752 35411 99770 98976 16227 36550 66847 74924 77730 75874 77547 67240 70242 58828 3553 49505 81836 95177 53274 13128 93433 8640 56886 64646 15353 74297 5349 53895 49863 98686 88682 61274 936 87970 77851 15579 38228 82358 51086 87784 33780 76521 50325 13475 62497
20787 7250 8888 35694 73883 37179 4779 20379 60318 70425 69444 77898 21606 87722 34979 78642 70702 45462 24860 91533 73364 92789 24610 37114 4500 49499 62767 61236 33666 60753 12795 56544 64741 86295 67827 79540 18177 42594 17386 62791 38251 23432 93480 62421 48870 41877 53128 21699 52944 18167 30845 23712 70544 1380 45557 56044 52156 76097 14307 92042 93408 81500 10297 85138 21657 80167 88037 52809 66775 93003 34275 86830 94875 42754 41168 7579 30227 37317 97703 14319 36403 77848 80352 22823 40513 27841 7557 73813 58019 80204 3635 93874 21333 37337 80826 2413 22001 18829 10797 30326
11770 38777 68987 29840 94440 37584 57717 56324 56555 95966 90377 8842 35878 59750 22648 60358 4579 74632 91289 94381 90601 91547 95284 16357 26370 82047 14673 33061 65946 76881 94377 8106 78145 34807 94850 19419 43869 56255 10849 73511 60007 87177 45196 15317 10885 31002 99043 72964 94659 56128 99393 39339 1336 91875 15593 19651 97886 75064 98290 92991 9797 7850 36683 66574 29902 43363 6704 62831 32422 20825 66885 32329 53158 97097 10151 67731 29920 74524 39058 96441 77840 12456 46141 76321 82430 36984 73659 23138 31045 478 53585 64388 39115 96316 12589 31468 96829 68723 72785 16738
79407 38580 19690 41570 96435 25464 49223 91327 35128 96459 478 46102 69689 29394 53300 39281 97190 24589 49315 76103 10420 71762 64069 39330 51925 15603 83484 64307 72670 77962 52302 4958 17149 77171 56905 97360 34679 24096 34612 33706 14163 54650 52684 12864 80600 88450 86274 24779 94429 6955 16255 98259 61854 31808 41160 78749 81025 43664 89720 36749 95324 18826 74245 72954 44233 31706 58436 86578 64322 82620 59849 54682 78733 23585 84139 68179 4220 28942 87482 74655 93538 35867 9528 86241 88532 10560 56464 63360 13202 18590 61242 34961 73762 95196 52587 75635 17712 33540 36028 21184
25370 40764 61267 26511 11838 797 33102 20163 94007 80440 88259 54673 22259 21934 25244 19690 25956 3752 27023 25759 44376 20432 79977 65157 6398 44187 73180 15968 91721 7123 93754 89307 91690 46894 81769 23794 43864 94187 31217 13924 28703 62624 38359 57937 57823 41412 76975 19713 87475 78940 4493 24154 64540 32238 6702 25619 83793 2693 55436 76237 38733 70403 4054 47168 60549 96749 70675 71908 10604 19386 7145 63719 57779 20387 51314 28080 36536 93800 39532 4703 79274 50236 16993 89394 89064 63247 555 92856 10812 12655 49009 40241 46146 17712 49373 91858 8329 21507 7132 83480
8021 97350 73517 25157 66201 14815 62100 2279 46946 65402 5094 49272 73184 996 87267 29897 97840 66437 16038 17161 1846 27898 13337 48422 45137 58560 94893 25087 12874 3388 56724 31639 72242 39618 38628 37529 71753 70051 98801 84971 66506 13373 26382 95403 82190 50491 68994 72808 83935 32666 66388 41791 90172 38503 96008 26618 7404 60302 94153 18144 87059 21374 84056 55551 6765 14706 15990 57719 17101 8845 12856 84545 84965 57061 26512 92894 75397 3068 56947 52933 49671 44427 88721 98969 54359 38599 18233 814 60787 89529 19793 2036 38386 7991 21597 88875 92560 16865 94360 88527
40333 41005 55253 95795 66682 89596 74879 65184 85335 1489 60858 11706 61494 1852 15198 30102 43615 11749 99873 58911 22752 69915 81184 86769 5770 89740 66392 40989 74961 47535 86547 87653 52037 48637 57173 79226 13517 32531 68484 9898 27941 59242 97188 27719 9957 22110 41584 7220 27161 2810 27185 748 39352 43245 5313 74583 98233 38342 12186 41801 23770 41684 27335 4863 71165 93011 16526 56019 81295 45223 91163 86004 99866 37412 16808 18554 28934 903 20893 28990 88412 14129 908 89057 62738 16357 86817 59988 40174 7228 33463 19762 38132 35093 40873 63262 21259 20930 68833 68250
78229 14839 61718 15199 92772 85753 57239 67011 31271 79611 2245 31392 46842 50088 83036 78979 35188 64188 83071 62958 47965 97905 25168 46237 41944 88978 71178 79879 16213 82208 20832 99053 21431 36026 77209 19183 35005 63029 48445 75330 93067 399 2004 37420 14552 15730 32342 55469 48642 36372 93473 12973 62129 34847 93598 66653 91942 77003 37478 58037 30655 99479 5086 30435 12110 60993 5134 79685 36861 10244 49068 87965 34616 29671 62494 51684 2554 98333 36283 26923 63117 51958 89187 74604 80508 36114 94574 95883 33113 91086 16871 37529 60235 24458 9128 83648 9828 29020 72834 48492
47323 90171 4381 53671 99212 90569 16912 68756 33166 73537 23892 97853 72106 36262 48878 9346 30305 56490 38925 77982 8302 42819 15605 38144 83416 61469 86185 23453 27090 64400 70410 65175 48116 69540 84532 15181 21789 56931 98007 74580 49449 11874 54387 8260 64353 82488 82682 44239 52527 81859 43061 54260 39662 77198 52538 85795 12273 98567 73783 36815 90967 4839 75319 78429 68318 55340 50067 54141 21598 50034 79051 62416 57657 85436 82215 58494 74135 65683 86396 16977 77414 98961 34448 10578 7294 26423 42759 40238 77408 82333 31223 47420 19761 33926 12709 32525 13378 57567 60635 60479
26076 25317 92702 2792 36365 16104 58429 16025 4091 62791 70789 77567 68785 8124 57216 49228 31978 46278 41444 71623 77684 41847 57381 27464 80485 47729 82390 7785 96289 23790 89598 94542 7056 75318 95161 14311 39478 68268 3367 76965 9414 87212 48798 25281 92421 80450 79248 10849 10651 58857 77705 97258 47254 32777 86989 95481 82447 34594 24646 55112 66128 81142 99114 16472 31159 14679 18928 48435 10997 10352 27815 59740 42764 4899 94830 28997 36334 50924 12253 1992 75189 47056 37201 78737 71496 45189 1190 16488 28869 82971 35999 74434 26759 50682 15077 36071 24270 28768 35827 92770
52943 34908 86656 46860 74602 18312 53252 12872 49060 52989 16651 82726 97469 73216 13817 72640 33142 9530 45013 21913 85045 61886 44366 58205 8277 24307 10421 37937 84967 94822 4907 79857 91090 19859 374 74641 59824 70575 76829 57287 51806 50078 4141 93179 71414 79979 83043 55472 5512 14492 37783 42881 90226 19762 24345 13375 25223 64052 13024 21087 61996 38441 37249 1949 69297 90136 68722 80851 49576 3138 51733 21999 62669 25591 67735 41807 17996 93518 16570 951 81260 69991 64731 26175 437 9366 80261 28939 91190 92181 59193 3445 18420 6253 81806 55579 58731 55885 81151 10633
8188 10409 59925 9310 36158 2083 40679 65397 65143 75564 17688 16085 11339 7364 99077 9205 79245 31364 83218 53789 137 56426 96444 81914 72492 58192 30796 16217 15604 68492 73571 48985 59457 46279 21971 74680 71935 8276 57485 87934 97328 70627 87783 82803 61440 6627 239 65413 52927 97113 11657 10213 4362 15383 9608 15374 97163 50422 15556 94942 52882 12823 63665 40869 6313 60631 83002 53142 43147 91692 97994 19126 49762 44896 45840 60940 97523 12387 19118 80607 24760 64352 65472 87840 86290 76318 60373 67369 42505 15063 28331 92233 11671 98922 88655 93199 12650 61614 57807 7946
98635 19126 96256 31002 57152 97056 84417 48971 18817 11166 71061 95165 61576 46716 79101 31333 86807 65733 34659 9757 8875 28265 24917 60668 58933 74864 36701 73787 19284 4735 76765 6516 49644 7958 80553 18410 52398 90474 53536 13326 60479 94424 74870 53424 67218 40629 57362 91465 25148 48262 35097 90520 55304 34086 65292 14269 86020 20338 58694 63983 42768 42855 95545 67150 66290 6278 27506 85109 47721 65210 49857 47154 92750 18951 27078 49789 5853 61049 52105 41787 96910 81231 61208 45730 55260 41633 16306 65401 1143 15077 90621 61229 83614 64407 426 60821 52186 35657 95083 92739
85982 84860 34483 60128 51196 79471 18426 67054 27056 18292 69269 46752 29854 50510 9230 62506 8349 88261 10702 30399 87185 90398 24412 12407 57983 30848 49584 47789 90302 45791 24915 18329 33002 99976 84068 38236 62017 78959 83765 56921 48248 17607 77913 52053 19725 4065 44945 38135 61958 77558 13243 32131 97076 16183 53037 20711 7683 74191 13974 5178 56072 76472 69757 64314 74372 25131 25210 76851 51655 75409 87562 82092 23247 47622 72146 64760 32486 59024 72182 18988 33805 92701 66118 99720 54763 3227 1687 10859 64018 79827 94272 75111 66050 27552 2787 71639 62188 31677 57852 98506
31813 84653 10722 30029 25563 22041 70818 30371 59153 94360 86308 49030 153 84091 42760 23070 71327 46041 78345 46248 92252 36072 85606 72436 19121 84316 49884 71205 9778 23326 86526 90259 75466 9596 61478 84794 38215 67841 30472 35845 57856 93139 42671 22451 42007 24365 61261 87453 98542 60696 61179 45306 19452 52543 29723 84385 5024 3843 35138 88979 67587 59225 71001 6736 1447 67924 21275 65420 93018 74381 10264 78825 5462 8055 47615 42749 80422 39564 27324 85260 77205 62083 72963 42664 83541 86088 76232 35365 27076 2207 83262 88017 2297 86729 93134 85971 81913 12701 38014 49843
18566 17534 70742 23160 30753 51486 54788 31316 55865 29702 89508 45766 75769 31463 93751 50348 5557 53885 70789 28748 85053 46021 1860 39030 6488 5654 86691 36915 51473 16020 78789 5044 55175 47030 51603 63263 64727 37318 90364 7356 39706 94458 3799 96191 67756 60175 11780 82478 98739 92073 79708 61646 6465 5763 42637 34569 28418 69251 7540 50411 96037 69705 13771 89821 3810 25910 69532 83028 23228 74056 66209 70498 31250 13757 14046 69061 19932 57827 37697 12003 9714 21730 21343 24529 71448 24801 53084 37776 37244 18244 22886 19899 5399 82194 29231 71316 98897 49942 40871 3333
16877 31112 86678 4209 1151 29494 80687 15914 63780 70595 14320 52724 51952 79342 31349 58241 592 50836 88701 63274 73896 1692 22253 10700 61159 60129 89577 4228 62533 21657 63966 65287 53209 69431 92034 88066 23730 74131 92289 88425 22307 92399 73512 23164 52723 46118 78492 17813 19889 96742 19943 923 67251 77796 75316 40397 29925 67656 61020 96716 3241 374 38296 50495 7757 33460 26299 62321 30382 77451 84649 83879 88624 24056 70410 29466 9361 70402 30904 98437 58705 31259 34164 53898 8758 71465 43125 63464 46412 84472 56493 28351 27396 36890 518 70726 67321 70967 92881 49765
30727 1957 37505 47714 5336 98031 54661 17536 32368 14393 44513 54182 74319 92183 30682 66065 28576 40933 68776 74157 59847 28720 10365 48672 97140 5683 42227 29449 24542 65106 67881 83759 96235 76030 50797 22611 17604 42188 31318 76396 29979 81284 4964 56609 45291 51385 8973 78610 5005 82091 13729 80796 63340 3572 60347 17592 51112 92205 44887 60974 96249 46470 12028 40749 65970 61190 6192 58543 14501 67651 87434 71903 10778 25776 78535 21676 24630 69858 65225 35950 20174 27724 59083 90755 20823 18708 9183 31398 47921 10856 68408 3422 82869 48970 38566 12467 11760 83989 20601 90444
894 61233 50979 22687 37189 355 77315 71184 56085 55987 58418 96904 11657 23014 46847 55375 83625 42966 98888 48390 62831 40868 84685 17610 47106 33452 32720 56248 17899 77857 2954 99674 79147 65870 13236 49159 44850 43758 39497 67443 88697 68801 7152 40921 73293 92398 76361 91061 68356 68035 62123 89700 10115 37530 70969 21292 44440 95461 52194 38357 65231 83300 15414 42859 27759 5358 84525 43185 82645 85166 85448 7620 58324 6001 48884 35198 61506 16470 87559 7963 68269 49811 94166 68178 3324 60536 21323 15953 57880 53220 13802 38678 60106 96302 16137 54134 99228 20673 42351 44375
11112 24474 50452 2979 9949 69440 3327 21211 91109 58570 34262 13336 21353 80280 88182 80148 74587 4679 84954 73098 30250 76063 82532 51954 71721 6236 99494 63907 52160 72659 37417 61524 23858 37218 19032 2605 96226 85700 91459 25525 48279 24514 57873 21737 9551 70995 38204 72841 7284 42204 65697 80322 99346 26301 3188 58561 51717 48847 92619 83034 63564 29820 45776 57220 89456 3938 36159 63011 68950 30691 44382 87298 98792 18552 11821 3354 35990 94351 48033 50428 80615 61659 54668 28662 53258 3670 53596 74537 17930 98456 83905 80834 25045 55001 56296 43766 62558 1781 50453 93983
27364 70600 6918 4979 49276 87649 22424 31220 11008 69812 3124 5216 46727 62539 89129 97775 37067 41501 85883 27738 39109 22073 77994 58759 13670 23242 25473 28387 34231 22137 27074 98809 32332 56378 8395 4583 11325 56909 79023 87842 11615 11520 71028 43468 71964 59431 11479 49396 27498 79073 89048 78879 11146 23845 99081 97790 34107 21884 30978 54176 70416 54358 38538 58750 9498 88404 82576 90592 38601 54635 61418 37420 11019 79558 16871 67720 47940 55268 71151 91995 83679 18672 67483 50377 83186 66859 1792 90218 50802 95726 61602 36069 75560 49859 39181 23564 91083 89082 55101 66753
32207 83999 76373 6980 16066 4497 10090 73715 93413 83047 18278 42285 60311 3867 12102 49173 15969 85219 392 88130 8391 43362 49829 16818 81399 77046 79720 78275 15737 90961 72355 1471 65662 87316 8349 11181 31827 62994 71605 15569 70347 20099 44333 70638 95907 14746 32223 22786 21352 38090 15732 72182 32577 50388 27829 68285 65296 37915 57877 53786 10655 59953 73626 57450 19615 86014 4631 54159 76664 59533 99668 43261 62298 24877 15116 79312 22452 3090 45320 49597 18311 79580 48227 76434 71682 2456 74303 56204 52014 43517 11406 47763 59695 44146 37940 12321 54439 30576 12249 68896
66970 78372 11159 62918 59131 35296 69171 14747 93897 77314 47886 33162 14137 68720 88260 57370 52915 60085 39441 56195 46138 48292 64713 42624 41267 58560 20340 66228 94224 2052 87838 81618 54509 41531 63331 89742 32727 26825 50230 22874 63277 69712 58550 61295 17198 25196 7615 87167 12722 90627 73858 69445 95805 23297 33644 59293 17243 90136 13281 49270 75359 62342 9929 30189 43051 74947 37925 64445 26478 74248 88685 1943 90592 11761 92682 82061 29595 39635 28189 50223 26988 95463 68387 37040 76500 15401 25431 46566 16858 1178 98392 91148 33381 45036 30238 46379 62897 94134 7811 52711
18391 3804 40618 45460 91667 88169 77188 14653 11100 86378 27099 98461 67952 73721 18828 84880 74190 33932 73209 73914 35942 40763 5733 61605 14904 19637 14088 49234 81541 94282 51705 24640 14399 70941 22931 10551 61446 87957 97508 49688 99579 46097 99110 55060 83031 64731 43676 4268 18399 88441 11081 69772 97721 42971 78934 56177 76638 19130 61056 21800 79922 43908 26993 45205 58024 99464 1363 14143 93832 68511 97384 35199 51616 62001 21448 49513 36353 43567 22984 99708 29398 75699 59931 19918 52588 46876 65335 89312 58698 67610 10756 5128 69569 59514 81933 819 59244 12726 13842 6501
70000 92203 1070 98745 17733 58776 85145 45460 1754 55074 84810 69748 37436 31427 11136 70757 42644 79982 72805 93413 83834 49938 58664 9641 90703 11966 72763 53556 63767 46105 94145 80413 87822 93994 11149 82850 22745 84613 83520 98944 34207 47557 19057 39003 29363 22838 66115 99616 99269 48843 77875 88985 65243 15552 6442 62698 54481 98687 71766 98755 97800 99442 28219 8782 20901 60531 99148 75495 75234 20990 1789 59101 97621 20286 30432 25278 31160 9737 89517 85934 45925 34806 16283 26752 2912 69914 3571 61199 71933 67380 53304 59210 59830 66006 59089 34269 63488 64718 82489 94806
46806 44289 41904 33806 7809 283 55826 47586 79390 60972 23584 14786 50823 29041 19097 27975 41027 60590 92560 42114 85995 63714 35480 20650 37952 97853 9567 73337 30911 76636 93045 43629 96484 28959 983 68256 66149 51572 73101 6723 19146 11235 99901 48616 81396 2936 309 824 77810 91948 44554 99735 54600 33063 12632 76882 24646 25335 82884 78975 88064 20953 73661 75557 64267 7064 31426 89324 88949 12749 39306 21414 96338 31826 46654 89228 74311 12997 40212 23830 94310 28714 23147 91367 83238 25846 26472 67745 60237 7533 5462 7650 75418 59022 10638 79049 78742 15975 78798 32824
7222 57929 57372 96645 34904 41350 70220 29728 26665 16112 34171 3039 35901 1014 34559 30561 30767 99447 36712 29199 38938 78622 11802 14377 95423 61708 20654 53803 26365 72262 65337 78599 60291 25381 31578 3866 65002 61459 33020 35509 62284 42569 78434 98304 54339 20267 78136 55882 78234 70477 4639 74377 54867 37486 40815 8317 26242 95455 8408 82300 24244 73310 28202 12789 13542 70449 42331 51679 75555 64464 90472 47814 63877 93247 3105 48294 25596 38281 24453 78173 41173 34069 34761 84562 1372 23843 90203 66655 29316 57242 48390 92602 69854 73998 21252 24648 46157 67783 38984 23736
77646 11093 24758 52276 72224 77909 76299 89339 68452 47471 45820 61457 52180 53916 89884 93917 95429 44556 8059 36179 9544 4050 42510 39353 73434 29331 4040 6583 28672 71378 65273 63497 14500 80754 58064 56044 18906 33521 23802 14947 23980 14115 80973 329 3883 30325 97500 32283 78746 67202 78487 18377 92748 63668 90145 83134 24156 30661 79957 17065 8667 88083 24031 64610 80414 49026 81258 57326 35288 37329 71297 94344 99251 90910 11822 23528 12677 41496 56180 88849 41849 61073 63788 43922 17420 1944 43437 18599 47057 50397 96234 72896 35904 70604 73059 95931 38831 87283 16025 61925
62180 28334 58046 12357 3915 85647 53190 29797 87435 77102 46883 51173 21344 85922 62116 54498 62610 10588 24589 24148 89400 30977 16554 5107 66575 12517 93912 1036 49059 94885 1421 30991 23309 39079 56359 92511 51591 58851 85780 72837 34285 93709 43457 59482 31707 55744 61970 20086 59762 86334 66205 58998 7336 45405 67908 45264 31439 97506 12797 8518 41410 75350 32842 43796 33354 92819 44224 27418 25422 68304 60737 94994 78003 12805 20399 665 14110 38703 86365 34855 61713 8868 15012 34519 95392 77551 52334 22146 94415 31108 93422 33179 85521 44106 30362 27688 1056 53704 87500 70772
14339 71190 85882 32203 6658 77279 43001 21953 99448 34405 24198 16533 98048 60852 11500 99345 20266 75875 73126 60749 63566 6117 27984 66833 38243 9195 70191 47396 38772 93260 77190 67782 9385 84448 77729 14016 28386 43687 86475 27614 45581 94081 26804 33197 94338 37948 55583 84453 48956 25467 24941 61723 39965 85139 13681 68526 77548 81948 176 64028 12352 70111 25018 75072 23719 94194 1865 69973 92358 78003 41743 35666 18182 81263 47181 32049 82427 74288 82462 42681 26113 72984 97734 19088 8098 4501 64562 29007 77679 42178 47700 84017 27787 11680 56847 63471 21844 41855 74280 98004
19612 47770 24407 16465 63572 46384 86191 91530 34948 70057 28858 787 45600 77763 74665 23387 2499 32523 10929 7548 39339 16803 94011 59854 35701 39361 62873 66373 84180 74753 85689 15371 25602 45202 65255 71041 22278 23393 80936 747 32417 72795 6336 17427 16548 62725 9242 32187 7877 8787 12068 13855 30041 14975 79889 41103 60807 90454 70950 100000 70151 22397 73680 46461 52524 45084 22066 46364 31294 94306 92517 93390 20321 7082 26010 94555 99173 44442 5423 75107 53165 94544 16736 37651 56354 66746 89881 55442 74305 77346 38148 72875 62402 49755 76695 39962 98609 33458 43747 12031
39757 40629 68936 89818 55003 45814 6999 98189 27829 9442 6713 47482 8982 19753 63984 6313 77565 17447 77709 98925 74004 33585 79613 5772 88612 15320 5943 41134 43413 38822 78357 78780 62315 29757 96811 31548 95693 9093 41735 64236 52520 25649 1813 77154 16639 29474 6026 45327 82189 9290 62485 23249 36919 31109 1195 31109 52104 18291 4692 63556 2322 44097 71107 41036 5936 60757 46052 92649 93097 53161 78132 45259 49715 2980 63978 68242 15632 46912 88712 9366 42539 83182 41481 1672 50208 88805 84843 25567 69259 2386 71944 24683 91708 88358 82492 32671 4134 94206 50065 40938
53131 49593 28289 68564 52181 40897 68221 3611 14676 11764 11034 41783 72821 29819 22481 29116 52907 54516 92359 72683 70008 65905 1054 46791 62345 67475 8212 59633 61286 32047 34986 10025 99571 65103 68381 48295 93312 48640 42815 24092 72356 62317 83935 82851 58057 78661 516 3701 53966 23451 87094 25988 1490 25086 23845 21974 96405 35988 55083 79454 1422 96667 60900 47608 74262 80526 35629 10389 82584 82081 52092 80076 588 49015 74436 33464 75939 38651 86667 32607 25061 96446 44345 17942 47291 2445 19504 44818 48548 51662 63432 67600 38248 70642 6299 28505 63293 51332 95962 86252
11820 93227 72284 73607 41126 66713 40206 26280 76571 53565 44373 79793 5932 14382 55685 51755 57833 93844 11443 62408 28586 82590 10319 8141 41939 16327 54146 46075 34553 32763 18645 34592 65010 98044 13272 65143 64985 70585 27182 79209 45077 59717 49478 36117 63901 5661 4693 45024 92109 27627 3923 3163 78116 8344 64074 85941 68700 18552 33063 53873 18592 66479 95938 64399 63406 74957 49358 15731 55051 34352 39242 85183 10740 90881 62672 3416 25901 95704 38148 45170 8839 20840 38894 63236 20031 8258 35275 46099 43765 19280 36131 14073 7115 60612 75830 66735 29200 83222 97590 83256
77401 51846 43122 54988 27118 8749 48204 95375 47751 70177 20527 45276 51397 99944 11518 11574 43231 43024 54540 10112 23399 76395 99823 38964 79960 91913 29507 16679 59257 74322 54539 45581 73937 596 77762 57303 6963 16995 3810 83477 52021 91847 18650 74727 31761 37872 90669 95132 98935 45607 33197 85216 7528 16879 70944 94158 83736 33813 75696 97675 12528 87086 85903 98374 53562 27771 6873 32523 88098 89581 21444 76566 10040 58857 95688 82110 83098 91677 379 43849 47105 32302 58286 23922 43773 20199 4564 83021 58484 77712 8544 43610 85127 95381 74784 41098 52792 30918 25448 30423
97085 5741 97351 85943 70785 76756 62940 44179 34175 84038 47346 62276 80086 63431 59622 14209 2723 14297 35130 72215 63239 11239 61384 78962 30068 9985 52372 43045 82561 97567 43176 13274 14667 34809 95336 64705 91715 92623 79599 46483 29574 82836 11425 60297 6227 63346 64804 13052 97155 67815 79914 5583 98012 89698 22678 12356 64880 11976 37140 19797 74660 2917 44718 35074 11165 9185 64626 34569 19334 32827 89650 27295 88649 94506 2017 67467 90078 88427 24902 29187 68608 96500 41291 64805 10562 41579 78615 55016 45002 27423 19622 57733 99883 87769 79078 9085 53625 68282 50686 16344
27705 16503 57972 36251 78327 59522 82110 16147 18993 18858 93017 33572 51236 96080 87116 95366 94887 44078 70414 98908 63772 3064 68832 28647 6479 6410 32940 35685 33157 73706 61191 36796 27224 4871 86480 69210 89247 46281 20542 25485 36840 74105 78700 60310 76766 31874 85261 60205 84037 46267 65916 76144 93864 56454 8658 93778 63484 41503 82206 87282 25737 26189 23410 63933 9166 65527 25253 60029 92911 57854 48153 76366 31569 20047 87025 4769 64467 96899 18466 18746 35136 40129 74919 45663 5831 84814 23121 18709 24298 88074 29419 59296 1328 1018 4946 78202 70872 336 53965 98074
89045 55802 30696 96659 18701 81325 72605 88530 76230 44255 62846 92106 70955 85799 24810 5781 83430 17159 22716 63189 70422 94515 12164 1932 28628 43347 68784 33347 93182 41119 34775 30083 69337 250 19642 5310 55781 31267 38242 42164 73891 33570 95715 34238 55414 87586 61141 7460 12739 98962 48085 82742 92801 36246 68624 48784 10135 26522 89604 64820 30030 7771 50561 64484 8878 3334 26941 49948 91524 97320 92259 41354 29490 52226 14672 44748 61056 93339 90817 32913 34204 85107 97540 33748 3681 75696 66461 83775 20352 68694 55787 581 14525 16745 68220 73214 20403 13233 76983 12720
91139 80019 28052 60796 85639 97064 72630 50672 1709 30372 4197 79830 20950 67620 85150 77869 4161 92447 15755 69706 23187 866 26407 54845 45694 98222 78686 45317 16985 36054 43949 58105 59699 60695 25392 86442 82277 89932 21254 17755 90263 8280 48596 36168 94007 72032 18064 12745 63642 8801 30724 36685 38018 86660 18093 62338 54797 92951 11893 66640 52235 7912 90579 5815 99026 48636 62008 95107 69984 4423 48841 80843 56192 49686 35150 16732 26917 5698 37581 48101 6263 51024 38398 54278 64863 41678 94757 64866 40426 16436 6397 61688 98109 23041 36434 78367 54259 32686 18928 68628
57959 71110 87987 81527 19843 89900 65250 9119 61793 77573 29220 70157 98596 18878 22768 20472 95577 2514 1415 72752 66030 61867 67178 13543 5924 50320 11682 27055 43289 3831 52348 65409 37165 40424 73482 81236 57737 21182 99307 76186 90311 30276 10847 97974 38198 35663 60473 957 27588 19677 85967 89676 69368 31352 81180 66635 89567 61829 40707 21609 94683 38600 61894 98740 73305 3892 53001 62698 22195 67474 33683 99821 58374 10285 78383 69851 1401 21321 86874 62662 78875 53175 28721 26886 71256 16729 17133 32820 86469 673 97195 14008 33465 56150 13409 48992 93860 53855 20178 228
34756 70593 45496 29026 31363 9500 272 61501 75030 38746 57225 74483 27974 92520 38299 42270 17869 44047 53105 6782 94802 99328 22014 45970 52722 26135 64693 9978 22889 3026 3140 6778 34819 48502 69453 24684 51252 39577 91667 874 65289 32380 16253 83521 23016 2603 67869 89540 81421 25373 54179 79551 81306 13684 40453 82943 11729 21330 7502 70465 49255 50830 12021 11532 7569 54315 30309 77821 88115 86803 55337 63337 53607 82901 57093 70194 83077 69241 10324 97228 19911 48985 55040 12931 9947 31165 38185 55042 19304 94690 44885 14141 96686 8631 44543 33807 44925 43188 62565 66904
14095 81815 67744 36336 68307 63892 93604 61763 65822 82153 40374 32271 64416 93704 2787 94476 12751 45066 25633 89261 40976 79981 77629 43437 19406 13782 69109 40757 33504 77009 14580 57451 16739 56345 61374 99970 21678 66267 30170 93435 43790 74765 2237 27831 9549 6944 633 47607 28644 38149 5376 62695 54043 71695 39838 50842 95065 12734 72574 63302 84752 10525 2539 61343 21596 34473 99067 98347 16308 69109 16206 3215 71530 86791 52461 41732 70332 66287 33800 98144 47206 68065 16167 87386 69894 38319 53345 29571 53702 51271 92425 28246 13779 8830 99508 80288 84126 54538 67025 3863
1135 38820 70517 79514 77565 49512 96692 59321 63585 1399 61456 99802 71095 15699 86757 57360 55740 59247 35662 82514 46656 43510 71296 21461 58486 93856 65302 14120 27320 70439 85076 66232 97798 60049 45757 62988 58845 82786 89606 40183 37326 63398 4640 51049 80472 12386 87388 22864 58220 50747 15474 90762 86928 27207 12253 11134 22026 36543 46991 40266 97693 25386 50704 53396 50010 59413 74464 62779 56665 96202 12641 68454 91653 72709 41808 31961 41055 7790 94610 94456 82956 58855 25758 48193 81265 61707 31682 14134 12360 26425 39837 78883 25971 9698 4379 87778 45932 46744 90728 82034
9595 44915 85454 83503 63785 12772 38815 27967 70776 46761 19123 60224 66062 92160 56335 64928 43467 85715 79387 6986 46541 69469 59256 99379 71624 69419 16482 74554 68347 9203 9678 51625 33268 99104 67148 26434 31983 2913 96820 41610 81752 96821 32135 18231 42334 99445 19579 96317 82588 56521 11536 81169 47366 88346 34194 11450 74583 14975 51427 35610 74066 88565 29708 33905 22328 47036 29462 15992 45521 36180 84599 70835 82105 28407 7905 46607 59053 9195 98405 29338 49310 45967 29402 88598 32247 24765 8128 61450 248 78436 47106 15234 41335 12498 3430 57301 71948 16215 68666 91329
18499 66645 74763 49274 86529 81209 45531 43698 42027 47032 76989 31057 24355 32941 15687 71409 32078 6439 12398 58693 89771 71953 54865 63520 38637 18143 31635 82947 8925 9191 46540 45692 81692 98047 42032 28833 89720 60385 89839 97124 96206 57591 46531 8301 5636 82297 57939 9050 55047 48107 78465 49084 1271 80964 58336 92292 97514 89126 71040 2779 75224 34629 51028 98353 23170 72720 25318 23197 28773 21022 83296 43597 60303 66691 72994 32856 10553 19484 48649 59698 48735 92331 70786 64739 37602 27774 99198 40706 23852 60247 21146 75943 36631 14726 95383 8250 12787 87452 92151 7203
75002 49949 83320 76826 35167 54681 4465 9595 78749 33281 25088 58101 74442 65147 39597 31964 34528 2148 40722 78194 90981 94763 95248 50254 96195 92923 99014 85391 37627 79811 36546 85269 7991 34140 35654 74333 80505 58512 88813 44971 44288 42398 14858 70501 95743 77304 49254 11735 74452 25358 97304 92220 60071 49674 2283 64909 17049 60138 10445 11704 99316 17410 84205 74936 17627 14618 71420 58144 46017 2794 16419 96495 81113 21346 27959 62594 35640 15298 37412 26427 39691 63474 2009 97582 42949 46000 2648 8414 95306 36500 87159 38394 92986 70946 92953 92861 52573 51309 90387 37666
19612 15519 16919 43929 21009 34877 7094 98041 6551 43341 92056 22049 77321 57233 52247 86095 89738 10015 12624 60056 82037 99462 61371 43952 69925 76838 73679 57140 12187 88509 34180 72848 52096 36839 9469 65386 90584 46028 36812 71396 5531 13644 89092 39250 16246 50768 9758 28692 8786 15040 27232 61638 48673 58467 51110 19399 80235 91911 4387 552 94350 52018 25031 41724 97914 57691 16412 61078 68109 72940 72585 63587 78928 62020 9141 97083 22509 36210 68824 82521 35580 79833 60523 86622 10007 46127 63007 20911 50047 53401 6468 62695 5287 23317 27142 42326 50253 47645 29442 1054
57852 50817 8225 81394 16577 40315 89133 9011 34691 28136 61181 38244 51191 94908 56133 84260 3180 78913 31213 11779 86011 11134 22545 28589 66186 50116 90881 67929 27825 75668 50292 10582 92178 90729 71068 46161 81619 67081 69604 56548 54181 73761 69190 11789 54146 41268 60575 96843 21459 63106 45447 84632 89114 16016 92336 92705 8561 74762 26585 68799 55291 31578 31903 45896 36106 90949 49762 95007 55878 57113 34158 59615 20276 41856 59406 97635 32564 40443 38711 55554 34785 58235 47005 81489 2461 72205 95801 75031 98465 3016 55958 31580 48277 63103 37338 75663 40844 13030 71059 40665
98263 47456 20433 11136 17828 19381 34964 97539 77206 473 6947 32660 61486 78408 30865 25800 66333 75414 64615 77277 87091 61439 55164 65897 26133 22203 96956 13241 47024 79788 2875 37359 90883 88513 26148 5040 95675 18177 98802 40091 44474 30621 40588 2788 11500 31485 93595 83345 20652 69233 77769 71230 36309 69720 40634 51300 61005 15838 85583 11855 26650 45778 56853 37888 31826 91977 53514 32199 28347 32455 16347 34879 75291 52432 14991 13537 99259 66242 96899 4596 92501 84243 56950 86881 85058 58720 19889 26009 56427 64528 87150 23185 85755 15753 29303 33631 52575 54837 82813 14923
98929 62136 66873 3950 32720 83465 84094 64985 21487 88101 29402 33807 30264 85660 98372 40028 3495 30881 11002 22235 18889 41279 49951 79755 81041 99920 38233 73355 53418 57669 44213 56787 25629 37605 95614 56901 36389 98581 62432 8915 66627 87246 36965 65846 40683 33321 15116 74914 73509 8264 97716 93355 38671 93411 30960 49868 53305 38409 13173 18584 49931 48941 60278 89596 51251 22799 36741 37718 22845 6049 93767 40891 45127 84775 69257 94504 81883 44346 492 1882 54853 56004 96330 24436 76765 85425 57488 41322 57038 26292 40566 64667 8207 19947 23718 36798 68174 13106 78549 84133
28997 41531 45540 69563 81204 68774 16521 90060 87679 74946 62158 94945 88139 43441 28385 51120 92633 96883 59672 41918 6565 23494 26764 91360 14339 88475 47985 37738 53813 5351 74731 9585 7929 18582 19894 22749 19111 58691 6737 15147 11733 94153 12114 30281 55390 1846 13291 52317 44382 84774 86811 89523 55923 14979 25790 44592 29120 38026 95157 38980 70501 25596 20692 76192 96803 89765 48165 41526 32734 60457 5201 86019 40793 99903 74737 38802 13946 2045 84903 51659 65639 35029 67007 51163 13971 17199 60658 56876 73067 57593 35575 65554 31373 94006 65942 18937 4015 29986 94442 61788
94087 88313 78492 73894 80262 67021 59932 8868 35095 28546 41962 65603 70258 22769 39073 19878 58182 39613 9711 9457 54067 86261 32750 55995 89145 37658 39440 49905 84960 8673 68447 41176 54361 76730 14114 44657 54181 49393 61412 46687 12635 65935 66679 55942 99954 38183 43872 79971 71277 5403 17655 38514 24996 65916 11552 15369 10682 80405 44476 20042 25708 3071 8477 83338 78946 85445 47653 99898 11986 64355 34271 40175 10698 66710 18967 29215 76978 56467 52349 1106 18002 51416 69749 58584 92936 26981 89784 89849 40390 4047 58339 27242 9371 70250 29316 92763 28115 36805 49986 11122
72454 75921 84324 15747 2832 54594 44968 21723 72920 8172 12460 48544 3866 20594 3946 62051 79467 65627 39454 79227 67380 88749 63272 96293 63471 12388 3593 24528 82187 68770 4177 59023 94189 52381 90293 89341 51129 61953 78400 40610 10569 98393 41978 77133 67372 97558 23236 9335 41730 36821 8721 17550 37065 13202 10165 67594 5347 45948 10916 58691 1566 96991 56867 62063 27492 51504 41182 87958 65360 76865 71921 63733 14652 94758 17746 98546 33084 86026 34058 39188 82424 79768 39511 21960 20883 91288 79465 13734 58538 53544 98067 63261 73723 28145 99868 67449 34224 27158 98515 60650
34294 66266 42550 98640 62879 12670 31195 72495 77164 52346 6555 39843 14234 76941 90853 45114 67898 89298 35446 98506 23513 73375 93107 68649 46582 87371 39675 76941 53589 93936 6940 85404 70723 15322 69054 4754 53566 93619 45345 51211 28346 51970 63113 87438 20221 61306 83645 92852 86471 91315 86546 19693 34051 99678 9226 22734 7390 31889 83555 38177 96588 92831 27245 64520 78958 99201 54583 18660 49860 39628 36812 53967 90434 372 9308 81121 4730 28650 74019 59561 4208 18169 69525 71035 29752 62605 93222 63434 68639 64684 22841 85206 16773 60843 39297 86328 93007 336 37572 58820
56995 45185 10913 62205 26106 60461 3210 77766 87828 94144 18458 49917 7415 99781 23948 88987 49213 79817 30194 91614 68553 42296 34758 36863 82622 34494 8392 79201 74744 81967 74006 75264 96802 35816 2990 50674 48067 5715 56595 39781 65128 71719 15600 67685 49083 96845 26568 11375 76200 4603 38740 40527 52041 33469 86037 8219 94281 11285 96900 23567 11115 73849 64358 99557 27120 58466 73818 15748 19482 13748 77528 48488 93370 81404 51297 94421 62766 11333 27777 33998 26570 92628 49354 22551 37885 22273 85888 27178 12634 28704 48617 16951 62861 49803 17137 3408 61891 79381 64789 14487
67867 8375 2448 11122 61057 15964 43057 62434 97287 57261 2284 6808 30352 21855 32601 71489 48628 8431 54249 22676 14894 20960 33959 45926 23589 89957 72182 22560 55121 89966 87646 84774 52746 4132 68612 85799 5109 41827 18913 82831 95068 33427 89075 17070 23522 89219 84541 99160 20498 76484 95019 5755 23044 4447 90987 33881 54067 36322 10618 88119 98403 78566 20417 28230 67205 24914 18746 84635 39081 38365 91012 38572 70033 10077 84613 53416 56384 60481 73932 10349 82180 54680 25392 27703 87814 58228 88797 76862 84261 28564 38995 40399 25419 77566 17203 5809 68684 36482 70352 87462
69118 55629 53037 71766 81933 19996 14195 21428 9456 48873 4550 92202 63423 33200 96788 95992 24625 74312 45868 92799 66807 63589 64874 2102 86891 89516 73561 88401 86373 76301 22546 23675 59548 68910 86303 4231 40588 98089 4369 75532 41812 58033 39158 34726 37214 39630 50012 87818 50282 84142 48847 99822 73145 41141 45061 24576 61024 29508 18502 31107 2720 18719 60487 45689 23328 75549 73383 23927 56978 62681 56476 52129 52231 95323 87194 53048 24376 13435 98567 13086 53155 79734 68989 98851 70314 94233 86340 35457 19705 3556 409 10214 99255 59831 59578 98354 52897 60378 4476 82321
20404 63933 57656 58641 49064 71858 94877 74877 63909 71831 75751 11299 63275 12131 12631 79524 73795 70958 84704 98501 74297 94012 3700 37958 1538 5965 85017 4783 55529 93227 92685 9085 13865 12205 88137 65336 8552 22962 29415 79790 29568 12791 71609 80439 4056 78852 16072 31010 15521 24630 18292 2075 24967 6743 47519 98019 41139 81078 75543 31688 46902 47210 44121 39839 57464 41792 1535 43960 21082 12370 70927 10893 84267 2958 51529 72815 14410 59344 76028 90024 28806 31238 50871 35086 3511 86145 8658 1718 1134 99760 65071 32541 30921 62283 80610 83565 22238 89999 98185 5101
51281 52275 95067 34941 83566 65105 30681 43775 39401 56641 97357 6844 30465 52866 79485 53494 75653 22753 10710 34076 19353 2246 911 114 11941 48182 38322 1827 94297 38341 70456 64277 52841 51773 5304 36445 77424 94061 25155 44951 63879 54044 54482 30671 38939 79060 97544 11505 52192 4782 99060 1116 95773 80024 2033 24746 25274 71600 16452 81228 3159 1668 94012 33349 65993 8982 66940 31247 8571 19263 45605 37789 50511 5548 85422 93903 35704 80819 43893 8769 58844 4764 56534 9380 21977 17150 80506 15887 24980 75158 55563 47073 94991 90140 40998 10649 74458 20984 44389 68190
12025 17039 16595 67712 92890 35129 76647 24127 58372 91101 46668 65566 1014 7449 8962 75966 16501 76507 63755 19521 88955 93468 46863 54018 6468 65420 41742 68528 12351 8268 58550 42590 99286 70633 78920 9672 56983 95739 77877 17414 51397 75185 44887 38676 22683 46204 89100 99516 18586 57812 62660 62399 96862 14647 97058 28809 81961 55686 64710 32837 9668 25406 45211 42110 53761 33176 43333 58933 48437 81164 92278 45924 61800 53687 99368 76140 70731 16085 3741 51690 54237 2686 92759 82339 36191 57689 57717 61540 61930 2326 89306 64735 44881 19703 25818 30963 46576 28022 6051 8585
65456 94446 30485 44295 53285 70384 65139 9085 92841 63548 76554 48035 97594 39339 27942 27557 24823 57637 70595 51545 15791 31716 34977 85536 39348 19530 90966 7702 65656 92097 30971 80483 52660 40182 52124 54914 71513 44250 26467 57116 84383 61089 80305 78357 29424 42288 92771 10609 19392 48395 45823 49208 28649 22209 72958 77131 71998 75470 19210 63120 82851 16564 16782 47528 11308 22577 84652 72092 27794 65309 3475 19627 41937 42571 24566 2544 85463 96497 67455 84180 57719 15256 65496 27699 31442 86151 45855 68533 72059 45597 6525 5010 58252 44835 40816 53903 64555 18272 49767 60809
77325 75913 48743 86314 23633 23227 40184 15174 64421 84194 2409 10632 40116 45270 83461 28433 61507 28031 30373 12525 69687 23682 42122 23073 7722 21201 67136 84771 11140 72196 20003 91618 22619 85015 9262 8391 36330 84103 74991 107 89184 43886 44788 50620 15018 93584 54419 51385 12872 20728 2638 16937 37681 84029 15339 59595 1013 64643 96816 62994 67473 13956 15487 82485 64383 84832 33337 33575 48237 17837 99763 82197 32951 93180 43752 55119 40134 81985 57518 1418 99714 55728 34522 10423 89921 94725 36863 77872 58192 43424 18116 94875 10656 46341 70649 47081 15857 30098 85030 76276
99753 21157 62495 33060 86458 40460 21346 53207 63657 61028 2016 22811 64310 94293 67190 23189 84557 93670 35423 4977 73069 71575 46407 29018 66808 13058 74181 27454 72378 32278 15519 89436 96584 85205 11371 11159 30006 19450 46352 95230 28414 66596 17372 42171 72933 69009 58988 54285 69963 33398 32701 20933 6237 93775 73133 3481 45772 33542 11014 70940 25008 44658 3961 60922 43282 79294 81234 49152 68564 18264 76724 45545 95975 33501 88738 35213 2604 65402 60085 66794 85654 6382 38661 57628 60136 59286 30036 77588 77699 12323 98169 65008 45324 57590 9387 75965 62112 45520 38205 33855
24599 42826 64709 84540 53940 22595 78231 82659 67009 31720 26121 35243 70697 76274 61334 11927 26578 10516 86413 46940 30514 47080 58505 85453 74632 65650 699 28380 27520 7026 36322 97873 29431 28576 91378 94856 4976 54538 79063 45900 27931 84651 36962 59009 40383 77342 26709 25845 6246 20485 91398 30314 77804 93887 50238 79117 51185 5727 13515 88478 62037 38607 11804 28488 70371 23939 88740 13052 78991 35123 37911 70214 64486 17225 79247 22562 92826 82789 41884 75677 14097 78502 61262 98030 147 66594 22265 77284 70279 48054 42786 48207 96424 646 46993 24683 15573 27717 80724 68593
4578 6608 70688 99342 94835 7591 75028 3400 37373 71449 39103 58957 78029 94332 53447 5361 10522 41674 75739 13556 33125 9900 13187 41089 73827 5882 28025 23073 83476 38085 38390 86051 3445 12230 46880 14000 98566 82341 81890 45996 47633 26240 28199 73925 66884 1634 94199 29733 16588 86945 49259 43018 93861 22721 99375 31831 80980 56890 59586 67414 70527 24447 30345 45913 95316 19466 86789 6519 15339 65129 56456 47792 39266 64746 31003 96468 95405 48389 34638 43909 80011 75783 62639 26204 59892 25695 20922 3561 60809 93548 37898 85309 38710 97773 55482 25950 56590 99475 29386 52884
95265 84625 37910 71700 64777 28139 48938 31459 13816 79659 79866 78342 87321 89672 13591 70862 26264 5954 5176 8161 52867 4182 91382 75875 31741 37912 56174 82059 507 90748 60918 47119 14245 82422 20748 1512 58435 49413 27848 15403 70296 18162 34577 79172 30904 23645 18472 38754 95047 73204 96363 62084 61140 6297 36830 90066 53964 83028 53810 72814 86522 28115 33408 85691 69538 36471 47726 71517 15359 60360 51338 50506 17904 45438 495 64063 84962 71096 64196 41083 42522 48364 74508 13473 48729 79021 79314 31532 70662 75999 67266 93728 84182 94719 98816 43596 43436 51115 61867 42423
22653 65280 87111 80560 52907 63717 35433 68573 888 7041 42100 45539 94238 91612 97822 64338 17181 79057 73735 10242 31568 31212 275 53941 24164 82424 60369 37501 76327 95553 23263 4775 15729 19244 60715 50560 21951 95208 52554 21330 77513 85335 22786 25031 99285 22418 27396 36557 92098 89199 56397 66641 47124 17256 44512 18896 59055 38924 80680 14623 8084 75193 74623 87217 65587 41629 40208 24057 5359 64739 64306 72701 95655 53336 15505 49704 40221 89691 95166 72420 94670 22984 52728 39581 55589 21325 73003 28654 19281 84924 13750 29521 83479 35045 87686 9237 91251 69688 28848 64760
42845 31072 76861 73805 36748 47044 38014 20851 12739 31148 41606 20233 13054 72114 77196 27453 12790 63145 1382 38535 85906 81926 384 12073 88591 86605 88051 12447 76517 32715 41568 1633 11970 68738 13241 12397 34356 98714 57798 47092 28726 25990 48467 46024 56490 76020 71347 22800 55961 65959 36842 42675 95935 59528 43192 91255 56561 62300 57365 39301 85542 61423 86769 31238 83217 40300 21214 32818 30192 26403 60864 7167 36351 44638 9567 40212 51939 24250 54441 13250 7679 53411 31061 60644 15653 66780 31647 88311 10317 41072 83356 18997 80009 60986 60953 16523 47112 57179 7514 64382
83415 12163 28943 24299 27319 70639 23830 25054 29176 77987 53206 58930 78943 61995 91075 67756 69671 52950 78622 55549 50607 74397 84949 73197 98208 57670 4632 46970 48587 28631 70174 29054 72264 12467 85708 50742 98102 1774 14504 93297 19462 38859 98974 92669 16735 64892 15513 40125 79775 94640 11366 96168 84546 36415 88428 36608 28648 72248 77179 2889 10917 92153 95335 37409 21351 28054 48428 73222 65285 16790 41084 83118 50892 88089 39209 19203 72921 44789 8825 8717 15688 18674 14304 27109 87874 39560 13088 71280 63258 95384 43579 57485 37180 92613 28136 69865 64603 64350 5261 32117
5237 38189 39496 98579 83959 58949 86375 6560 63990 63589 72582 42183 82632 1869 90315 26444 76506 61395 36224 26465 97334 40209 38828 69673 8053 36870 8433 58563 75688 98810 56003 29622 73035 37778 27925 56633 19698 49055 28995 6955 53771 32077 50813 1553 41856 89849 1420 97457 46646 20782 33433 61203 58272 98622 30483 72698 97383 76216 32956 26277 55448 85622 93614 50194 55231 6922 5987 17834 85673 21211 56373 77233 56785 40617 85648 46093 23078 86806 42956 5301 92179 25905 9654 58786 74668 30540 44827 55129 47441 37672 89636 5808 60284 2540 98406 53961 790 11802 49592 21979
1350 88691 86503 98494 44498 45865 25576 28130 76608 44636 74479 68510 56150 86776 5770 11183 64276 55644 10378 2161 58164 40057 30984 89050 78004 11818 32948 99856 87368 40969 29357 63778 46442 2365 62242 59220 43089 97393 15557 61493 10629 5089 12159 8138 1819 9640 66097 78892 79350 15743 86358 93522 45843 64721 52704 88145 96887 98475 81284 10735 10232 40905 37285 76482 5416 63718 60107 47657 34587 97353 20722 4128 68170 14983 47796 46932 2364 92254 76904 10919 31205 41172 45416 55819 20393 531 20209 71253 65531 73251 88256 29216 80199 15205 3564 94549 38106 1862 39585 85529
10436 62035 95717 41399 95495 79216 23653 45377 69591 39634 22176 55669 59733 81978 23131 67020 33331 40766 38847 39974 18616 71948 91152 7827 11067 22826 59650 7736 95007 35899 71533 49563 16406 24263 71544 15595 72156 59492 58999 69902 8970 73504 58246 17987 83379 11547 3070 56253 61076 63729 98089 43727 59560 5643 72540 57929 15476 69508 25756 20712 24660 39850 37715 5775 1868 4590 31975 49296 94848 94689 77756 67507 11351 32620 26683 29366 15554 61748 31857 44826 8228 27564 36475 33811 85998 85968 10082 94534 83564 21338 22169 23447 64007 77552 63497 95706 66585 22600 46379 31841
64335 18725 73802 79300 97689 94704 32245 83026 68853 9131 78258 78989 849 19393 39621 71815 19923 39220 51413 39647 54235 80357 33445 94022 82250 88158 28289 49018 72504 43207 67794 51862 46116 85848 50653 32989 54650 6755 7954 30861 82055 78113 67126 65543 7412 18258 56578 56472 31643 65456 26416 77098 24153 86282 528 66421 24899 41118 4470 55298 14984 85424 32880 12702 44116 26570 67276 67383 36323 6079 39679 56708 49721 71879 41279 7073 35992 93236 13352 1184 114 82008 79127 37340 33615 59865 23432 6716 95789 38607 12923 46070 18651 83291 30651 34890 15642 93368 88934 22096
62549 79653 22802 97692 53779 31161 77584 13185 86385 64046 5993 13592 71827 57229 49652 30094 79392 15870 91068 57038 4756 79867 98296 91625 5508 9865 84399 17243 79967 91077 11889 96968 82765 46532 34506 9879 90008 43015 91056 37942 84908 64561 27055 53542 82452 82589 19663 98759 61216 91283 3920 22706 49100 13601 80730 37707 88315 28154 53929 96762 75611 88997 47648 13744 82709 77207 71006 10413 11052 9827 68965 91944 61898 5687 90242 1127 87363 5762 33780 651 36975 30553 65570 85216 2440 31360 91580 13312 19208 13627 4078 26524 73446 71080 23133 17389 90192 77411 20546 79179
24535 42637 79924 43716 67180 73542 76827 27217 89215 94165 70883 25292 7761 35622 42665 90012 65860 833 11592 74287 40394 74692 8085 43104 52559 63161 36268 90961 50899 53976 81286 24540 24229 23432 26812 49912 38172 19487 38318 31679 75881 92123 49656 5496 41335 96980 91462 65213 58540 17306 38448 73680 82505 49267 79194 83750 17208 57261 54468 48162 11161 45858 76131 36093 13164 10545 6014 29689 71390 48578 52884 42233 72944 16137 25965 45814 46833 84904 5784 79742 47087 79856 21235 86597 64983 30803 53501 79982 10056 68300 58280 24451 83599 38198 3358 72169 53213 97561 33765 45829
190 66396 76236 97567 93528 12288 89852 56974 36851 1088 30867 77280 88543 79709 87077 38916 23954 12100 57733 96669 57688 52526 70253 75629 79942 79305 81859 44813 95708 23324 92520 13483 96653 68334 58706 7738 89461 10765 45087 8991 77386 30801 44250 99070 5902 5669 9162 80964 26492 71179 94104 91921 45224 33709 22364 42921 25614 70286 56971 65936 39210 23943 8375 39102 37120 94027 64008 35432 15207 52354 94667 43944 99864 74141 25671 24196 26421 71422 74996 7463 63081 19265 44529 16756 76981 34015 53490 38554 53175 19960 76756 64351 93877 95748 47405 33457 20273 90175 70022 36255
79773 69821 48174 83378 65047 62963 76900 4300 80101 31552 45144 32884 75619 19098 97239 59272 9229 83701 54325 12204 47894 83016 51394 70978 96694 90278 4935 61268 71783 34359 37096 30035 74663 11514 99897 13635 33991 31048 68618 2310 10398 96990 13190 51683 78009 68698 48893 4925 73208 12687 14949 9457 54502 81052 78678 45013 78078 54357 72904 65194 93210 11483 92537 51484 51689 23016 75605 84537 2155 12781 370 9396 11350 46040 66550 7825 84282 31695 31593 97737 26605 66569 47504 91162 75219 20901 16046 60290 67964 48537 68077 88250 11150 56559 73821 7013 48098 37717 27811 90524
28787 37589 50494 64873 9382 43382 55118 60360 94029 46147 34861 61100 62462 86340 31321 12576 19868 27353 51231 95484 33274 40911 60562 22328 61521 5775 13458 44560 45378 2029 29403 44834 71388 69433 5538 15486 37843 84321 51993 91506 49531 93687 92691 90356 83351 91217 89129 59099 44199 95107 71370 81157 3764 15924 90468 26640 91462 56546 99120 38148 97435 73652 79627 39894 23476 73475 87935 53138 83752 94461 11847 21578 87738 84829 92789 41610 28844 76084 83560 85204 12929 74407 99908 8346 87603 96666 96760 6238 99445 99385 89325 17156 31525 61425 18710 64577 69656 76902 85047 8877
88670 1686 27348 57841 46976 63460 21701 19848 20471 88259 689 33546 40990 71121 79115 7406 69389 728 86403 46720 54268 5562 49934 9671 3712 14871 70571 75459 86635 44106 53090 28924 30822 52914 56332 37740 97781 28026 30198 14707 46578 49476 14849 8851 817 72870 40127 32454 93211 20781 93998 88411 54254 8438 45697 29315 20697 22193 45696 27329 31482 27722 3037 66713 66698 53706 90760 81168 55683 24409 60674 518 76843 16547 20766 26861 47694 2412 51058 70173 95435 79111 16647 93818 95429 21167 67521 53061 89487 45211 80206 21910 98298 87004 53212 53184 56961 29653 22511 47409
17575 8216 78117 71918 72771 24770 95909 51913 21597 84541 98040 66248 29075 3717 57193 8780 43350 15261 99766 55423 64504 57122 74474 76339 89140 72455 58850 34928 81709 46710 89569 39828 2883 12336 75334 25021 26516 14681 13938 21391 12307 71224 85887 41866 94720 36061 82743 416 66388 78382 43716 87195 82748 89029 3541 57913 68118 63766 36718 71009 7206 30173 97480 47030 29258 96694 36363 67905 5587 51908 7459 38529 27435 31618 96947 92056 79283 37304 71715 26598 65860 57660 64515 79420 41759 19598 88601 56797 86994 56262 9011 17161 51592 50317 29036 45882 44109 57411 32950 45375
20916 93162 72701 42875 13064 53558 3591 32413 49807 11601 49975 29691 57121 4288 5798 20317 54472 47094 62069 28344 58392 44167 88864 53480 84755 97440 13435 66838 67001 59991 84618 828 9336 86498 90314 8968 92854 8982 47838 1666 79017 63506 14538 69127 75356 5935 44659 99049 1508 34865 10697 72128 81835 63814 92979 35451 86538 89594 57600 44246 69001 56380 2103 78531 37977 24573 94850 99384 78111 59440 58043 14407 25844 43583 25945 99959 98635 19138 34698 63384 58605 37988 25422 2685 46981 33189 30548 12680 46353 65558 13265 46225 11725 77641 36249 93031 29597 15858 42294 80441
39434 77257 68980 9865 90605 23645 1999 21120 94059 70217 42407 40293 83684 89135 37157 25065 73734 16373 70554 9250 58099 10722 60149 7792 20842 18490 31147 33640 20532 45109 74330 6899 60148 20030 80875 87355 43474 25313 88754 20539 69760 55514 1710 79605 47829 61888 38725 5168 80907 42017 70733 17366 46919 9973 50112 64086 57674 46108 83376 91155 50901 8634 23516 15834 83062 74221 91868 71092 46888 14427 80220 90339 7988 65007 92011 48185 40436 40434 30248 66135 65255 89146 15693 9309 49747 14130 88517 79200 397 41416 4537 12261 8133 17470 51576 24778 41714 22040 39538 64711
62024 27831 93909 13167 785 65049 18708 81668 13331 48411 62709 96159 47631 7974 6332 20960 96256 50902 77847 75175 78900 93285 31309 9490 90274 51372 67115 18538 96035 70167 1374 24725 69735 42982 72450 18128 20257 91304 64970 57277 90800 43566 10489 97725 15645 46681 86079 16500 60747 79799 27000 21806 33042 48330 86107 53716 36621 73248 81152 24201 68089 15771 77181 33310 96481 7955 60227 34607 69789 42090 17581 47279 61353 45138 7978 54247 64448 56329 69595 30010 82703 61725 47419 70661 19335 62180 20473 22593 64631 58908 47246 84447 22014 55900 96638 12117 53626 79198 90435 90333
36258 57990 19616 16817 91530 45568 89015 88801 63208 96471 86642 40878 40861 62773 87155 22742 18446 94301 61740 87495 87758 93864 41071 3698 16418 60998 38517 79733 87638 33801 60031 83388 86671 98123 12382 29205 24419 50421 15123 26598 48564 80778 55749 73570 33205 58683 99164 15667 24257 43399 64695 49223 96838 44252 43188 90914 32723 22368 10634 44275 51213 1578 54071 85183 80673 10356 36722 55740 46429 25025 6583 75699 87468 22815 69097 35721 58813 34830 52952 77064 91221 72594 98235 61318 80719 48418 70550 61961 66309 61296 30978 78870 2823 82321 81359 91051 40141 44352 62125 92160
71581 46369 22078 44458 23514 40490 69437 12854 47422 32314 53073 40216 35997 90080 54805 1707 27734 17406 46374 68943 26175 79023 36308 26883 60166 39823 48613 61549 96775 4037 41922 84945 64294 74150 17938 79659 89902 69125 85627 81579 79825 39167 8230 93675 22349 15546 24456 89199 39547 44282 26730 38489 36953 13386 79514 88470 50012 75068 77529 58122 12125 61373 39665 49167 32769 33190 91603 23952 65701 96127 38494 54349 20276 5671 98197 7282 98594 77679 9723 51883 54385 37363 84581 29084 12923 86475 77916 85705 7401 91245 41345 90147 41244 39143 14675 24525 50008 31436 54719 33674
76169 21313 76983 54876 53173 2067 25356 17794 86964 50103 35930 63025 74598 31348 84220 10785 85867 46688 47580 12932 67120 20021 20847 23484 43419 74694 87763 75980 21809 39684 39800 83214 23146 17783 3742 98343 35458 86980 13963 49725 1882 29390 35440 84042 58226 24526 69993 62851 81261 82174 89133 8801 63086 64459 25520 14125 91052 17157 8398 94268 69712 76022 82663 54642 15825 58976 47542 62921 93470 27852 38847 22627 140 55378 38534 43675 20750 92504 21043 13456 32186 17267 13333 35869 34445 82263 53436 46184 1091 90845 8761 19825 58743 9665 69189 78269 14786 46916 76263 76787
