10 100 124510
72272 67498 68635 92313 19623 97313 59795 93299 32485 4635 26956 63513 48194 438 24637 61519 72082 37035 17797 58726 88879 40997 8682 86795 43140 60504 38664 57583 22484 13757 30108 30500 4662 17182 57207 95945 8978 71642 42981 98734 1835 84783 82555 7612 80952 19030 5990 28050 75717 74375 67032 87865 73635 3856 97446 8738 24485 83136 6540 6878 31108 94579 8315 96345 28356 99802 92754 69911 77562 24888 45439 257 37441 19795 51280 53407 21208 78717 24976 5019 81715 49576 16454 29114 13706 39821 32498 29474 74943 67692 89700 80510 47577 21982 64459 83878 43317 93990 85124 57740
42517 14586 50418 82389 10892 94953 11473 40426 2655 721 29190 95695 29659 51239 72981 10091 27127 15942 44340 10641 80407 57788 11190 30429 15158 55630 3611 47637 43903 42734 6393 99768 61297 94719 5579 71543 36461 26237 84362 15747 4552 53733 75234 59790 81260 59197 29213 98975 62389 40276 38532 21521 1616 2165 55903 47100 64515 60031 11124 31512 12665 98834 34560 35165 72973 51173 67621 640 91420 30757 34599 84708 97326 79877 55744 8935 60464 86365 86259 23418 1139 30223 196 65182 50115 61004 38755 77365 6929 41032 35922 56473 69274 127 75058 82127 89153 36683 86728 64348
68774 80343 81065 52118 55202 18938 96716 40272 56071 35803 78107 29837 81724 25129 93939 74207 24581 45647 83829 78705 18371 7212 99110 35703 83293 1052 18879 45681 2052 16277 41667 19751 55704 90472 60848 54875 46339 28839 13187 57027 7724 63428 8555 49587 49905 68137 27513 22618 86530 64711 65752 73360 31077 32816 61688 72371 4581 133 48398 8124 88697 6425 83184 38163 56909 53274 84458 53860 81963 17089 61556 45711 71739 8163 54740 62559 21731 30709 27012 18066 46189 59903 40772 65938 32542 9547 84888 36342 64412 47735 39301 18729 88227 25171 1555 80580 72536 39453 14043 76969
83578 4263 83126 62659 97172 59571 47339 32141 13163 22669 52226 71500 15830 35938 89456 26317 36809 78689 23861 26173 57777 65351 34027 95584 64238 14630 42240 81290 39289 83420 68828 3798 2028 76841 36569 6538 92577 72847 78688 52061 62818 11023 88433 46621 87964 34678 95814 81019 31212 19961 71594 91340 4607 84762 74758 95041 61070 89792 64039 71709 71210 53881 20907 22650 23338 562 13623 29707 12844 6266 66982 47339 89979 56856 20612 10632 83381 56016 54239 95837 51698 96691 38157 42962 1747 53412 97879 57181 80201 41718 4224 73308 79619 45030 35056 92354 544 19824 14174 94339
86650 5292 64346 61488 41915 93145 60745 26725 68969 11961 403 29302 47665 6016 98333 77576 88773 5459 27225 54849 52468 28463 79263 14004 20121 34900 86438 6579 86805 582 99171 74742 83048 56724 58149 48682 70921 10936 71029 47882 37311 65447 63423 24867 84139 70791 6908 57940 62303 68664 98592 90425 65083 35400 13828 32116 12071 67054 33722 21635 47288 3998 74126 85049 55471 77298 45102 597 33512 63869 85535 411 34606 31675 36884 92021 81819 7586 73413 14069 78428 15332 56974 85579 3040 35532 1285 21843 62556 87674 46500 80792 59238 29817 75850 64038 58022 72516 11923 49350
99906 80838 58597 96002 33111 53616 21802 40501 6128 48780 65275 27612 15589 89117 4094 5809 29176 75160 95549 24680 79729 92684 46851 81166 40451 96701 4275 21247 52958 92877 79638 96877 28844 1189 97846 47982 5860 61790 24601 80203 97067 27910 62599 32193 58330 7733 51584 39652 85219 70179 55349 9266 82483 93061 98400 3052 94678 11544 29027 10001 17610 39043 64944 13999 56072 84637 34579 89915 9619 3462 7907 36399 81408 21587 42306 97051 3831 30014 64069 55016 30317 35200 76986 43955 36103 25205 55964 6738 26087 130 57192 91103 65116 57797 52084 22661 18440 76903 75729 87819
28335 2791 95565 38841 34071 86113 22901 57634 85916 6989 70086 17246 89270 93497 32641 3428 59176 61893 81142 84770 96445 792 49738 27588 83303 58909 89396 99972 86795 34933 4729 81381 27765 95704 83475 9005 1346 7570 60295 5628 26456 73224 33851 15164 52508 1607 41654 28166 88805 31107 20945 1515 91255 72791 2639 71466 35890 45756 18323 16812 1767 74672 27053 75784 54348 45051 89833 60561 91744 43632 39307 93775 44000 82962 96110 20926 11947 28688 55595 24308 51950 8732 69950 97214 80389 6627 34807 58404 76304 74664 3386 71006 92197 16802 18429 13927 90413 30602 69774 69926
86788 35204 21736 46228 96652 74357 94243 30507 91935 99475 36133 30175 60197 47786 17236 24236 47683 12068 24904 14684 82510 15139 12395 88232 23493 2880 96620 76741 91509 47970 74654 83326 33438 79114 2939 13916 2662 71007 96258 79694 45383 63168 3672 95679 23157 25835 78253 12959 11711 64697 17302 75303 13180 75807 97905 21376 14142 13865 92242 22148 15472 25867 26990 81570 22860 40708 50400 2597 68109 89875 84401 88675 22120 81867 40996 26959 67974 56256 2808 60866 87828 98614 12034 75009 39133 22594 40562 18239 73884 79375 35856 57107 19826 62923 77569 56343 9952 44049 38233 31355
16963 39287 36307 74032 48856 66727 41856 97842 89769 4481 35513 11368 44457 62622 39945 38452 71609 4028 10471 38465 48392 92833 88200 81860 62203 76539 85864 95747 78807 33927 12146 44942 69877 97404 39677 64538 65391 89552 14668 97245 28051 35466 76333 72715 63742 86345 50466 2851 90422 83327 70545 20091 57295 58035 69739 35514 46920 98500 46624 79315 81779 1970 77403 41855 91324 77876 91691 98138 84192 14945 75827 62423 80528 20012 94496 96579 12991 1980 16138 78125 91174 59111 27596 42678 23767 46387 3099 87111 21364 5047 54940 50820 94762 90340 56919 99376 70050 19188 42927 63418
70001 59517 40291 3892 79703 78752 10135 77962 40451 38598 36095 49013 4473 57356 80581 84561 55886 89484 67803 19516 43930 75892 11741 12479 90107 58706 44967 59859 99270 38750 95741 95524 34441 38241 58874 91457 8462 93954 51864 11394 582 68769 19910 36328 5074 65565 95080 5875 66798 43362 78361 91107 30606 14276 67296 75167 79397 55811 72190 82590 34060 47340 75142 58092 39004 48129 11463 90867 70798 36027 71482 60713 58796 24224 95608 98045 95450 13788 79417 91205 78963 87400 72984 16608 84383 4783 14531 75616 68825 99242 59232 10674 86541 26972 20847 65358 5870 67852 84502 56936
