99 100 124510
23834 56221 42294 6830 74398 90956 83029 9622 56007 3584 54726 81573 8452 24878 80202 24814 83490 71348 79636 77311 63828 333 50178 18135 8498 61438 62175 19587 3473 93798 32116 61271 79295 64751 51081 56290 63491 28005 36124 95470 63713 9519 67710 41479 14688 93251 83464 26280 14064 93820 97374 37446 53180 19403 91558 15114 31218 25522 15972 86433 80472 10450 2099 56895 11015 66982 58528 23106 63340 86534 82315 22958 96282 93490 90876 65432 5261 85535 8428 51796 88074 89432 18799 50674 79595 31735 98457 86572 57962 33295 48326 47315 4645 28522 96215 12619 99114 9544 85471 59968
38253 53943 86254 64345 71090 18411 63818 17727 91275 66739 53021 42073 12452 96211 47554 11656 13466 90997 36048 30121 79870 44805 86634 70637 49191 7735 91853 63339 58662 57517 33326 42106 17299 80100 3166 2898 28098 24713 85654 68718 99616 60038 75549 17244 97035 25532 77088 35977 31535 4735 21347 85119 10562 69704 86278 71958 25148 75963 62717 39293 80242 27915 1058 33024 19859 79529 42449 40546 29616 6252 25337 40147 2020 41671 20259 31441 20401 67850 39240 5920 36928 65155 44531 13246 31309 16356 70097 6328 83660 19740 41632 76205 29795 917 47679 31285 7791 16429 1660 93316
22369 78569 55971 48154 4418 5722 43167 81334 1278 81782 26752 5931 36979 31480 23829 136 61606 91941 76927 44084 37038 58871 44580 17235 22517 77269 61181 94717 70227 22756 87597 29409 44887 91822 998 44267 97310 66882 52679 50687 60079 97300 13413 57497 38203 83693 27380 90957 87385 52818 64185 60893 37931 26068 99585 40072 47886 48932 22978 90644 3084 6087 45295 57682 86125 47310 69013 52578 58651 72031 77050 78311 78964 90610 4239 52342 52548 53778 8363 1086 70287 56465 90454 95255 56988 72762 29804 66157 65480 18936 18926 91108 12052 1710 20942 77323 87872 31079 59968 8366
95584 21024 82916 15190 89695 98444 5873 82209 71855 26201 99797 70263 84352 81548 24815 4461 1704 14695 242 62820 55551 87929 16335 53258 32499 90537 73525 6519 99264 54889 35660 63020 23181 93092 21299 58292 94815 8841 3922 97945 67194 7443 98703 42432 81468 75010 6306 98089 87976 54289 26036 408 18031 74252 55098 8580 32144 25660 64675 38522 57956 97355 17513 74234 86642 47883 42623 40366 6388 88530 90313 54331 51476 23526 86902 64860 4252 10992 42316 66617 97553 69565 32787 34824 67025 5891 21257 17046 80082 14436 64243 39054 53195 75555 35191 49880 5571 89425 29723 5681
6093 13913 13720 32042 30750 51933 99398 82929 71026 71086 62214 75705 75884 20226 31673 72648 2898 67665 26505 60087 29270 51896 15776 88228 92453 70761 34884 37791 24298 2398 61750 69855 21776 70440 49063 82763 1120 24055 583 85662 32100 18804 3828 57457 95984 43706 10038 13129 30023 73104 10994 14800 34960 63007 43255 80194 37843 10036 59285 57039 77879 44423 32912 40471 54015 58795 30461 62865 83261 44378 23759 63296 22036 66698 28178 41079 5351 11262 76089 78659 14310 3079 4290 95512 42566 30430 30478 27585 92121 37838 79138 87924 77385 6639 45521 58155 30165 67031 52767 71706
39880 38256 64494 85841 68940 89066 37986 32479 30504 26031 61207 69834 58863 65336 62420 84107 94870 28597 16996 83565 85887 54854 59146 52338 97751 36868 8680 86180 63861 8640 10211 49886 48002 95205 72569 84701 92217 82551 69408 91559 83834 45823 23430 20857 14906 63682 24500 51560 66390 62468 61298 18380 80798 67808 1752 64774 86128 84905 42393 51667 11072 4776 2039 38481 76438 45462 81953 98196 80069 99229 91927 43810 56374 79077 46120 51267 86127 8890 92060 23126 87039 26603 99885 84176 85060 5557 71128 43136 33470 70299 5038 25883 63193 74413 18776 20347 12683 68414 37911 11714
5313 42459 38154 98929 18210 38232 59092 87310 59959 21963 69543 26871 77758 49655 2339 17627 9526 98963 8863 84189 56587 77765 86216 67808 82913 71673 68211 45887 86422 917 51357 14758 30190 25884 34788 7257 96428 78424 97701 69348 62279 90856 1742 71325 46963 97031 61590 8100 57955 55388 87571 28748 48435 94579 56989 87430 83562 44550 36896 44982 20901 14159 26460 51442 49889 57594 97785 95639 51949 51593 63151 87730 75952 17988 49645 41235 99741 37474 63458 52534 35999 48030 27429 76697 77150 98495 673 97231 46164 12528 79894 64417 91458 25691 68858 14145 37357 65208 29769 66083
70036 17346 62801 77895 5558 96822 27894 8446 53667 76038 99425 71849 78837 57024 595 92536 22525 20881 13134 4264 5763 75694 7339 3069 95418 19887 95959 25328 62479 29093 89640 838 6681 37910 55718 50600 41811 10585 50145 29831 83360 82638 1935 70577 59393 31893 23041 69715 47634 61022 83549 76990 30931 11606 41964 30810 59051 74597 93414 37678 1172 90032 36852 5560 47058 82998 59557 68766 74689 82320 78962 6377 36933 78624 88007 17164 84344 58161 50210 26262 9569 62661 42228 19397 3479 96144 25551 80335 51285 80484 62804 19484 95909 7703 60998 41517 95012 46351 25971 27287
21548 66107 66138 26922 27672 47882 41787 7408 20564 9230 16289 39047 93545 34686 72564 29280 48745 51530 92139 45199 43746 41080 65148 35956 94446 25369 45217 65455 60956 440 45778 14260 84394 96737 85754 20888 75414 30721 11473 67662 24329 33766 24223 93835 41118 82108 35275 83230 72951 51440 89822 40754 40762 95998 77375 82707 10490 64959 36732 799 14624 61246 95426 73515 75541 64407 32354 76440 52152 1350 37669 41047 36289 8476 95342 77003 59097 71562 86454 61238 43501 69655 79729 41144 49681 32844 5376 86873 77179 50424 7688 71447 45687 85376 35803 64271 44067 43814 85534 2288
25841 86202 97737 26718 20315 39668 56877 44885 97200 74916 14602 76991 54526 42764 52347 12380 30088 81600 36530 54462 95328 56533 44308 33533 92963 29174 4410 38969 22502 87145 92183 8820 60811 96774 31225 1601 79298 48764 47589 27482 14797 10923 43305 5189 54759 57758 92230 27373 10326 86091 30557 32430 49911 36995 58645 38135 5532 16754 72643 31029 82565 45080 8559 34848 24395 51460 20123 15283 8533 70607 58599 2921 32477 25229 53796 84554 64532 75398 24837 85137 64741 23886 69402 64516 13103 28191 94231 13758 43943 77223 84902 25120 98805 14872 65511 93423 11279 61662 76649 55470
82110 27717 9643 49589 58115 88111 24360 41727 45011 27239 88343 72357 31965 83064 29570 87623 75669 43929 481 53021 34261 60275 28988 48427 14843 86680 8298 96008 5295 68253 93160 94544 24201 93922 46265 23689 2241 99344 85278 16828 36718 66825 61644 37492 56990 70114 12777 94046 16638 71420 75754 18461 31399 44029 86077 90463 66422 99249 84859 14754 44886 79587 44104 92274 89610 72461 45724 17632 35003 84644 44945 8116 14602 56965 14603 23760 75799 50817 90410 89390 77463 24104 259 29471 54607 12458 43941 92000 21689 20217 45382 97632 70135 14775 13093 36504 81366 25111 87680 70428
10747 67537 6904 71288 46609 15190 85946 52504 3786 70650 45578 60829 43357 81934 94071 5871 47329 72403 91154 63656 41653 94491 58344 25798 64056 11171 5304 47478 22375 53700 13696 46365 20515 12437 96440 7507 77544 94990 88269 1834 53833 32761 78579 87514 53393 8820 82059 64281 9211 81915 6342 37835 69125 23663 65761 18535 34453 40545 30534 57648 78307 16967 52114 9128 67247 14538 57173 80165 40974 32277 27422 47312 95793 79642 1051 63045 80773 81977 86040 18495 95590 56364 45342 60098 53465 11417 3732 9264 10344 44073 15162 24549 91983 95051 19055 82158 61054 21994 73113 54419
36820 65827 3769 49047 42644 88453 33377 23285 82674 12164 17160 98355 42593 66068 69631 3529 37802 43552 31581 88170 15536 47670 22448 53408 19249 39686 37002 98527 51645 55536 60371 81968 81668 27340 89624 36953 77650 67193 4020 94938 75751 61441 42234 43604 73797 58181 24551 73784 30844 86472 72426 53972 30838 97528 12376 38610 84195 25953 96684 13756 58366 41982 34283 76923 7068 42383 93288 41366 29064 19244 62243 36230 79982 4876 85721 86888 39437 50931 10038 80751 60537 60968 50280 34560 19462 39435 48140 56641 90540 16189 23444 86261 15716 96051 79355 51302 59868 44260 21041 17620
82593 32887 38882 75621 37941 3570 86931 64522 42045 122 42637 14451 91202 69757 69436 75427 58983 47859 2063 19994 62187 77662 4278 70285 1612 97393 7750 46753 66282 21756 2943 54807 18884 66003 21136 60488 99444 78667 42973 7481 46115 33427 59124 47801 70607 50496 14489 67193 90201 36765 42418 76339 21275 60387 61258 53836 9362 66084 21267 44177 96175 50837 15057 11746 66338 4162 10960 37959 25087 26828 37834 75955 21515 27240 95436 59942 1615 60670 9366 53077 43552 76353 62121 18013 85662 56500 88396 85425 76731 59051 46275 90751 24666 1060 80107 56878 76021 64748 21781 43775
41615 38457 74456 68337 94161 18985 31047 27533 24185 6662 80258 4654 11789 39631 22090 81510 40959 55267 23343 9905 28874 74425 260 1800 46054 98240 49465 51199 17055 51343 35928 4932 63622 44866 86871 55787 1511 37690 42673 76281 15837 20614 27359 55004 77716 54077 79256 24423 86171 4933 29775 82437 54029 26762 78379 54743 91592 60507 56520 38743 52351 10567 62263 7985 38708 64470 97554 87220 12026 48620 53474 33973 12441 65029 11081 56346 73092 13378 39436 88075 52429 12170 65550 60809 68597 541 618 35541 98005 50515 51158 50188 94804 29168 57305 49923 51334 8647 55700 68215
92034 41002 34306 52690 87645 37245 79517 22324 93236 25290 5259 18839 95401 93154 43308 27127 93053 56694 83386 57444 68909 59015 85798 13986 93887 18703 72424 51745 29533 22749 7017 83735 85783 40085 11515 63005 85746 84403 38757 96670 77559 80333 92798 3097 33653 68492 27763 11106 18709 62646 12380 63742 28406 24015 27599 19382 77183 67461 78510 15124 33342 3684 33978 49562 99081 7498 42258 5928 9268 40086 86503 71809 64558 57866 88056 40094 11976 62326 92107 9107 17828 3534 66998 16325 32054 85776 38722 67478 38406 93419 47468 86803 41361 53268 94444 55793 91016 4716 70855 63474
95459 25142 13859 67902 8451 99268 93519 68746 55491 8725 26860 2860 25219 25536 18322 60754 44400 64386 65932 75359 79174 82456 98030 28428 32832 7886 87399 6484 7326 73039 9551 63073 57573 1168 34937 84642 30365 85816 87826 85751 90013 57800 29007 91560 94070 63685 87019 61857 74391 14474 85479 78953 32260 69695 6558 25505 51424 8694 64227 66863 34084 84554 74680 40324 82263 26710 2491 69828 82878 33306 41354 64631 99328 87280 39607 45296 29991 22411 78452 95087 37362 39479 29254 11416 53422 58317 94313 39697 95107 51695 96719 20576 74632 52820 24300 25040 82288 34714 56010 90264
39088 46629 10326 30317 40157 97234 54386 31375 64875 6247 22909 21894 94051 45078 71860 61220 41046 26124 39301 88577 63453 8632 9909 77062 93837 92380 45038 35017 60943 17544 68982 28040 89287 59654 38060 36592 84474 78013 29655 58149 20118 94541 76397 78220 12029 81643 37571 94135 57218 74575 40438 7189 18422 50595 38591 69459 24684 90996 87548 36989 44381 53650 70231 69455 79913 27649 15064 47104 39783 53448 58104 39750 96973 86104 2485 40566 66800 5370 63479 248 6293 89701 31404 76230 82220 48439 86584 50088 7809 36932 86527 38220 25004 83321 75890 96416 62677 78513 88078 87029
93020 66648 94936 28381 74704 64191 30995 61327 78307 29548 49330 71758 74613 42507 69810 38716 80724 67244 1248 3054 60617 87352 12794 32600 38625 23825 30605 13236 95338 52558 25162 46981 96717 21323 3706 21859 54593 78207 22151 39149 84202 939 68321 93112 71695 77167 54364 64823 66314 52953 29853 55341 98331 20700 72201 13080 26639 29812 83360 8094 98083 66146 56486 16192 9400 63740 12864 54903 49058 60196 64973 31822 3424 55766 90371 72057 86709 70295 1335 51307 49780 27475 37360 78810 87756 3694 64270 84374 69064 86152 8107 778 41465 29318 57946 19324 93288 71790 49166 6981
32254 1225 21689 84682 6325 3271 34452 51926 14242 33693 43105 92416 35073 39077 42282 84143 23032 75183 93771 92053 37579 5582 82768 40351 66542 30409 32441 43752 87450 95381 7536 14773 24880 25138 98106 59674 41681 73320 5181 38299 81836 28987 81378 19167 63717 88209 68438 61362 4073 66214 35815 87823 54310 20250 91254 5934 32956 40316 6965 63278 91328 67743 62747 19350 11332 93463 85225 46857 90681 81473 43045 29371 96103 95075 76781 79760 90861 25343 34060 26365 66072 80821 78732 7705 95421 20575 24818 78330 18983 80723 31332 40847 58332 52611 31885 57315 18311 4122 75490 20330
71765 45582 84083 2468 49090 42804 60223 4928 8621 58240 34614 43278 68846 5103 33281 44689 21609 45858 26014 57105 89107 23092 19940 71570 86878 9811 81827 3977 91420 39370 30018 20892 38265 43256 97289 72633 64020 64776 1782 2218 84556 38958 58694 71535 75654 1134 9640 54161 85987 82456 71352 48967 34954 58661 76138 55967 42566 89075 14968 59106 39505 16314 26800 17956 79793 85594 48096 66737 71112 69605 24626 99628 15725 2947 55175 3775 91461 135 82662 35788 9131 12697 96733 48249 78641 35608 58493 93968 86368 62435 37185 22760 90861 66866 44691 18973 7224 99443 69986 56818
40585 76701 13973 91426 26018 9122 81189 57032 40074 20792 39011 73027 72196 23889 34774 51460 48515 8896 20243 88675 81427 47335 12467 25085 39880 61633 81614 65102 12179 74565 71937 69666 8969 13727 59492 68520 85447 83354 58146 52201 89376 33675 26532 43108 67852 44934 54317 85407 16808 79376 41056 46332 63535 75922 32789 83520 57443 20330 13916 82746 57132 54188 75618 35620 85023 97214 85008 32755 18520 44384 7892 67262 78142 24453 4128 69860 79528 75124 30826 90517 78950 18584 91288 32694 20216 95719 61639 94570 46706 3017 99322 97715 28472 33280 29884 90318 32885 45146 15735 6605
6302 59151 42748 24408 17226 3153 77935 5575 82934 4137 6474 77186 11911 40148 83236 32584 62212 88158 2314 5998 8588 51428 71290 78442 18112 72851 49458 78951 19451 7534 832 70924 50458 20377 30940 32818 16223 56306 64588 36959 23559 47971 4451 50926 16224 55040 85557 74271 43180 62702 55608 6972 38111 7622 5269 67550 15780 40615 93576 31525 51318 4381 2294 68447 87491 12344 89594 42536 97789 87966 95636 25240 64948 44209 1661 18355 56655 76580 71728 30265 31583 22599 3440 62524 51072 46430 53273 34047 26761 30174 6594 34236 94069 68116 27570 82319 63909 52499 58688 43776
84211 40196 99228 17793 63709 91576 9212 2553 62540 75431 52528 48639 53127 42642 79845 98843 234 4257 90226 82316 8920 15587 77773 44145 84420 46595 44741 79069 70526 4127 40349 22903 82347 97648 54367 70444 77040 58448 43721 4483 79087 64161 69234 71435 46157 40660 37892 72137 81459 66401 46549 50945 96941 62468 40686 52302 29447 81539 13262 32825 90962 48730 52549 68794 72206 21381 46063 64967 48241 53059 73331 10023 33176 74616 10855 90715 36940 29503 12355 61654 4804 91037 32945 65993 22886 73486 53031 98558 44667 99031 32508 48100 68888 1372 93468 17321 70073 40307 69168 46470
53258 23957 73701 35743 66142 23993 57747 15391 92612 90048 59177 90676 45839 1650 70460 91100 75690 64431 75218 55509 29465 13833 30252 55360 84812 82055 93830 42363 71763 19418 5415 40190 25966 95371 86400 19448 71451 28582 98541 88033 39115 69074 92087 95104 28113 46072 66963 79753 33279 5804 160 58092 83344 64386 60564 9858 72807 35430 21719 83574 33904 87829 63646 52875 54810 76095 69876 22199 92451 10227 97706 37537 8046 72874 1050 99803 37772 98323 34277 33190 8347 1421 96925 48312 69011 36077 44841 3399 62987 18305 24009 20477 61922 92900 73089 12639 82181 95584 7293 78760
59505 29404 94280 98785 98246 37877 92557 38900 40694 7858 10053 86326 15834 28028 69937 62472 95337 5535 55168 99875 32703 63993 43758 97525 78179 49546 12784 36882 79040 65810 94194 56354 88186 6479 3873 5603 56709 40405 68711 11281 51620 83628 9043 92740 94820 87962 27715 61028 63846 84833 38761 81633 30080 13357 16966 77759 43799 90053 28012 2244 75067 41180 23285 90347 98549 38876 51574 93734 54297 21797 77631 63212 3639 59573 18286 68380 75496 11351 89288 833 43491 15697 85787 95281 28004 46927 95921 65038 74449 69607 12898 19595 97579 20187 10351 11937 54889 87407 24357 80186
29630 91580 556 2411 83601 67481 4719 64173 90975 67827 55252 37290 13138 18520 69447 80397 22082 79453 41580 36231 28593 83692 51015 39609 64426 5971 76276 34816 35432 64269 61036 34476 11241 53858 25551 36215 10119 45642 90111 22403 36230 63879 68167 59733 84574 79591 24761 55462 73006 15519 42866 83738 88846 7280 80578 44968 96931 34396 8982 37663 7522 88360 71643 41181 4895 38507 10302 14929 41701 33474 14926 5729 7721 89757 71007 5962 50408 15074 52053 20848 61609 34515 97621 99769 30152 77192 86160 12339 84039 34793 46461 94205 7554 46455 23055 49149 15005 60764 44424 19900
56662 71389 93449 58737 9448 46123 58984 65103 80279 91883 9230 48770 63766 87505 4373 12315 5432 98394 26634 5018 97597 74787 60256 74099 74505 13760 82896 21764 60183 34690 27974 93213 61410 79228 61660 77816 98049 22818 54095 14915 70348 46995 62382 45189 74353 31839 63071 19747 60232 17059 32722 82034 17680 13640 27974 25378 81068 43934 65865 26422 63648 81153 84406 49355 8384 37509 94909 93378 64693 27754 48918 24411 38772 31548 24402 73484 18479 72060 79267 32402 97733 92993 50815 61685 89236 79260 764 60863 45005 84589 80588 52244 91052 16204 41257 87464 76866 4483 66128 5622
8460 12379 21977 43347 47292 75739 99193 16804 48587 86663 12298 71040 43259 40572 49167 39740 92877 56963 36918 15724 58469 16571 94539 63256 24499 24097 42567 4257 46061 20477 81289 66902 63164 87272 50919 31376 43964 72961 55059 33063 20571 55519 62807 43061 44022 89565 18768 23701 12457 85986 76360 45639 10649 99015 46805 67084 96262 93474 66551 44806 30114 72763 2381 64748 17709 79936 99720 3291 77533 89886 11748 59681 6246 95633 10489 22023 50816 29977 1563 27520 13391 97133 61609 8858 98182 54221 69772 80303 87152 66768 36797 53233 39572 92204 61700 64893 80961 65632 17788 17914
4328 47449 1373 6228 81253 73454 77301 13508 96558 40889 6608 72991 29282 38921 61156 93045 57984 82390 92404 81695 5417 70224 76200 56627 28519 16632 88578 41571 94582 18162 3679 59847 94271 61351 46452 62143 77726 26394 10439 98439 9346 92425 66611 41464 77620 5898 3264 8608 29552 17347 57752 43612 66003 74855 36069 41083 81378 14606 45553 21844 78042 908 83590 72965 47806 45258 13976 49392 82248 86265 52361 39240 60549 48656 48354 94533 54174 51693 33710 60079 74701 45751 71724 71910 41696 62710 60462 20533 60761 3313 72275 16304 37368 81012 1246 73396 81711 73091 29101 95579
12886 92951 91873 56441 30388 62676 64919 7567 6862 96102 77103 331 59542 65705 443 29749 13260 27882 88348 4665 9645 74197 55501 88034 20032 8475 32463 85553 83605 48926 3926 78546 7910 2120 39929 11709 26455 35207 45855 92338 53203 30934 89541 76737 79879 66162 73227 40144 41356 87809 9003 65314 40849 20195 63626 25076 86145 8696 31212 82623 96971 64105 73663 86886 61956 2578 95173 91148 398 74277 62300 29325 41623 58844 64102 23976 26206 71143 50649 96639 24482 95390 98494 71750 84841 84237 27296 33360 98210 88245 2560 3819 14925 44338 97057 50529 54542 65979 63700 17694
17858 21943 78625 98668 29629 31082 68519 84650 67866 70087 76369 98141 9018 65556 43736 42589 56115 72695 85097 29270 70499 20587 39555 24662 61076 31444 22746 92024 80360 19601 62235 45872 96278 6267 6215 19740 84422 98826 80928 62906 19638 21513 82344 95305 93147 48374 1175 48053 93551 44084 60555 68809 14092 3117 63754 77131 3523 71719 48530 30924 66763 32847 85379 17956 77315 54092 93568 6506 16108 68886 29617 4893 68209 45766 36071 2506 12702 98953 28372 36798 59674 54065 73326 49461 28060 10968 52851 6231 33562 82894 45068 50709 77103 56042 41986 29279 6344 2510 56757 78928
15557 76838 80926 42297 57181 79884 91771 81699 79346 16793 48637 96630 97310 85035 73901 40126 86753 77966 15209 69099 32922 50128 80540 49670 68571 2048 83258 41294 41821 48745 90035 11815 66846 90334 57803 46441 1991 29535 56389 57059 70928 12239 25838 31768 61739 69764 89769 9968 70158 75620 25284 79766 91953 95213 27188 39239 87680 81735 56638 73642 52889 63247 34340 61791 57576 31190 84111 47052 12688 41972 93873 71396 56274 33754 4365 95388 90188 87126 55002 66738 12668 12037 91024 31680 55099 89739 70447 54544 6309 94811 6057 54007 52095 46621 84020 20482 81450 9510 49847 35344
45255 4996 94042 12676 89244 15433 40579 2084 20145 45946 8343 70500 39399 16258 14703 96287 49138 1534 54823 32810 66697 87794 17478 849 66074 57311 35186 75596 33905 32646 1362 13240 26271 39384 93388 5860 88438 40470 54404 10898 60456 5194 1267 91128 64310 72339 94101 16326 99155 55047 84637 58199 78906 70024 88630 41954 64625 9313 65749 6562 39776 94848 48374 84083 75375 93973 74000 22175 11060 68071 93309 38027 71059 22706 1906 19953 69429 68655 48289 9383 39412 81863 76626 53562 40810 29032 78951 48910 77499 87289 10722 21039 68657 62181 47283 60064 45738 42291 72192 67118
43040 4974 85035 28828 63291 11817 68246 59413 71564 12150 3291 88275 50212 10555 4275 56020 36624 14333 34579 62529 58507 66205 85558 67043 33489 55978 57421 53140 71812 79257 23403 17530 86378 89844 92928 73992 42393 77147 53962 2488 21627 25093 41124 28828 77887 77913 40169 62546 82901 30448 32849 1647 33414 61727 87484 12705 30548 66083 21314 14353 63825 17567 45416 72637 82011 72605 57954 77063 54985 7931 41587 49720 33371 53236 34357 87487 90636 94406 34281 70156 73043 94763 26109 19751 64975 72495 59044 70751 2128 78814 41152 47522 27402 20047 48513 74702 10835 96938 22940 93939
13240 38991 97067 57190 92238 26789 26512 2960 59556 37051 43488 8235 41909 13696 89984 66525 47201 35023 20721 72601 30810 87772 19284 71622 20538 30864 12148 86235 69999 64565 34615 59144 27898 84459 77946 92555 56307 12425 6819 72610 44056 35247 47008 14835 403 8531 10330 2484 21283 44180 36138 58083 17361 31657 39118 81924 33884 95478 88381 87091 35806 36567 89574 57225 75834 78040 42660 81918 26767 78693 94257 93609 3497 24118 33083 2592 5468 16254 34814 38568 36193 38211 31423 72196 10586 90611 51557 91012 89811 27604 17796 17598 53942 35627 52590 5823 77288 73040 1653 28860
20114 23879 75196 85707 2566 76357 51467 1729 54474 71016 33310 80251 98205 30291 81642 17840 3814 83060 93449 77748 87403 85557 74338 68840 66659 50870 35702 76048 26638 33324 63635 42223 7824 22307 65842 97283 54022 98761 21827 21864 33525 29790 44133 14677 59172 23764 27273 53702 88107 64849 95354 71423 58478 59510 10408 73501 28494 92785 56230 63421 94847 21491 50135 30055 81133 99164 72351 33827 37163 32752 5740 43484 56746 37143 87765 53448 24372 60478 71045 34260 85570 76968 41918 98644 41278 59169 12403 9072 14439 9327 68450 90994 24304 9195 16141 45786 59648 58483 60784 5320
14499 58700 37923 724 30202 7895 67381 48056 78697 47201 3782 51814 15425 41564 93512 59363 54741 3716 43702 21301 45382 24112 73080 84000 27714 68780 26782 16379 19787 50649 17066 79386 31631 54947 1025 28978 66876 20311 94516 91592 12460 26912 99593 34462 81959 8150 16883 25694 98036 85937 45607 57664 47299 86868 28305 97583 20814 39447 93741 84695 65510 79352 75378 548 87920 39284 49356 84741 93789 83289 36289 88920 10303 11082 93839 45462 53798 46492 84575 80951 8341 8804 19692 7990 78372 51107 42906 44447 13794 73560 46009 80131 89353 20506 80654 3238 6533 66989 24622 2392
81024 74606 28111 26200 46876 12808 86282 60622 94982 37552 72090 89551 45254 82854 99145 78053 79044 22875 6624 22638 48178 50463 1026 65971 99359 95373 33296 4238 50500 37965 44889 87464 83703 67425 73425 54416 69000 82702 45872 80300 15258 24426 54644 98507 56181 41416 88054 63566 24458 82491 14518 90510 55545 29801 53949 11534 27461 90254 10137 14012 31225 24473 37497 18172 53772 76702 9231 34664 78867 42302 28401 25711 21348 55469 69067 78612 46930 83704 27401 81552 4992 96110 59558 62853 71992 14483 31892 96892 45354 20445 24248 85153 35146 35398 50794 5944 16446 90803 75787 49317
62842 37105 52568 64202 80951 66830 20100 1694 96869 18434 99050 20291 200 47571 23168 23922 73701 61748 362 16841 95317 76550 73474 92846 10691 79898 72579 77542 35820 29147 47315 90411 42185 85397 37262 91792 50395 7324 8072 56083 73607 24168 23354 94734 43305 19026 47073 2884 80072 95941 80729 92781 16273 37073 83549 20004 85633 15990 88804 73763 67437 94951 84127 18396 70937 42578 80031 37702 44240 10973 97592 90908 81214 76038 49252 76956 44948 57124 36772 42313 33565 99778 52059 86888 90931 49879 42007 82368 34453 17971 34753 71949 40357 58783 99429 60148 91048 1757 77352 2645
33334 2676 81109 82537 63576 58614 20706 59655 6762 38199 46186 44071 80497 93007 4774 16685 85727 66577 99270 34692 15357 33002 60453 46978 10130 49996 46623 63193 15959 83852 59439 32059 802 58116 94161 75620 25502 26083 53648 77931 35231 11847 75289 52455 41940 75511 79698 96122 49247 1416 20557 36971 31733 67377 12092 95685 67362 18982 68000 32082 74167 65927 78099 71508 6407 20138 50188 30755 19452 65542 26881 84270 11190 20819 26830 45116 12903 21185 14888 49923 76398 39195 75090 24587 52163 77315 47582 52567 6011 60564 15020 43233 40035 21681 40286 65922 88817 76775 4478 23405
72806 250 19129 49093 55114 80933 64290 42342 83494 27031 78267 14951 28985 1502 53497 79859 14581 15981 72718 69916 1097 26966 46706 86136 51289 60389 89236 22140 85920 2919 97816 31430 99226 79475 27407 40860 66658 59408 81530 77721 73560 67502 14388 14947 77308 37315 90313 14778 47903 7754 48037 64829 59237 61714 39320 307 7797 30610 87860 9276 22423 89555 89430 39972 37156 76114 7566 87005 83819 40207 27954 5287 93149 49565 71785 14977 49162 50422 70253 4592 79382 26750 45804 31105 9127 15244 43027 65248 57937 82866 76617 8008 93664 7253 72862 17364 43248 57760 85608 89537
44756 94141 47007 26748 82892 29919 82793 61272 39155 25997 32453 61309 25778 67640 79158 97049 84184 79365 16851 70441 5664 76086 73888 22568 32089 18517 52151 41477 79491 8029 30613 9883 82986 59025 69192 1211 63699 39479 37746 7280 34609 43974 5039 56803 86213 59915 34305 11897 79248 95048 20213 69490 92409 55238 47831 86988 25431 83950 19574 88263 41669 26909 49923 39222 7831 74738 42186 25598 58416 58962 11349 12301 38526 40433 63684 75378 68804 49772 37203 73355 40041 84548 77838 45033 8385 76027 8856 42820 76957 10589 99407 35367 7764 79664 67806 91984 36890 91673 53778 17490
96429 34204 88384 33526 83317 33207 40003 32442 1181 16556 90870 76485 26877 16869 16660 98402 26705 73826 37818 27577 68096 3027 7975 96418 55999 28121 10717 14908 93633 47016 73549 18317 79343 54633 40155 73035 88628 56121 2887 1137 543 77444 35914 37997 24966 42622 45220 27761 84173 67559 83977 37828 38539 14248 42927 99752 42428 85797 86400 390 80465 77641 21524 89708 28584 68218 27285 75283 64525 81089 2833 96144 13397 96158 39240 58048 38247 35121 69997 25559 31509 62153 84799 24225 3088 14329 32713 96562 36344 17499 28314 15340 5944 76966 88518 99221 67571 46094 92261 591
94447 24938 94226 6640 15408 8619 26387 15470 36317 11231 11043 91795 75763 69572 71908 42940 91759 75186 28591 9170 9393 99826 25606 43415 30372 44054 60907 12124 22558 79150 85825 64160 42326 29646 97999 63023 97138 83618 5005 35891 55903 53743 4626 81245 95130 24757 81754 46532 80411 74036 32897 47663 69106 18988 8712 29287 81789 40378 65799 86782 61927 54908 50345 75330 56841 80259 4828 78841 61054 88017 57512 65271 67222 96876 16473 79440 21920 60377 56255 20489 31024 48162 15269 88192 93732 41132 70133 33086 33943 92000 78659 65092 45403 1943 33861 49604 50049 50769 35783 81870
52744 89111 88365 98124 22906 56381 79992 17450 1511 31458 89072 13303 24930 82266 40862 26008 27308 83695 64599 15283 98653 5625 55257 47124 21251 1498 20258 44612 36039 79405 63105 86624 39699 80614 29966 7203 13719 15350 2860 20542 70468 72559 13101 624 59861 76589 43208 39025 88316 19816 98635 30218 6197 76900 36991 45572 72927 86648 45093 53496 74510 80796 21374 28618 51218 49413 22738 43099 71337 33543 87806 35775 34840 86452 46697 21466 12026 91985 75496 37620 87859 21782 28755 39670 74834 37445 87489 99880 26758 74790 26929 73516 62562 1307 9272 2867 57491 18107 25432 50306
61358 48688 89429 97340 7946 4008 18874 3637 59618 70321 85505 64388 36209 33712 10146 17187 70745 280 90302 98964 71858 10520 85006 57141 62333 95481 74029 38114 26295 94808 41504 49818 51272 57081 67721 35731 49821 18517 58076 49288 15069 77220 16174 37064 10943 64915 13508 40290 70837 79204 15630 30818 66131 58979 93344 26316 37467 2978 30436 20726 40928 90498 42978 81906 10225 57722 59742 89460 12967 49812 27525 12474 24772 39048 85570 9327 7836 68729 80265 87141 87685 90115 53297 79722 71502 12995 71726 47037 9987 89356 58312 88757 67254 61784 10824 29924 35263 28299 3965 10320
45622 58440 57752 99622 29559 29937 59211 17435 72770 14642 83130 77932 4184 31144 3568 4054 21166 85157 36709 9338 86454 26955 65566 8620 20100 78610 61063 35222 60788 18667 74963 15947 31713 78085 66301 91402 48917 49880 27103 9498 7426 34009 40400 18605 48509 3465 45108 56191 84385 87288 89450 30889 25090 37855 64798 67263 12202 65627 31946 76175 40879 63882 2117 73459 33264 17794 24078 58290 32100 79113 11056 85523 40104 1633 7880 24638 85122 36732 25557 95542 74816 63143 62098 15024 94697 57574 22708 11244 49325 79106 64629 65434 4107 49556 4055 87017 6903 1705 29170 95783
44518 49462 74888 8040 19478 26837 71373 71355 76244 19549 6523 73240 24801 82499 31817 99630 57243 97238 27560 25640 87005 75361 74910 65713 31886 57334 88024 40477 37128 10521 3883 60646 88754 72583 98708 85476 85395 96917 98927 78569 67672 8867 19455 40143 39280 69466 11096 8826 67193 26382 68094 86904 38896 63551 99854 77279 84437 60863 90037 53262 62507 9352 65139 21340 28602 57000 70602 16670 40677 91501 78319 90907 61914 80606 94182 45928 11755 32130 72875 60439 47505 51974 59593 89003 61275 4095 97596 8321 5804 26533 69354 49416 60873 12647 73213 57869 50958 67347 91815 78407
53026 26480 80176 57215 17489 22701 85639 30968 14329 59550 35310 36860 45903 23137 8912 97453 3807 44787 86562 39043 9678 6615 98364 57882 1269 18784 5941 73753 78960 81764 58694 10751 55152 17187 52391 15050 62548 56146 84407 39983 89081 43257 47034 5158 84429 84031 75469 10498 81584 71437 61405 16115 26575 42639 68729 95531 47464 93684 15611 96407 60341 23079 75396 86357 13224 25578 97116 51201 74872 95231 6975 13310 98793 93908 96981 89124 20027 88177 57360 34404 91150 12095 51007 43198 29661 18634 18087 9759 87456 94536 26075 78050 92316 23663 65660 2355 80911 80974 5571 44752
50004 37565 96851 50001 71420 31521 51051 34226 22545 99242 48987 70513 62848 41379 28184 52030 72557 12470 6038 15533 72869 63817 34372 49520 44514 50101 65921 95901 67923 86320 61857 97053 6888 16727 95518 70509 86121 47908 19584 98261 50565 27968 62689 67807 19912 88941 89710 80452 34079 91748 59564 25357 1984 55358 9982 60490 2575 70906 23401 55595 12342 33058 80695 43153 35197 12675 61578 15825 78412 2647 25523 35234 76379 85247 31641 42558 52472 13018 92253 34326 81946 6293 11667 24880 18516 20895 32591 41538 67035 87015 89564 95929 12462 21041 95757 96103 92787 18710 22527 76370
28696 91714 73207 73461 54403 796 83433 2610 6840 77163 40490 29157 98779 97769 70405 58968 32388 99339 93518 78282 95181 29869 55590 80384 97735 31245 53154 54554 78603 13771 66261 347 47069 59126 47813 20784 57316 38647 33813 49977 94959 51835 70460 73535 49710 28461 89226 13084 87475 28388 29867 98535 84162 14540 28160 54643 48175 29362 84984 43118 24879 69956 15663 44743 9792 7665 18514 53579 6318 41602 22157 69374 7446 30929 56431 80642 82472 65597 92117 27656 77741 55644 94060 28905 45905 48026 94105 8179 98723 16785 72819 95757 42868 66943 51072 76958 7071 47080 73960 46335
39178 72340 7642 19563 97917 36682 15643 12475 19748 3702 98053 88981 10265 92712 96383 39892 8257 75308 93271 52076 81131 71607 77502 93125 7218 66375 57852 37375 13740 2450 13599 38130 36238 13030 17923 86812 33833 66039 30102 93585 72475 35147 10439 40544 49768 43499 63713 95119 32678 63069 42641 72103 59528 37364 21216 62181 86244 57743 79483 17521 65340 16823 33175 1905 68304 86515 69761 66425 53777 83734 53955 12643 5536 53786 80370 84099 21151 71393 31924 43976 64306 45740 93100 35805 99386 3039 97223 11231 1813 95264 96196 7785 61209 95360 80050 75555 52601 33487 37139 64435
81865 23726 80408 49091 38430 31541 48731 27359 54455 21902 10490 72399 92423 18061 22985 50725 26419 18755 96902 26290 47041 36198 5509 58532 67056 59486 84127 51197 4683 27049 23690 66856 16068 24272 85967 15458 22032 44825 93741 65443 88105 51729 99165 64744 52021 51294 13751 2247 79108 27883 98487 99528 1505 36507 36573 53398 66225 98364 91306 43182 16920 37938 56223 16027 71164 99565 65658 4470 98642 64893 54634 77657 16082 56621 66429 19994 52381 98685 15294 11763 95875 40081 73750 41060 65993 67954 49727 18025 5762 93183 82016 63448 93490 8312 55835 84354 44570 13923 20140 10610
73729 88979 78469 99537 8010 56042 21000 80786 30766 79524 34191 47923 12013 16379 37788 64765 16599 37673 63176 48900 43377 78431 49695 8551 50761 39344 62048 8151 61983 151 59693 53978 12379 56126 59159 57958 57263 46204 3086 60896 20081 76253 47975 6267 86684 38411 25978 35342 33997 52935 14383 46538 67051 69495 60949 15905 69905 68593 55294 68644 10170 29471 67810 94281 26875 35392 94171 21268 81196 94363 47801 53609 8919 17204 12354 99629 13675 17217 86797 90429 40781 48170 1213 5891 60224 82135 67533 93033 72888 90794 94963 37241 21640 65989 32267 49969 39726 78729 6503 81637
56583 21106 66826 96097 22220 97358 4621 39723 89334 82660 39288 83293 29160 99135 48499 90729 51066 40663 78846 20608 94650 44723 65831 7228 43631 75347 61656 27834 9901 26534 3264 22383 88020 81247 42146 25248 27298 85323 32499 36248 85847 63052 77712 20729 26025 19521 88578 56051 61139 54564 38880 23946 22028 41914 62938 30743 81151 26835 37563 74555 32909 80254 31049 8173 33151 7984 49076 44959 30041 77682 51711 93956 74862 68833 64086 6277 61497 30156 71763 89520 1078 45655 34009 45178 26802 47171 87888 63442 45258 49654 10285 94880 49202 96646 48723 8990 54674 67500 77705 31646
28648 6119 10567 311 49521 90424 52992 47943 30647 25453 42319 41670 54797 78991 18862 37942 44677 67189 4746 70918 63519 16056 17979 6226 81477 79163 38901 45796 5673 65767 19981 34104 89775 33984 81180 20104 22508 19158 38320 8688 95855 23474 97862 70664 19353 10046 90809 51230 71401 16333 65606 87441 70417 23939 21955 77526 49562 46038 16978 82536 24821 77862 66360 2516 69996 52355 54157 33807 98835 98230 23872 46751 38318 85026 27006 59507 6793 923 41976 86772 45528 25223 70405 2621 10997 41164 86339 10862 70633 31500 6660 74082 40294 60407 32294 66354 49002 94933 17494 57607
58830 99165 95024 29610 56206 65084 45529 74480 10115 1939 75525 61912 19408 37221 25913 61573 21344 10333 87996 34590 92262 20924 36559 85706 53851 28147 14497 35261 68372 8675 40588 66898 48659 65554 63133 12704 88860 95705 84152 45074 11574 30726 24404 26500 95843 16089 14184 41472 15869 96648 51056 18494 53684 33262 98414 7404 92057 44559 68961 6714 17557 42196 21410 14046 39207 71979 33908 31568 35591 23589 92989 6029 80305 30577 93209 3720 7305 55793 40267 78375 44795 3863 79112 10015 4502 73503 8202 41907 12649 18528 49730 59796 98912 32478 51539 70492 85199 15076 70503 47489
94113 75476 54206 53122 15691 95628 88719 42470 91689 54444 97659 45651 62920 93937 10827 50108 68591 96521 43969 99930 45478 85224 60867 72657 7818 23683 55214 26790 71678 23696 18008 42144 59128 18152 53117 5136 44372 49920 83937 42614 8376 27716 81701 41008 23335 34781 75640 56141 50862 95381 22917 10230 20199 56769 45654 21195 42050 3831 11261 34235 41234 64701 27577 44475 78679 31255 6717 27528 73019 79747 55182 13389 70384 91454 71796 37310 64487 18099 3206 76396 18171 29599 45366 91595 92166 1854 21808 78265 54786 75964 17336 19395 13068 52387 51522 30704 50247 85038 26874 16122
960 3716 73571 4102 16409 91701 35302 19086 13456 41113 70747 97287 37121 78326 44753 91103 69316 60427 15679 52652 95937 68303 48286 96302 71699 30853 78807 13793 73910 6731 53793 80414 61803 40940 22283 92888 45031 72633 60664 20516 57303 66957 79752 98756 19006 56662 18240 8131 86925 67502 73129 39291 58233 33473 39074 81952 79576 90213 37664 71686 40315 29444 71263 74529 70356 80396 98853 2163 5360 54198 47143 54532 41732 18506 39339 4914 21075 69471 32303 15046 29896 31209 40230 3075 97321 41504 97679 49865 85181 12107 19703 26462 9161 60023 17347 79165 31475 26711 68861 91576
97301 47213 28508 58145 13845 11360 15439 40898 26499 25197 20933 45731 32569 30367 23194 11507 94641 17436 65393 72337 9698 81576 10722 43296 90643 95212 26948 66297 45468 28077 61347 32519 60158 26637 64650 96032 70407 42791 78550 70613 44780 56681 68085 89287 12700 44041 78144 89163 91697 38674 58793 96480 72430 30501 74035 54478 56551 26334 14108 96642 38949 57396 21275 4336 84771 24128 87195 56974 36425 37722 79644 48317 62828 97526 83515 83089 44059 49984 24285 70798 96194 66462 56627 36996 30154 90062 47726 6845 35420 15032 19293 2358 47364 11612 2349 42918 88548 75373 39997 44448
12374 56511 80152 66368 84550 31930 59317 10488 93296 45315 51466 13029 55163 37900 38411 25557 81624 7129 4191 35566 43100 93285 84844 92262 18431 46083 48785 91334 7808 48886 41417 76871 13009 52656 44196 89181 38699 69558 19521 37232 62090 69627 82571 36734 97368 69968 88459 53481 71343 49689 39015 16069 25948 53141 95160 5988 74978 65863 36326 79165 60069 42750 70236 98285 28243 75400 63594 52160 39000 20471 85477 39135 75030 92925 71686 40130 82260 24723 32175 38259 70518 46762 69881 1233 98664 29146 31329 13396 60499 18606 92609 99336 77121 18070 32851 30857 36997 10122 62889 27723
75971 68545 78726 25075 59927 81574 61336 85250 57402 33084 24043 51829 58189 4931 40637 59530 50630 24413 82697 82015 97893 25670 49604 11795 89845 58498 86312 58995 52894 7044 80698 19718 11918 6655 50306 97102 19108 10710 82761 96166 67030 65213 64686 42434 53855 96449 16101 26754 38322 92786 29701 59938 16793 26213 86612 64517 19756 76637 76012 54085 60650 32527 18299 97624 13166 96878 71309 28937 87446 80899 97675 17663 65043 407 28138 32837 9469 42745 69828 45187 25300 6594 51940 86190 16013 13372 39255 85504 68152 97740 31216 47706 2320 17772 23965 24357 43832 31881 60125 85458
28652 28450 8500 81761 18413 73105 40335 44054 52672 96005 46021 88901 27961 10947 84429 44262 54938 24369 80142 41560 81356 97478 47325 313 79442 67955 22783 65934 36066 25337 21680 60875 16132 13416 39821 22680 9956 86872 58058 98955 94992 61108 84051 86403 88591 273 35590 72030 97681 32418 73836 88261 87454 39530 62003 90195 49966 60243 43918 71017 1158 92393 46486 91665 93989 11117 8856 45785 35484 60548 19950 98278 35663 80485 2190 3153 25415 70373 87545 24268 1905 44330 51497 45726 74980 78717 38211 54227 82445 33399 75718 88409 22811 86465 27215 90900 91971 89681 50176 12821
28430 16421 58065 74852 25939 47746 65134 23657 30286 41359 8090 63131 71002 63959 49803 83928 75079 43786 24130 50295 79273 84438 7908 99201 9457 74445 59427 82747 44015 71206 4401 47203 61462 86052 79895 5690 5393 48583 70472 74025 84816 59810 11669 80211 26496 83355 7261 74399 43548 96492 49618 79629 31351 12619 53586 55971 49068 93851 25404 84110 59272 95156 53722 25531 27843 1184 59762 59260 13580 35701 97523 89756 59226 11102 26775 19796 27248 64535 74306 23511 67461 48105 44083 3709 11904 13592 70260 5561 77148 25083 17680 60957 63135 71441 98517 89540 2751 9844 42927 44275
46458 97600 29710 67531 63570 59331 44261 22380 63579 84096 44314 93068 71587 23346 22582 82431 55212 82413 54068 70845 2364 49593 27995 88596 71318 65436 21600 89900 60484 47486 63641 92548 46561 31521 20647 22953 39116 73140 78184 95974 53522 42268 40833 31493 25356 83148 71483 7219 16960 24326 60567 78544 63116 44423 15429 64276 78495 1678 22374 66379 61956 70970 32085 80435 48055 19800 19603 32287 89512 96152 20832 1367 86963 58478 51979 5703 42682 55177 5654 26513 68963 2991 32156 87843 36451 80471 58230 8151 45112 8107 36582 60141 73743 46548 4301 56953 66665 57943 97948 32224
37960 16157 46378 22373 85632 33830 85292 59612 60715 66409 66228 95709 90797 97738 93578 93897 36026 44147 78367 4397 31123 94511 61129 61204 47354 94414 18683 39245 23504 23642 68983 80461 30413 87055 80832 91980 4765 56365 77200 9219 40262 55623 11586 18487 6181 28742 33298 98777 77109 33655 73521 62120 52124 72623 78878 48541 54056 51157 87273 92924 4183 76559 73992 56930 89660 2764 89527 34039 51678 42346 3306 46689 31342 92364 15228 74197 90671 8822 10033 62482 51119 13132 42507 37791 2580 59361 74759 71325 1461 11146 34687 73979 47130 58446 40990 16671 7787 87044 17208 79062
53302 38843 4566 92373 81186 89908 92801 23294 99899 23067 89106 48214 11365 28170 80707 21598 2128 49868 36982 98559 24952 60784 12761 859 11045 56426 15645 92942 92523 47287 90734 4560 39134 33724 51309 46999 84078 61676 23758 12630 45991 51134 79556 18513 80885 80822 61432 65618 11833 64345 72345 33254 99186 68403 58424 13130 2726 68253 2031 31186 16087 73085 41179 51147 60202 40112 47304 94993 66130 70302 33542 58973 51737 82125 18038 19256 10841 41614 77406 95528 86486 37387 74219 44620 68965 35883 43547 2427 46114 30499 31846 97706 68993 17981 65744 81203 27783 56736 879 12622
30301 83376 81267 33074 10828 64172 41516 49759 55612 26495 78204 97175 73451 38124 82588 76540 64805 21644 63446 98942 94604 64543 3443 11467 57988 46214 66811 83264 20804 73588 3510 63128 41706 5500 96316 11509 77011 43747 90276 27628 78676 96246 93975 69746 87608 50976 35347 1029 27711 64303 84959 3375 59246 71954 3412 41175 65531 31582 75264 16861 22581 17414 10671 996 90284 87460 1314 28119 27414 14274 23978 85424 93071 95201 50205 10472 8310 80708 97926 69018 51145 97383 47356 3704 17407 99058 29438 83977 52573 92852 33657 18243 16343 26627 36126 12049 83438 2469 22317 66696
57608 97675 78951 19060 74218 5395 50198 8147 82559 251 5649 27487 7058 5702 72831 39911 12483 41928 95489 71191 51118 40347 12136 74457 33393 68078 18511 39870 72363 984 9723 4262 74070 64550 60926 23147 56854 27922 66093 62237 23421 36674 63617 82190 2293 46504 5322 9009 29563 38907 52866 95784 38375 25421 58303 57266 26385 16665 11453 95741 22777 91672 70312 49345 93123 80201 51210 20809 33591 72552 63733 67533 19362 30667 11353 42103 53699 57558 93233 2998 91398 35962 958 98777 37341 54108 50530 22903 55063 26021 38438 72816 4938 57224 75478 76511 44952 64451 48480 65119
33885 57924 90486 96094 5150 24853 80761 58141 61617 63556 22158 3418 99592 63409 17036 36783 46289 88701 8964 61046 66197 41552 20544 5574 42855 20123 93136 69828 49186 28372 18842 29794 76149 95946 1572 46619 41726 73230 26687 57288 75430 80533 72898 23215 79554 91990 7698 57210 72284 56404 68435 77104 85538 9357 32621 6726 55056 10778 97500 86534 23935 69454 55451 62131 93272 98225 52577 80215 62405 83834 36577 41614 51309 74783 75750 1441 263 29236 43252 25972 99716 10035 92233 28351 63453 90290 32294 99749 3152 12366 29022 55470 66095 77135 49029 10308 80357 33409 18045 77204
97879 50984 46933 18789 51094 23785 64851 55038 4004 69866 11794 66320 61267 90340 62941 26994 66178 20590 58031 33419 17237 85527 65547 21418 37943 97840 27224 752 33398 25854 3889 94678 97784 23068 97452 68824 65694 22735 80071 89051 8367 60261 96328 10862 74684 47554 10089 80604 10479 57074 23867 43189 65646 31892 10611 44493 93649 36704 44628 30340 69351 60583 60273 25547 37477 21232 11828 93429 79138 28811 6243 35976 1998 3023 18898 42369 57339 7059 72596 94252 8411 31111 64700 26215 29897 97805 58928 26913 77132 92096 48935 30428 54396 52905 64494 84420 9576 21380 75800 79105
18866 96298 47413 10051 39976 20866 11674 68692 711 45225 77278 76567 99534 96456 39266 13743 75839 14595 13203 55851 72422 9013 28111 93021 89045 78461 69833 92626 68025 17333 14479 85032 24075 43786 26112 56791 29357 47794 18889 95693 14248 55258 81097 827 25319 7232 72148 97990 68687 64555 53430 44963 67008 64935 76008 96149 7459 72287 28370 22532 85621 31507 50668 61948 28880 48437 58110 77743 69865 90265 94828 68471 45739 88724 488 31432 78595 86626 80569 44137 15032 63168 26661 41630 32755 27327 40739 85239 91763 7680 61364 8820 99621 86505 1783 84439 32738 72938 21395 93013
86667 29329 98678 64184 62420 6741 19139 69715 82193 94574 74800 6736 68994 96313 19938 13642 69060 63804 82881 13602 20317 68173 79078 64915 34841 51567 21517 76482 16873 90250 2442 8048 55256 44283 97010 35809 84505 2619 20962 31920 9909 22228 85232 60479 54374 89813 90128 52073 46487 42528 3398 99605 25558 15768 65652 24416 39923 46962 64938 55155 60478 41854 47982 84249 85656 33855 42402 92068 9235 44961 38326 80183 54724 94493 65615 75207 94072 831 38317 51848 69328 70089 10630 84597 13390 27651 47035 81304 96329 98928 83949 81200 14859 57326 78891 8881 8529 37094 36578 71807
14960 23867 37283 34886 85528 35924 46877 20313 75891 72520 8691 36265 11729 13129 74150 27362 19280 92092 91732 59016 51134 52517 70723 40905 34100 58950 49522 84329 79169 95987 8723 80419 86526 65824 48789 45699 56506 34925 61803 2236 85599 92103 65568 87168 65989 60429 28747 32511 90911 94321 67139 31867 64634 67568 13626 49870 44190 60098 58997 6629 59246 32694 98211 96706 89229 68069 66299 86237 98201 26234 29237 83167 18981 28210 40388 16473 4556 17059 99428 32103 3150 45553 92456 45274 72055 15098 95813 96264 26569 77865 9285 99654 12774 66443 55668 98990 48476 78812 94365 90298
78605 33274 39280 37165 34913 8969 36572 97617 25594 26536 61714 83357 53979 15003 34756 39218 51092 59369 94657 55689 92851 43920 82573 61817 6958 62217 86873 78491 12191 51093 42068 73246 49907 6455 4860 49652 38510 104 99873 23974 34031 4967 27265 36564 40741 75800 89761 50014 1773 84329 44917 97710 40741 97053 6652 98318 55359 14905 90970 26131 13133 63660 23992 26978 20816 4799 44422 54223 6298 74445 81638 31583 46694 39294 70846 22901 32236 63504 59788 88843 94039 14705 50206 21461 25729 7318 41128 44617 22026 8365 61572 89375 65771 5340 64530 5002 54154 51196 27376 25630
80477 54732 69322 50811 27838 68953 45661 30406 40458 11468 22351 6467 47532 92827 5591 48983 98682 47572 24685 93894 28542 52459 20829 29435 97500 35816 38700 51616 38843 53014 8612 63934 54839 36197 83474 27800 23626 48377 39221 43007 57440 89460 88926 58627 61434 29231 62707 76835 39642 76446 70238 31487 99931 50074 77267 44254 25364 88517 75733 16687 22915 66651 98904 96037 45955 98492 52986 73062 15614 21668 88436 78649 31882 20322 75244 37935 17616 4373 45779 84683 50636 52109 74710 76426 51485 69705 19700 17949 13920 67998 72293 25809 24539 29407 35936 32434 89336 51865 80384 36957
51786 69753 57182 26221 40099 68421 66185 67066 78621 6594 45649 50274 33305 25411 1098 63323 5748 88824 9047 69674 81184 17204 18636 82469 86768 74855 50916 37040 37721 19871 11933 32309 19835 58403 26489 75323 34526 45276 69113 83230 72289 3525 91253 83218 96081 82567 96207 64407 16301 87405 20513 24291 55038 86721 70779 42877 59549 66628 72513 36136 33503 89092 75578 93197 56832 67584 993 25006 6707 375 38488 28517 97022 94114 45043 25729 92795 10276 61685 5586 5037 31878 72852 99854 93140 15178 12483 20790 46436 22335 6175 5478 90045 19698 19977 16223 30726 11249 6007 2174
72490 17411 89887 69967 88567 9411 30113 40978 83191 42787 76875 27828 41696 45749 54972 67874 23012 81922 88597 47414 62172 76686 70827 89712 59779 5498 11371 97149 87270 26593 19683 75211 36637 98248 39280 21819 67832 78332 72590 6430 51282 83861 24780 9913 53007 11915 94149 41374 20613 38870 61202 66612 98479 4220 79880 43608 81390 20842 89594 9100 53046 49926 99813 44587 49103 82217 37756 51598 52342 18759 51357 5746 73434 26918 51386 81541 24768 44379 99512 17480 20920 84253 50923 54214 8031 86723 90433 27298 28763 91874 29623 89156 63962 14089 33242 15398 589 99798 64461 15951
98708 58862 25263 70909 96166 50684 74381 41361 20382 60144 88798 95114 25611 82055 34502 6995 68036 97402 50691 60601 79489 67605 44485 97323 19106 28226 6057 57299 67166 36257 4108 79630 24303 22719 21041 60908 92484 67193 63844 66074 16529 98479 12853 22769 24915 23491 47975 95871 32167 87053 37119 80261 37607 98891 22825 45088 53680 58056 9310 85004 96167 95643 95002 21232 71604 8472 41484 26067 4229 28132 75397 13345 53034 10348 30196 92345 74346 65346 15425 1877 96504 19503 18354 37606 97460 73863 35818 57107 70639 926 70527 97576 86497 84320 22069 80351 26665 69907 55564 74298
69165 5806 88739 12355 44369 92238 59132 81298 13662 20084 64130 19643 96987 54461 9736 36640 25712 21214 289 53139 59773 98554 73560 56488 25305 25061 17891 63166 74282 53217 49119 23317 44323 81202 69846 29064 66734 74208 68222 48639 84937 67587 19763 19355 82345 93085 20104 30015 2312 98693 94688 24553 16541 33812 94856 40584 10149 6136 37956 24003 94478 74335 75503 95153 68899 93778 2395 91731 87979 25090 4115 84259 80796 29561 54086 53810 42155 71567 13080 81605 25472 14331 7756 84403 60650 63191 81547 91315 98479 76041 55609 65051 68621 21792 14136 38448 80127 80903 71291 50800
81187 29793 70300 67198 18826 81255 88171 62231 44552 53884 58484 58662 73012 88268 13350 16307 31991 36485 94404 74543 47142 62170 46536 40701 81121 84143 62258 98449 83683 5530 29713 15286 76379 21536 62449 94214 36832 30720 86828 90158 39653 75325 77264 84135 27597 92898 15166 30015 55881 77104 17394 16633 5282 54572 41027 89042 65972 31949 82121 52214 95002 15161 83304 41443 6218 78612 25993 36181 84145 54743 1427 74482 4183 44771 2572 70207 8506 5297 38074 34796 33558 72576 66089 95572 26082 42456 5119 55187 12419 63241 79946 71786 22518 90734 86824 69990 28730 30875 48135 12995
56767 80040 90956 64039 10035 40013 17278 88672 3717 37892 41588 50734 6553 31308 74822 69623 19904 37750 13138 42462 1150 33631 51593 18650 48681 1383 70200 83182 59461 31680 98253 25663 53161 37000 62505 42312 77147 43430 90067 5039 20890 23056 46562 63159 11211 74671 12694 3371 18211 32739 54199 27566 76053 24546 57417 62532 11614 77453 31135 94223 64144 36468 22804 56826 75941 87439 36669 91696 59182 13299 78480 93681 19526 9626 3239 99708 70770 23240 87578 64879 59315 50353 92046 73022 72679 98430 97307 29415 73393 25936 93021 84152 93802 76711 3453 8456 84049 24164 893 59265
64018 85453 3394 54213 37027 17043 89418 19061 31201 35634 56398 73986 10514 20545 82057 22536 14684 67424 91185 76681 36375 67470 52780 4382 74108 93542 97767 3894 10379 40422 85905 24511 1362 87695 43852 96047 5409 90536 73820 21131 75265 54759 84417 59987 49105 40082 57027 6560 71282 26346 35788 49451 34280 11021 8584 13634 6439 49205 74779 45537 62517 92797 49166 60198 41604 34252 55888 82673 46414 29684 29043 42427 45721 74720 48284 86434 51036 67441 56712 5606 6859 73300 93677 65482 15157 31049 88812 88831 70386 47948 76019 946 54542 78531 68077 7019 63185 62261 38175 80444
89787 55446 26815 70245 53749 1166 37538 4791 60855 33252 66358 47488 76224 21012 57985 46773 15909 31516 44820 41486 2441 64827 71528 51096 43043 14217 81699 25695 76523 85876 43547 46244 9034 99709 54469 51710 19915 49891 23378 10005 99334 84146 22621 44040 23840 41074 95803 94973 76655 34508 45613 89572 41999 84878 30358 83629 96572 38901 8407 2448 70675 67720 84641 39222 71056 52330 99814 88012 206 94584 88465 48121 73056 91357 10340 88965 43357 95965 94706 14008 33750 73483 61840 94760 76682 12071 66923 36381 22887 17900 59665 67579 32444 8986 78263 96182 13097 26179 48567 45818
95136 22522 34511 99822 32827 42543 46173 94406 62373 151 18971 70925 6924 43668 43416 29566 74663 54225 77422 95026 85188 59252 84149 91507 91351 10390 99815 98323 59986 1320 34360 25633 90281 48495 28272 87528 32083 93085 12659 50757 37232 23603 57024 44235 16345 67496 3865 41758 66875 45348 31707 64547 17621 21088 99974 19086 38246 43422 48007 69397 74005 73106 1243 2255 15285 42152 88500 95345 49650 40127 15682 55240 67052 61391 22932 99188 95736 32864 76966 33823 35261 92592 78470 61202 47442 71960 12519 71181 3275 37604 95289 19642 11806 21030 50535 77071 70249 53081 76873 3766
15128 53841 9134 49413 88447 54674 61070 41097 69509 47763 44892 23631 21835 83170 13337 845 66075 4317 33947 62016 40176 92809 25540 79726 97129 30382 89781 25889 13240 92044 27708 54262 51042 30136 77406 45109 56256 27977 25461 65820 19830 67012 4964 32575 54239 8806 4557 39228 11417 20903 95467 45279 30986 19660 95529 35641 65434 40879 53759 92560 62893 10349 83934 74358 39175 68169 96645 99423 74174 31740 77661 14476 79655 49264 86889 8267 85468 29877 45885 76914 50022 25394 92269 94318 30460 60694 86717 32355 51137 22090 68843 64260 29410 83739 15152 19742 4449 16661 72577 13505
70436 15737 80963 3968 23524 21373 83193 52482 63892 31065 61434 40230 81718 18202 74931 89950 55327 25608 12892 15000 20615 37609 10326 14297 16659 53832 36811 86024 25534 54755 5734 96378 79525 72029 66548 58501 98295 74327 96629 76981 39583 62310 41273 5279 24100 83654 87198 54082 3176 74327 99763 73012 20310 8525 18312 41116 15366 12419 75237 55474 76384 90721 6275 19589 50231 12491 91977 26954 21119 17954 59000 56352 81242 99443 48457 69958 72828 86474 83223 8378 85393 53408 52517 47276 34910 29594 15299 3776 24129 23628 30956 13727 53334 43817 34785 82250 18127 59408 93045 36083
33135 42307 99242 17422 73126 97966 16883 20656 65906 46126 52248 23392 56721 84846 63111 95132 37373 84994 16739 91625 17642 7495 20947 65353 2401 57743 61015 80219 79584 74899 15347 68094 38814 5615 42875 50792 52644 99379 16890 64977 38143 47633 11941 3608 51977 72221 60186 43798 15804 24378 6391 67549 17620 16501 44998 29431 67576 36889 3772 85118 18725 24757 23943 72313 24308 71092 97103 37894 37740 35020 34816 69470 72862 34474 73592 92605 57238 56145 2198 9295 9301 37380 87893 44330 62736 54825 71354 38688 94514 95535 43819 54980 71673 92127 49330 42613 16056 27073 66793 27562
38486 37048 3511 8225 16697 15294 65215 86860 66944 50893 25739 60641 32867 62050 26499 57359 84918 66607 40448 48722 29610 55018 90916 92688 34672 29278 15071 46457 72214 29922 53744 62288 24133 76697 82791 48171 16431 79446 20233 50736 4135 52108 88478 31285 71422 20513 52960 40728 53881 60083 68779 94597 93686 14295 57636 91881 49039 18293 66843 16461 55271 39284 44955 78122 57078 47451 13112 39805 39184 39183 41490 9925 22029 28263 35870 22921 28560 75698 50271 3842 38687 5278 50636 75563 33430 46567 32954 8519 24199 57779 4304 9308 7903 32115 63668 76933 30708 8935 77015 48075
53200 59827 97211 52767 93121 29338 92386 48953 25813 3828 80286 16873 63638 63225 67277 64884 43480 96767 11303 76136 68338 70651 70141 1113 24784 77075 50427 48786 66805 89985 96753 27727 42357 33364 33320 92487 64622 56590 39170 64020 73126 56095 22973 28524 10821 71618 31539 202 9900 28057 51990 71117 62149 36121 14847 16017 52879 89511 88079 67465 40426 37399 70090 10887 19634 55834 56916 52509 4941 21191 68212 77593 46632 18650 52910 31583 71627 2516 56916 21687 61013 91041 94990 12605 64590 93685 81038 44616 15609 76275 28060 9237 54407 806 20735 84189 19865 4178 72479 5824
5397 18470 6664 11700 22494 45595 27228 62886 1820 42219 95578 63207 49738 43847 80636 27886 76054 6577 22285 6964 92595 32763 46927 92584 31309 61358 26776 9140 89682 84480 70629 78927 97728 15526 59038 84131 85654 65339 88958 9007 74964 59297 24379 84708 79197 88366 23282 99222 11002 92961 25207 56794 94058 76082 85282 69104 72444 41149 65931 64435 31385 13383 90688 99634 85171 41111 69524 9408 51111 5535 8677 41759 1881 86835 86211 84738 58325 46312 65304 92097 57089 23246 45970 66442 23313 50705 889 81271 11133 38484 38799 72817 90119 17761 703 99728 51418 52666 56783 4879
96083 25959 70600 59218 53784 33131 40242 21054 70190 54195 82725 17777 62560 37529 22366 87312 73052 78845 17311 5098 21988 4292 29260 69173 53399 94972 39355 89987 73836 23543 25217 96772 83073 22028 21539 1265 55701 38106 68929 84119 57599 71923 53088 87820 38117 89601 76221 76431 97215 82110 36716 72481 41073 91803 28730 9386 14348 20071 88554 5249 45222 78963 18216 18403 77601 4568 1604 49356 43299 70974 77239 14501 12681 52327 73482 51629 97780 34278 40015 24372 76719 31508 38710 79383 85541 32457 69340 36795 10457 56538 52857 80924 44474 64035 42130 47584 86086 43388 13731 74793
88707 69211 16482 90893 65903 49185 24940 20070 4941 44543 7032 92476 19616 89578 33002 58321 72327 35900 76784 62774 75437 27400 32203 87688 75755 77249 99463 38201 94818 35572 60719 50366 26417 79292 46020 1922 7818 76667 42296 21153 26502 36651 30467 66694 3012 59104 80420 66940 91127 95365 43950 22133 2054 54276 76023 91008 76542 34679 71011 47469 35643 5054 30949 83171 3987 55865 74475 83067 32774 15839 97328 78041 28515 61698 26131 7467 36599 32719 23626 86510 29189 2041 12352 88722 44242 62712 52456 56748 27685 97025 52575 89624 88332 53800 51129 40536 63829 48104 16160 27381
76081 90437 94588 21197 56190 34560 57481 15351 88668 47972 29789 33140 35770 67068 66017 17870 42820 25496 40919 27529 3998 46454 53885 63850 20596 87920 1783 55023 9433 92915 14650 78161 85530 13920 98565 10602 92903 24205 96599 29502 27751 87424 84832 94928 363 94350 89595 40236 53277 6217 33344 38772 43373 45133 45622 94287 32470 77848 13812 84344 35603 23801 71110 41095 86550 78142 63066 46486 25582 41034 38888 59967 36849 27527 64272 40057 44830 78011 1816 65622 4565 61052 40853 77256 61859 93321 80433 14761 47607 81754 90440 53385 21219 8769 50110 23760 79700 39065 43199 72899
88849 9165 57588 66012 92199 28984 39115 83541 46198 82967 20698 52423 43728 64558 86054 79106 86435 4239 80337 98375 88217 84008 64864 62966 39157 8673 19334 17085 18369 98609 29482 36017 51252 4884 10782 39791 85758 88459 54595 56700 98372 97197 48724 1317 66143 18665 32161 81922 86776 79299 75276 64526 66203 20309 15538 17154 36575 84899 87061 15750 1149 45829 19819 57884 29967 36760 38915 32939 89005 19646 93490 10147 42209 70648 35868 30556 94689 33305 28458 81723 15140 57009 43764 42865 87248 86967 38880 10390 40276 54389 26336 69094 98449 46921 46505 77474 1268 18243 27092 22836
96890 97329 50888 82911 7073 8415 82039 87913 28110 31534 45580 14683 90977 91355 63606 14129 67731 76742 85203 9769 17784 76650 16016 40598 30518 83663 82967 29978 6524 14444 35666 79192 22714 37011 52141 3424 2782 28327 52083 84045 37494 75846 65197 24025 89999 90613 96574 49211 29478 15830 59813 12279 33625 15987 20575 66355 77059 32039 45192 95556 66730 64017 42510 20822 7959 36860 32200 78624 1415 45192 93046 73890 41526 3092 56723 58055 90265 68004 86935 65276 40230 64901 5992 30946 58903 14664 88340 13138 83257 79275 3350 260 81203 79934 75980 55138 15486 2756 35925 84472
46733 30264 66287 32580 23125 31161 97158 58256 17753 11474 6740 81388 83207 97952 20829 12509 23179 2427 6433 10828 23713 8795 31129 94771 88158 2858 28762 36676 72628 43384 8620 30718 89521 53259 34325 86967 71259 52366 50173 63382 14262 38323 92987 28577 26624 8814 70062 6775 57177 4859 89542 63622 15084 38287 91721 51743 61064 59693 58709 28483 27925 7781 81158 13437 6109 98661 4084 57523 82279 89053 93871 65015 61469 93541 6593 70804 38381 24245 79139 60801 74892 70467 79898 77087 53855 25502 26134 98045 40632 71086 94706 56689 3675 96562 9633 15357 43471 90789 60438 29990
19170 90655 55208 73977 32170 15599 28110 7100 32221 11086 73711 41171 23569 40844 88138 60124 50404 44656 40988 45324 23113 40101 91620 80096 25814 96313 97929 45301 86247 52352 45170 74284 65362 10766 22109 10464 32326 36762 55623 84104 40596 80047 97835 87483 22665 85450 12840 27920 31716 29140 68738 23088 16956 8664 39482 29232 84826 4990 1304 69879 38242 13352 78010 57390 18073 73650 37397 91586 85543 30656 47920 6896 624 24913 58941 24676 46254 82877 62090 8272 45122 72434 22143 2223 1598 48192 11723 79455 80510 29575 82120 52684 997 17871 51013 20755 51542 2650 9168 81638
