99 1 78945
11151
59296
10351
64373
60749
96233
67858
37736
55613
15056
16305
64013
73388
85431
37219
1078
58989
79994
70468
94970
62337
38509
23733
59640
31131
98390
76213
13230
98559
98712
66182
89399
75704
36833
26196
46768
93340
85532
88363
47615
40498
35550
77086
93003
18476
35147
43678
51104
81975
49620
50463
23152
92250
93422
24952
85738
63186
83140
78705
55840
37166
63633
15715
813
38234
7784
26187
37847
93587
90905
53945
66833
5809
30434
50245
19763
95929
41116
51484
4961
50822
32822
47010
87187
81901
29052
83635
76596
70883
39044
91477
62144
62042
77022
39516
59284
70798
59919
45211
