77 77 789445
34638 36741 24309 10972 7701 28927 42258 36910 31687 39125 20145 16379 35295 25465 38691 7804 13582 40106 25213 42915 38087 26883 3866 31164 44664 18355 31544 39820 10354 24222 30626 32356 21539 18328 20887 31956 13728 7098 39973 11282 29693 33646 16177 4998 18331 26106 32743 8142 15848 10836 35209 20788 11480 24494 5042 41361 18049 38866 37512 15629 29022 10067 20909 4951 32372 26586 8693 7885 10527 35489 29847 18330 1125 5741 14345 10658 35823
36461 39463 961 380 27995 43288 7099 4331 12616 11862 32040 36395 22807 2554 21184 21808 28379 18761 27166 3656 27182 6360 18125 37332 4331 7286 17354 9453 29330 7524 16425 1478 15931 1979 17196 6622 20761 20422 24508 807 4170 43577 9579 39785 44634 3624 4008 18082 1950 2267 30301 35914 19785 30935 4541 40531 26055 30665 20308 22081 24412 353 44753 38524 20506 6825 20484 17893 21177 43620 3476 29555 44465 44615 40596 15049 4092
6647 3580 997 14903 30245 39571 4869 10999 28353 41185 26360 19442 31197 33105 9236 6507 17190 1833 22876 18877 39564 710 42732 38352 6966 12118 22834 16449 35800 4439 42270 43492 25260 2777 30360 35081 33992 18721 10161 6931 21835 1088 5338 27230 17128 19174 5195 37978 9372 20195 36490 7643 31340 38443 19725 31385 36264 26503 44211 7350 12470 6747 11300 39442 39686 43716 5166 23475 38344 36313 26958 12282 10552 33914 3065 40893 23518
22922 17074 12209 6351 41999 6109 20759 20561 3321 15219 21234 14011 4443 31568 12324 32111 44560 24801 38817 6037 43652 26490 13148 1780 7505 26561 40355 24395 44300 40196 38031 19302 18851 20813 6480 27380 13890 11788 19356 22262 14316 22679 14577 7443 44118 34828 29462 38318 38923 43566 32355 23746 28609 28009 26578 29386 35533 9644 13200 25683 36555 3995 11375 25009 2133 20070 7463 13547 39118 6086 45033 20169 45434 15544 29958 3669 6772
43718 36720 13971 26575 37368 25509 19658 34290 38672 35865 38465 10309 13419 37275 25272 17961 33084 20260 11460 34118 11014 15867 15742 12749 16383 28568 34408 45349 6686 45611 8643 23001 9997 12808 3911 32586 31456 38473 42150 43956 12578 39756 23762 11149 21512 27039 14517 6035 5687 10384 41049 32814 16942 11250 14865 33615 21140 44104 43723 7653 44966 36355 39046 26794 17830 3480 14605 24078 19769 41118 35587 25918 13148 9817 32116 45277 4309
31660 26305 7634 11778 37185 9073 28312 35366 1046 29688 27399 39747 34514 18650 15629 36063 24269 15379 9253 37711 28240 4921 11887 17810 29770 24573 43959 40902 11906 28857 42854 3732 33103 41802 33367 41623 43471 1216 3300 13411 20506 36710 19041 2647 23772 32835 40862 26843 23599 722 42011 17095 6812 25776 21287 6119 29397 9813 13298 22922 7792 13962 25927 34373 28609 7704 27601 22749 12007 40272 5610 21266 36905 29900 44384 24055 32045
10369 8347 33305 12706 20623 1986 32406 28988 25116 11177 3507 2117 37247 44338 17957 38266 16154 2218 4609 39709 30845 34665 25904 44488 25373 43113 15680 35206 16693 30314 30109 23046 44633 42126 19298 21784 27252 41825 11287 33540 2917 21733 44962 2423 7209 36921 20763 4793 34759 4224 15550 19774 27024 21000 29384 30730 9625 40837 7039 35031 35637 29946 13878 38265 31888 39739 2367 38927 4518 22193 4311 26040 7245 19672 3397 2350 39042
13088 2598 4989 25793 11812 19430 31668 45510 21396 38289 41004 4398 38890 44621 32182 37935 18694 15210 39118 24011 24073 1274 36237 1065 5513 21709 16239 8000 33236 17934 3223 2913 10023 33088 14756 18981 15587 18296 18678 20514 33645 16117 9166 31574 2801 11892 42532 42684 25897 34642 45296 1867 10278 22104 14130 43976 32556 23491 45474 35540 26742 26461 32091 34930 41064 13091 23732 19798 43080 19197 19724 11582 21909 10156 10938 33377 31483
17579 9688 19514 36159 16022 15414 43656 13282 29759 3509 5816 30463 22531 16826 26128 28720 33550 673 2067 31485 28237 10559 4138 34998 18323 20669 15023 22934 12554 26783 42942 3940 38842 20424 3412 44404 15673 38360 26757 27509 26347 32243 31089 2315 14793 10117 27778 2980 45465 4110 6845 12772 9289 32604 33862 24792 35925 37247 44310 35296 32016 44309 6866 16931 21871 5821 18481 34730 12710 5367 8953 11102 19865 34427 18047 45314 23707
30945 22807 43369 14307 30168 43999 9100 27440 34269 7551 34262 19780 21049 8665 15480 40625 23791 10462 45046 40133 26514 23144 26429 3347 24803 38402 6837 4047 11836 19503 35191 12814 29892 17855 23387 35003 35871 44280 3168 4978 43863 34203 15181 32164 38740 5049 3104 12662 8634 29348 42339 2398 10314 12441 30091 3028 24061 9254 12901 28553 37518 7845 34940 12845 28588 11262 17275 18826 6954 43874 31579 38184 7861 42080 34013 25615 43110
42313 37561 41013 44527 35068 21660 4089 40300 14238 24211 14709 39667 37257 17775 4285 9181 34319 15769 42420 3037 3385 37707 43818 42275 41700 31678 23950 40471 31708 31062 30499 27651 17642 44608 14164 24487 37498 34596 9350 5733 36138 8186 16243 40929 42997 4574 17193 7639 6706 16870 15725 2564 19560 35283 709 8806 32009 8670 2340 3344 24136 17583 41851 11555 4623 44184 40945 5523 33362 22082 422 18769 23899 41503 29961 5584 5145
29407 20725 7804 38337 24452 9763 3867 39706 26069 15849 11036 37521 16450 27405 45379 36241 9197 13885 29219 8915 18317 34536 36039 27695 17787 17264 21624 6958 18503 12087 35846 18842 36285 8170 8715 21540 34338 14051 2797 39297 15649 18329 17353 32217 19042 26750 44836 44079 23945 17535 29586 16020 37828 42574 31696 25468 33550 44166 2989 7820 36666 37745 26350 16347 15218 23974 14212 36882 43646 5147 30353 6916 40004 8232 26424 34703 4649
10394 16163 5595 36043 45529 41522 6083 31692 35486 31037 12907 21503 31393 29084 25296 36469 20151 37368 30362 13517 33360 12869 25601 12855 12893 7817 42629 38820 14572 25364 23315 43519 12702 22001 42740 15056 38629 13196 7770 4750 29644 24944 16004 11370 21408 33527 9714 27465 24573 32175 29769 5367 36256 23196 25553 44995 23034 5385 40050 23331 32804 40653 38546 44745 38211 29552 37305 16535 11289 19590 11465 5986 38317 9984 27188 29113 29301
22622 41561 38168 16096 41454 43440 24508 43366 5402 22486 43280 6007 32364 28374 36060 22602 35400 11051 906 25177 39767 34521 10041 40708 20765 24707 30398 22989 17493 39204 29323 11664 34465 14543 40347 42276 38520 29160 18787 33726 18399 17782 38456 8288 42973 19046 41704 38976 24130 15291 35044 29064 40303 21026 2221 7183 8130 8621 35329 33034 32683 37694 9560 20645 28363 28748 19318 4873 30559 37856 33853 16507 1229 3328 2158 38971 21316
36124 2278 15291 19773 3164 27157 27038 39766 45554 5081 1198 9590 10468 34994 22100 29166 22370 26109 14442 21096 34235 17035 26656 44360 3485 35199 14486 42271 7381 22835 29580 26356 39187 11944 23696 3660 43609 11468 19367 30745 4690 8656 26590 25230 4150 443 31594 41799 38376 45291 24763 38945 9032 4297 6929 3332 35198 41147 26599 33299 38508 39978 32855 13458 30105 6369 14946 28174 21775 40515 23035 9677 40517 18424 39181 16805 28238
10079 28306 11505 41056 4957 40767 33147 18063 13877 39346 27839 27733 14737 17823 1232 11716 31466 31445 25164 20677 42687 38141 19513 2964 15875 43826 5791 26268 27822 19078 45399 14042 19595 44492 33593 9136 14358 35361 20374 27611 38644 31432 41240 15178 23976 43443 35255 38070 12200 1522 40028 35532 43715 29872 3672 34954 33932 17247 21840 44420 43267 36225 22608 3072 41769 31215 36326 41141 7974 17751 7252 15997 3049 29008 35366 25290 7371
41260 19258 15711 27007 13902 9960 9286 22940 29515 25612 35241 21888 4719 25254 1971 3711 26876 26027 7356 31531 15402 30736 43620 22463 34094 20999 5189 25692 20531 23513 42672 28511 22072 43254 8863 36234 14417 9427 35016 9856 32634 35283 15970 28922 16754 45239 24184 15842 7343 17923 2447 6372 18059 24498 236 30705 34012 41766 15081 5841 44065 1916 9906 12990 8663 28672 24917 26034 43790 43767 13149 16223 24076 10687 38643 33734 26642
26400 22753 42266 32930 6340 7853 7640 6117 36748 14448 41161 1807 3988 12036 40447 35977 38625 21805 26622 36552 10849 33937 11001 28756 39380 24318 30550 35038 21085 15190 37395 32305 39281 5813 35510 17468 6988 8245 25578 18879 35882 26932 15015 15069 38719 29455 41192 43816 45580 17528 39628 1032 43204 1274 32421 20586 19443 39551 40379 13504 2839 14617 20996 409 31380 44993 875 43545 11959 33061 997 24557 33878 16302 23514 40803 36195
41893 35098 4486 43364 12632 36208 18054 25066 37935 28228 36550 25259 19770 43765 20823 45654 2739 44909 33446 42886 14776 7780 33849 11577 30603 44857 10880 23539 38667 9681 8387 38303 42118 20485 23339 11062 795 20697 8551 3386 37069 20351 31812 41766 23831 43296 24361 6430 44997 15762 44160 5743 28758 44378 42140 31009 32397 44354 27425 4616 21353 18836 44216 4076 3611 34964 15732 22673 24187 1420 19169 22862 41210 27770 30631 45574 23805
25058 33180 12393 26542 26287 8323 12653 26637 35582 2009 6581 32412 13527 37618 15693 2049 23870 24875 38524 36119 34649 31311 1719 3969 2012 36956 1405 43672 11628 44618 25420 5593 4674 16002 34393 30247 16059 24156 15647 15325 27885 3169 8188 31017 26762 5784 41883 34018 10970 268 34089 36452 41220 36326 2790 38138 24634 178 7477 17080 13370 6300 20436 26793 1510 10973 44792 26262 28003 28472 39740 39966 33154 15270 34193 37573 29567
34348 13232 32071 14067 11168 28801 24550 29291 3609 34020 9866 30330 36554 38973 41335 3533 25356 2770 20241 21732 21007 36479 11695 41704 22816 29960 5763 10804 37498 4168 17754 21982 9169 30608 10204 38617 41506 10418 16777 28652 4607 2297 19271 39568 17423 39777 16171 19768 14573 33870 4940 29431 45088 25642 14484 26268 22905 38073 38848 12634 45555 19599 34717 4835 25541 14827 1995 13955 25382 43475 39119 36306 5121 5482 25614 26874 32704
44775 15479 29003 17890 25730 432 18326 44474 25083 41941 38033 18715 29506 14029 15866 8270 29481 39046 10818 3974 441 12770 45188 1263 15853 3556 14823 15040 9977 39791 45608 12224 21515 23267 11089 7616 14986 36415 2562 43204 45154 28362 16958 8360 39538 45276 33856 24688 11315 42133 39998 40390 33365 22403 17629 29704 22301 13450 31049 3811 8033 43179 14434 10270 29293 35715 18362 32965 31275 37866 19533 41915 43785 17564 473 20364 24242
14304 30517 32672 29879 42000 33193 43220 22949 23471 1752 1568 39772 8911 19883 26209 274 29584 35866 22635 39473 42737 5445 36938 33942 29375 16149 39622 17780 40962 20056 5101 6674 11016 2424 34344 41504 8256 1917 14720 24872 38804 30874 30491 30093 20774 29465 21405 25089 34637 22980 3803 7197 18919 34615 27141 23035 13184 19634 2845 11765 29130 4118 43804 31356 15825 31843 36065 1599 9599 4568 24161 28280 5538 44894 16906 38208 3712
28701 28363 20412 34598 12525 29272 12961 35981 20583 15331 21741 15136 18628 10057 42526 7400 26548 30396 1733 10337 17569 29950 32733 30797 20848 16624 42388 4888 663 6621 4335 44208 44324 18795 41846 35947 43527 12369 24645 17457 44997 34219 6200 30884 33455 4333 498 13567 2310 28381 14771 26098 36231 27817 41811 25367 6441 3737 34327 11576 27322 43675 40776 22377 14115 29188 36791 16989 1479 27946 13837 29289 35008 19044 37738 19888 10230
407 20086 36711 13768 20845 39633 21919 41966 45171 24472 27341 5367 42693 2078 18129 19310 13870 35165 31798 17624 15645 935 12014 1526 43176 42352 44952 35677 36207 39952 40309 8910 35644 7800 16624 38498 17137 28165 13102 20159 20736 38100 42968 19541 21235 12236 11011 7134 24239 16578 32978 10673 29418 13188 33243 23042 32713 555 38711 8577 18372 13308 7733 11370 14562 19379 11320 23446 23374 23843 41015 41275 13589 38035 38411 32505 31260
32956 12188 35301 13223 26843 36767 20201 44820 911 1245 36039 38277 19068 41189 42282 9835 24763 11555 5194 15097 2723 4140 20439 23406 18014 12514 7899 30096 22188 4696 18764 29329 30365 5894 34530 29946 611 30904 12049 9041 5533 29008 31610 39217 15984 4579 1849 5447 32819 6103 35709 6436 3422 24148 9199 21525 35313 38637 14924 5853 7439 45669 1115 35505 4496 18663 1702 18882 19009 27788 38438 3495 20680 25920 13707 28831 38722
21207 1050 19131 17369 25530 22410 23975 32452 41588 43290 8375 34624 17558 25368 39354 30432 3148 9268 12960 30315 11265 8958 35583 43196 27843 1857 43822 6905 40087 31078 19131 29433 41654 30548 257 2355 38866 25511 40587 19146 3262 21684 23996 24317 43100 41831 31583 11200 13068 37892 12442 2232 2482 26838 8078 36719 31179 28939 38584 40081 25976 18967 24198 13084 3567 35943 41036 45151 28052 44668 13239 27458 16814 14254 14897 10081 37719
27214 14351 23250 6626 36508 10520 42539 44142 35248 29378 24290 43020 31398 23045 31746 25453 13493 4052 30794 14330 26682 9372 32433 3668 16239 20352 16341 25902 38499 45529 36247 34759 44003 17908 16701 29429 23188 45226 1019 11740 37279 4729 39848 13227 4777 28912 12702 7196 5738 22501 21600 3208 35351 40418 27778 34208 24320 21533 40523 12492 16922 43295 29090 12005 3350 14985 11556 22529 40996 18794 42932 2809 7246 3774 17435 24835 6708
38534 9760 2308 31820 3965 10280 16357 38829 41820 41614 1432 26030 6665 34577 9466 6033 36239 25661 4719 17235 25794 8587 28826 37993 2645 4728 24934 25219 42741 7269 42196 11557 10334 20732 31134 20140 11331 839 20455 20468 21607 14313 18512 8236 536 44231 26235 998 45510 29019 20582 6079 23183 17026 23166 20977 225 40351 36607 19450 745 26467 37940 14714 12517 37244 10825 41885 41949 10593 9019 22515 32191 31915 15499 36323 44658
39982 41713 18832 10138 32898 41236 40432 8078 5869 5541 9677 30292 7177 6009 34157 31690 15055 9124 24792 34685 7065 8595 10388 2460 40430 35290 43011 30103 3813 8297 21029 907 14177 9064 33350 5662 26373 35230 11877 41331 438 33867 8022 39832 36205 29921 37198 41115 44879 32969 22421 45069 10359 25922 26977 35005 21524 35079 24623 45082 28316 36374 17067 41818 43432 21560 23830 27009 4415 36609 43551 10863 19303 19470 41709 14242 40663
29405 25193 44458 33670 10123 18361 18281 33861 5956 14121 2139 10713 36224 41351 16514 10005 7881 3701 34274 25970 13291 23400 6823 34876 3146 29785 23951 9872 20211 6109 43042 43954 7254 8051 29807 7603 43201 39188 12881 34360 35995 23083 14005 5608 34669 25303 33381 11314 3755 33524 1199 32130 14383 21910 1172 29452 40765 24034 16729 16962 1843 22730 26926 33231 30549 31059 26669 10771 27248 3946 2805 25516 43927 37690 2885 17883 8978
23249 7033 3452 12368 2360 4542 37250 13688 9855 10783 15543 27433 34546 34953 17187 44428 29008 16126 38813 20864 19156 18111 42584 33476 35297 13847 37087 44483 30799 25005 40170 40973 33208 26230 4434 9881 10545 23778 15437 2809 37643 3112 9123 43167 28445 40196 43109 2777 45110 29260 32517 44192 41966 11028 15875 29352 5399 35496 29876 21445 42367 28090 16475 42024 40223 33734 36983 4173 10470 14801 26637 25566 27443 6633 9372 15564 43941
41879 42504 38051 15216 43761 34671 33956 45644 22407 34116 14072 44422 22245 40076 4317 19071 15643 10370 19926 18562 5171 32844 14338 6185 16171 30486 13108 820 7462 28885 8317 15847 15809 17633 42518 42111 29555 29719 11383 13984 21283 7750 9345 27778 22177 28951 18395 42885 10180 9800 140 35051 35918 15461 44729 30712 15242 29712 2298 9913 4907 39246 31350 26095 15029 34885 30639 28849 2742 28210 10471 35676 35406 40276 39176 2915 2766
17474 29828 17503 43257 24047 5856 23567 12222 35825 20002 12947 16652 23530 26845 7521 1052 10034 43458 8503 1919 21395 8894 42294 30702 33451 17801 16750 17060 2486 20699 21824 28521 10827 19360 29936 45286 1030 34549 39424 17295 21053 6447 9064 39019 26662 5243 19312 34962 25292 7082 20206 4789 35129 6663 8446 35594 3503 35769 15530 33137 17086 6013 6536 14891 22503 23713 12359 37775 25177 21040 21198 9507 42382 33559 31925 22454 43414
8204 2450 15633 15840 43978 8766 33746 15740 22193 41834 15637 17899 25447 45043 2274 16641 26339 15803 13498 18189 16231 40017 22051 9632 19665 17816 23583 38704 19874 6937 42744 40958 5125 6392 45268 17678 32096 17347 15799 31390 27559 29311 700 39612 16958 14464 11620 417 26191 24877 200 28519 40580 7182 40198 40600 39625 27562 2167 15017 27748 5504 15572 14685 32608 32066 41059 2139 19006 35209 907 7286 4625 10219 27672 8289 13837
30087 43261 5073 10864 16277 39884 10871 43711 10454 33522 12563 16000 41323 5470 32046 12036 22355 30739 21448 11389 25668 1164 2715 24347 1604 18922 407 33416 42698 3101 1718 4459 39361 42728 31001 16444 20378 21567 18811 5376 6358 26582 7178 28717 19491 6333 43849 7276 31841 21555 19527 30983 31996 36854 11120 20185 42480 6429 28667 24043 33415 21880 35257 38681 11116 10909 28067 2168 9489 45653 44835 37178 2566 15175 16177 33911 11681
10543 44776 14908 27983 36167 44040 8607 15629 17385 14088 36088 12218 36413 6221 28506 9359 20646 38174 28372 23001 23191 20607 280 11207 27023 39403 4578 13603 20074 2338 16007 2331 25415 16617 755 42620 39541 14697 7613 37553 4268 17413 41881 5602 43119 44748 40799 6793 27628 2350 33268 12569 32848 27612 25397 18932 15131 2888 19154 4853 3586 34085 31760 6490 43930 28484 28120 12568 23076 29303 7256 43195 31075 9935 43690 3387 16184
3892 28552 37397 26230 23223 6187 30940 35988 22452 9839 9907 23158 41421 38325 42941 8004 35541 27188 24245 44817 29516 44373 15218 18175 19412 32718 2500 1477 33342 15049 33744 30905 34416 33773 27930 7238 20231 39137 27105 7924 18646 5422 35514 24600 10167 30465 39474 32054 17712 17556 40901 30358 36837 36368 39143 2918 32414 34646 11583 16858 4259 7293 26998 12469 44270 22029 25988 6631 35243 21427 5972 36886 19504 29871 30807 6834 44590
45434 33976 12951 2731 1608 43283 31634 2683 7400 10450 42896 11229 2203 3945 14515 2577 25080 43334 17712 1476 31298 40724 41657 7635 3558 36777 43218 1089 28587 4054 14107 101 18175 39199 34563 26363 42539 6272 14323 43522 6634 4090 9862 7552 6948 16431 28788 25275 10050 3186 19381 41085 8324 24867 14747 5232 1811 1077 44420 28415 33002 9870 13388 28785 3279 43534 24030 29057 39822 2067 45352 35196 36249 33317 27515 32370 23996
11259 18996 17701 9485 10523 17602 18834 1347 39922 4145 39131 25407 14851 45211 44064 30767 15317 19689 7290 32250 15613 347 13142 45457 10816 44551 23807 32743 34200 18579 33191 19404 33146 21393 4027 42623 3843 18850 24192 5826 3216 23977 12400 26591 25673 7491 36407 36027 15844 19922 4722 15910 4690 24094 43753 35919 42304 17891 39723 43101 16599 11777 39379 12599 12355 11938 21932 36529 10578 11511 11465 18900 22012 3244 27612 38618 17373
3152 5411 45332 35649 29378 16219 25963 35435 14893 266 12633 218 39878 27425 34257 26727 29816 40133 15578 7534 16487 36584 8384 30447 41435 28927 35627 45643 8484 20511 19620 10333 28626 39206 10313 12922 30876 42913 17581 350 34578 30488 27065 38846 37370 37789 6948 22788 42208 42446 13000 28030 20640 10533 33561 33389 23874 4373 4494 37239 34323 5699 43287 12571 30727 41594 28913 40490 41048 31826 20236 18842 38704 3398 28362 14357 9644
1565 31241 28653 23841 41072 10494 28599 40766 17715 13552 40277 20338 25965 43463 25331 42990 42023 15742 29544 36741 38342 1503 36876 44020 519 29629 25911 27435 35841 7165 43746 22126 39443 42189 11324 10959 7610 31757 42004 42639 37369 42231 28176 42099 17235 37265 10626 35454 2813 11037 18977 39777 26032 25746 10879 30096 14807 21945 37866 44340 29287 9568 11429 179 29215 28126 16875 32494 43637 29027 8692 7304 2489 27571 4641 7486 3586
4247 34174 10502 36932 10354 15121 33544 40766 37962 34680 18799 505 45072 4844 9325 32887 4650 23391 32193 31001 45420 33599 21450 44613 33219 27837 15027 38157 20150 11245 35061 5150 27106 44714 33093 15068 40130 21673 33280 15066 25223 43868 18122 7644 25049 8931 22133 40338 13831 23892 44305 10102 6330 4277 12369 18319 23273 29011 15095 41770 2806 28234 22572 25356 33587 21208 17532 2238 40580 30798 20230 40312 38766 3307 15055 1243 16889
9497 43485 44635 25847 33418 17057 19948 6400 16070 34999 622 30561 41171 5687 31887 20125 40359 27141 41657 31646 18987 40725 4851 27385 2780 25460 40812 27107 22031 3002 11079 41247 41167 33000 13735 13300 20902 12088 40115 14317 38888 15966 31872 4790 16117 16210 39758 13520 17644 16788 31957 29968 33198 6323 37326 10011 23284 30250 10015 31587 44363 36878 19415 22359 29979 15569 8599 44298 13002 27638 27257 18521 6423 14525 39485 13985 43141
12874 14745 21246 2828 34818 44137 38795 26963 30448 13438 30000 8973 37515 22284 5445 24767 40115 22051 18862 4453 8696 807 33657 10775 15467 4011 4910 36214 5738 21629 42531 1586 9678 26812 22543 18682 4311 43239 26988 10296 30709 35367 34135 17266 22941 22691 25390 41846 6840 4099 11627 16551 35625 1316 304 35021 26167 20606 35560 3918 3190 42542 40074 33920 15101 32735 36748 39993 15201 34060 8849 38746 38752 37090 31248 32677 27312
23614 22995 44701 2614 2870 12187 12115 25327 45071 13902 33865 17545 43740 36021 29704 14004 16457 10005 4253 35905 1479 37667 11059 32573 15823 30432 16028 36830 35392 5462 1254 34194 32791 34736 35128 4485 2527 14937 37965 24982 8089 25339 28723 44688 35267 1034 3457 20394 37626 27869 9911 14762 39913 10181 26853 2798 44138 23343 40567 15561 34582 1813 10838 28109 17843 26346 32098 37913 10042 18830 32596 29839 19017 14319 24290 6704 45401
22120 10310 33627 12827 18178 924 40640 25578 4867 14187 26446 8521 34971 28348 36566 33307 11919 44239 29857 41583 22176 26889 6779 27942 22653 35144 1265 35895 8308 24581 42432 256 31366 44233 29442 22622 23002 16024 28953 22878 17391 39172 11096 34014 18698 45082 3651 9710 25108 10029 28399 39797 32395 24375 26028 27382 25141 7522 43254 12140 14221 12466 903 39242 26390 666 16091 31248 44730 41082 19654 22364 44282 18602 40252 10203 42851
40149 15374 38327 27869 30302 25280 24387 37526 44587 20271 32417 38903 19852 2173 10922 15492 5454 45244 36920 23358 41045 7244 35430 24447 9081 14457 7314 26596 10445 8166 44824 5752 2309 45504 19515 31988 11217 16513 5033 26467 26387 7370 21813 24626 4030 24909 5927 32667 20575 44753 8293 12906 30671 36667 16792 17831 28354 40900 25472 2246 20107 37812 2521 17213 17429 17617 17096 2196 11143 7449 1233 9600 32984 35481 38296 19422 37432
20080 19029 6062 12385 31956 32107 5174 22257 7454 24480 30653 12793 29035 131 15532 37842 29991 32641 32235 38255 5336 11072 10297 36347 21590 25560 19321 15118 42350 41035 20723 22999 6265 19057 34217 17390 20947 13553 6358 896 36811 29303 26731 20871 32531 34231 21222 45282 33214 5076 23258 2464 7141 5586 8405 14254 45612 19603 29184 9431 34600 23212 12049 7101 1100 27524 2701 35723 8114 28215 14658 25529 19118 35914 9013 27753 10760
30053 11256 13408 40095 17756 18906 36209 22932 22896 1755 42118 34695 37522 28891 40223 24512 21615 32669 33879 22891 8331 29864 5949 29786 29762 18874 3462 29656 17079 28652 20664 15065 23847 24059 1363 31036 30804 40259 6577 43366 27185 28186 12685 11285 11389 30807 2249 30779 31286 9669 39463 36005 21886 11866 33396 17859 8773 38402 15009 31798 31570 5713 21921 8304 10162 26624 17536 42595 2990 34791 2759 30807 28688 20299 36382 6867 13209
17982 16733 7195 10888 30260 17345 29292 28104 17111 5459 15365 12061 33450 17186 4213 2771 4886 42095 37744 43111 15800 320 4587 12234 6955 19805 43869 5395 10057 38107 30401 4230 14227 44884 3442 44650 20070 15139 33947 24196 29926 43671 29048 45367 21544 17540 21043 38518 28348 4101 23408 42047 40629 5636 3865 28217 24292 33651 14164 36022 16550 30317 27802 36331 33938 36612 31165 1075 44366 20644 13209 23172 7259 41218 34712 30065 15640
10188 24225 32820 16143 30462 41758 9906 37243 39939 9228 21467 8356 23277 25835 7225 24816 28007 25575 31590 36070 15193 3000 14088 10986 18261 14458 38596 9002 45196 22461 41612 34427 43177 26051 44679 226 14459 39611 38205 31009 20969 2920 22579 11794 5315 3653 20567 43520 7214 9186 29102 28404 38238 2753 20738 35389 23214 38270 41750 32529 30080 41891 33260 11558 16250 25339 1690 18135 25212 8286 37114 21497 37975 15257 21351 38515 20005
37032 19894 12678 505 26945 39941 33923 14011 41257 4976 4777 40973 43070 20537 14070 4705 43670 9236 25079 41035 12631 21552 25748 1451 31594 10716 7435 31576 22362 10950 28918 36812 18629 12904 27897 9748 8052 22073 21117 4071 22552 40247 12963 27015 42870 6193 20770 10147 16776 25407 19899 7441 15008 22041 40405 26005 3097 5238 23739 45253 36139 17411 45244 37009 25092 12145 11444 5287 23557 17823 5299 389 10175 4665 5915 33055 3119
216 27946 23753 10529 13181 16575 4779 31437 9339 35249 41888 21327 33453 19996 39411 17067 27639 24455 42662 30788 40685 12015 35402 23007 44737 26020 14878 27050 25627 35835 38129 23159 16128 29462 37469 27237 43611 33100 39912 16990 25710 8905 18895 16404 31303 22535 44997 39296 8225 27143 30937 11589 13854 28837 18630 28493 26508 1803 41633 5232 15581 17758 25278 13920 2616 39668 27070 1852 38789 8497 13335 1334 9940 13746 25962 9377 32750
12728 25280 1472 29133 30823 29607 41224 40704 22951 42223 26011 26416 23128 24340 32122 39155 35383 17968 31795 25117 38190 34280 11138 44043 42161 20116 10328 22946 17640 8153 35884 812 15213 1840 26130 13468 42665 17681 11470 19851 23543 8664 35908 15326 40880 35395 14036 12559 14607 9259 2432 33264 1422 7048 13068 17825 9817 37144 26502 25822 9701 23663 24523 31295 30567 17976 28080 8682 39288 4885 44074 22358 29083 3701 7960 18433 43236
36762 34918 6176 45344 9278 27012 23508 19863 4056 9245 1295 10089 27676 19495 19754 10466 25964 7393 44281 20645 5571 9549 11437 35315 3119 38373 45649 4152 31518 9901 42583 23723 10301 2202 2244 32781 22470 42788 43808 8755 436 10710 34234 35139 18866 4089 30616 36479 14380 31618 33589 35265 22095 31652 18028 10166 26865 30549 44129 35097 26868 6132 33282 5305 5197 15265 16624 18370 34134 22577 40403 9562 41268 3389 17967 31288 27784
30237 28782 27370 8013 40118 29906 32266 11995 38124 27140 22375 40681 3274 19456 13875 41911 37424 39013 21847 9168 6863 27685 31074 44978 15518 7294 45110 39877 1847 21829 44776 44266 24222 40047 11442 25727 29715 5984 31080 24711 15822 41852 1443 39383 31853 23289 18461 22060 38828 279 32394 45251 4363 34917 10849 19463 13209 22085 1414 28929 23536 29010 36810 30823 17992 13411 7805 27468 16888 1752 6652 41574 41889 35879 22159 7899 8446
34719 2528 31281 17847 44208 4472 30313 44536 780 25381 21014 39213 25760 5494 43750 1048 15281 15946 25525 29497 38222 11449 45455 29626 9816 16415 23936 14788 37027 26635 16500 19552 7036 13469 14875 13238 28737 20181 20976 18442 38671 36159 43523 7650 26771 26349 33734 25953 13738 26399 12924 35145 22827 13156 37429 12284 25481 6802 27892 12030 35126 33380 28904 22854 24804 17683 21663 14092 14368 45477 923 34897 1838 37727 2445 37581 38220
36869 27929 31760 37127 9720 41625 13202 10658 42853 32189 43763 17969 5164 44842 35586 31631 39158 42899 35308 21797 19660 17111 1973 25498 21616 5113 39966 25253 44974 29502 2558 8281 33780 6264 29938 6010 362 11834 25383 26149 30472 8481 42073 6329 9375 7382 45494 8184 27759 31024 15259 37030 36392 11579 36988 36566 18727 23217 40214 35770 37948 13121 28151 18473 29670 23377 1142 25673 42041 195 16360 18135 27155 37369 44155 28185 488
30308 26738 5059 20987 9436 33122 34897 15188 30513 19074 41285 44985 27516 25259 35177 40150 37967 38715 20069 17586 26842 27375 37340 12225 22688 37493 38863 39932 9696 31117 31527 29435 5165 25358 7363 29464 42110 2149 4769 22215 41299 40692 29460 39212 5654 25643 26392 9677 39126 24524 4768 41821 14156 26113 12991 32748 22103 19442 25980 43952 32299 44427 23641 34965 18440 6079 40487 11629 20202 1840 705 8576 42606 6923 17038 41203 43212
9227 23201 8828 24184 5860 19009 26596 11018 10174 27227 39816 28789 42337 16449 33663 12905 39049 4318 45046 16629 28684 15183 13942 44997 5526 36684 14552 40607 40586 30318 44779 30296 39559 36372 20824 33094 23862 11863 22756 1924 21156 36717 24399 32997 20005 28113 40184 17270 42375 10267 14891 8932 28120 15067 10857 24363 19372 37661 45487 45637 13245 44422 39464 30958 15569 23474 32982 11653 25182 44336 13465 6319 32738 43370 14545 37441 27411
39918 9900 41454 8254 44532 12601 44262 10530 11403 37238 6371 9273 1194 5031 22862 42340 25776 24547 5810 44492 41277 31964 39950 18148 15845 23030 41089 249 37850 20996 40186 23781 29877 19537 39834 12702 29898 36561 8483 27806 2148 42676 33902 26485 27232 20036 5642 583 22648 5030 45529 21801 36509 22050 5003 41462 25032 21179 41027 9837 32385 30615 4410 4442 41655 32341 23278 10334 42983 44407 9533 43413 4665 16222 5708 19366 11284
1746 14703 34671 40362 11826 41794 1052 9720 31504 16253 33516 19745 30721 6718 38244 25931 27429 5630 30573 8344 23516 12596 11424 13866 23837 17286 24726 33087 45206 9162 33901 10229 44854 3225 39881 38876 680 38836 10108 24156 1493 30119 25202 44369 22084 15033 21861 34170 17300 22632 26578 2190 32506 44435 9936 25384 17828 39057 45513 15902 23072 44427 30841 37696 33440 41023 15117 10918 14973 22159 37394 36492 25107 31186 45071 39642 36333
30959 18589 34034 23986 16121 44452 7358 25638 2338 6812 6620 37766 27213 22031 16266 6592 13180 38141 37070 23298 36881 28129 4542 45475 25160 12693 21541 17852 4386 25567 41909 17799 19295 22816 20637 38680 31326 10107 31087 9061 32724 9497 40997 23024 39619 44935 30124 24222 37144 35732 11246 9284 17365 2305 37897 41358 31628 35407 25717 6708 4393 24157 17090 14178 1108 40878 9060 1459 14863 20644 29521 5853 43502 25711 7075 41672 42718
17066 20453 13766 16934 6318 13917 4616 36938 43744 9691 2028 37336 24883 33624 34925 44033 22381 23829 40081 1058 19444 37351 2551 23548 12232 44517 4280 42561 2346 7352 27562 20972 1728 33614 44702 26427 25457 19628 39195 27846 34982 36196 31181 18996 35340 23722 27492 15250 32837 10947 27269 24454 10370 45208 33783 6734 14537 23231 21234 20404 30090 34001 23844 31090 15559 8174 21806 6818 24843 21581 37602 45349 1513 24672 39096 1048 29288
39119 8589 8058 30233 5797 3735 23233 7777 40678 11015 42692 6815 23825 11730 5366 26562 44764 43411 3170 31168 35411 34881 17809 6694 42171 38940 41499 35980 29708 32370 22780 5955 34054 16379 13656 37004 22277 24710 32036 36358 42069 27112 38551 17196 33904 28656 36612 3554 18265 18578 502 25769 2822 2056 26334 29894 15298 21431 20305 15207 15701 36284 20294 42749 18509 15486 45038 26828 33982 1737 38603 43542 31794 6963 3522 22520 45216
17424 38837 32941 34359 38285 19608 28266 6115 10414 23793 12951 35271 31922 24090 31866 4657 14513 14138 37438 6198 15713 25903 11737 43861 34147 25179 3121 19336 28595 678 14197 4097 39677 23985 41565 39940 33670 43070 32014 7675 36805 6157 3349 17903 13022 1804 39976 8564 1367 22777 11665 20368 29277 17473 6537 4716 9141 11489 11341 25284 12751 35206 39781 17444 42324 25607 7813 26593 23055 14461 5351 7651 27972 35574 24007 31509 18573
43883 38378 37005 26937 13262 15785 41605 11367 28946 22291 12218 44021 19060 44280 25264 3884 43674 24639 14940 30205 1756 9644 44222 42391 10937 28809 14401 7036 9595 23004 45409 7634 41387 4448 3307 6424 22932 9505 8774 1792 11931 27624 12533 7848 45321 45450 23640 12783 37783 21482 27899 36125 26223 31292 3055 3358 14517 14161 29074 3782 24150 22785 11687 38640 16439 42318 31819 1036 2936 34022 21074 30714 17584 1491 14329 38801 30031
39445 18723 21006 34681 15304 1629 8358 33351 24962 14417 4463 13170 38997 1402 5453 26335 15544 12213 29199 17345 24152 14517 22566 27577 26478 21056 24004 45509 28683 2681 29688 26749 37372 39014 20471 29111 9555 12948 2706 44433 22914 8888 34673 37486 43792 18213 23618 37210 31012 42260 13841 20176 18683 29061 31563 28385 27941 31470 13983 14795 19598 10829 9731 38661 26136 14443 24000 34546 5032 26919 42807 12154 44444 34672 28774 4315 40152
43053 42768 37907 29066 1526 4032 32792 27672 41210 39357 21790 12176 12549 32352 19682 9979 35946 19925 10508 19700 29095 42357 42944 17214 14145 28003 23992 10901 14631 33873 33314 43869 24958 35866 42995 15165 15945 3356 42148 14007 27822 14507 35242 29122 11210 24872 37836 22815 10641 6547 40770 10879 36749 23293 641 34079 8883 43606 3816 19774 29300 1332 4458 3591 10763 38936 1946 582 28528 36804 34286 43643 13610 29990 474 748 27331
14318 20701 33444 19098 7485 41845 33016 31481 9036 43107 15190 31593 38466 32065 32397 38078 38044 9484 14426 8338 22121 18972 16918 4777 5891 14812 42968 2796 39318 30180 10064 14841 21533 3897 3320 27340 22754 38927 11181 4542 6803 45578 36288 41240 2550 17120 27871 35579 19473 8919 4373 28041 6030 20460 38133 1636 34224 24700 24150 8750 4373 29478 42605 32612 32426 28662 14026 24208 25621 22550 38065 20949 34217 13508 18953 3014 35768
4734 7721 6825 20100 39370 22082 3254 25794 40751 13477 12018 5401 21935 20060 12546 17870 23869 18970 28637 16595 38700 37344 17987 2740 34620 10657 10386 39157 8302 6909 36951 34932 37155 24831 41501 20791 45409 41335 21264 6140 31747 39974 24697 14049 36856 1278 5017 29069 39378 25712 33059 40798 12479 39714 21722 23557 17205 9293 28618 12364 26602 5796 38931 16392 30768 36282 35637 4174 8715 19108 854 9638 40802 26295 40434 26143 5718
22208 25729 22870 33069 31168 35976 762 40630 6115 15252 4161 6969 27718 9921 648 38821 20159 4574 2284 16814 41828 25362 31393 467 14654 39991 19795 26190 20628 45166 9165 29286 1907 3028 44582 25992 23794 41931 1959 16804 9965 18200 22590 16205 20694 1876 19809 20216 10028 32501 25000 35371 20103 31734 39435 13711 1655 45298 42520 23547 43469 13706 12669 11012 25886 45238 22507 33544 33003 35429 5421 8171 36437 7688 19102 15129 7019
41839 27392 25905 31729 32721 12581 45024 3844 23759 35304 45316 21491 2290 36975 8753 17740 33075 39045 12217 34927 29493 4574 34381 15604 44430 4889 37314 5921 45270 10578 32954 29218 17363 25008 20297 461 316 20228 31634 16615 11447 19298 4440 21994 6394 30137 108 20112 37888 24838 18618 17781 16970 13100 5044 33441 27835 29168 6982 739 13453 34714 41947 43992 1231 23333 9082 40314 3985 27068 43034 6133 38380 44011 9713 972 10747
22005 22812 29372 36803 3940 32104 28774 19611 31279 16535 31271 30292 22510 38672 24602 11346 34630 6517 4268 15998 38622 9876 45576 40450 41649 3713 16037 14667 322 8879 18482 39715 9826 13812 37554 5717 41528 17748 19623 38569 7712 10090 42976 1082 43667 12144 29302 42828 24849 15802 38477 25970 31049 23515 17648 30816 24998 14189 22584 7258 9490 19249 4033 21134 36885 42012 38833 31421 4756 12594 21413 37953 15776 27751 15571 368 13287
9473 4672 24572 36502 21759 37366 4797 34512 884 4085 13969 35279 41357 11782 7657 5553 14135 18360 23363 18960 975 5483 16031 16987 16364 37989 26037 710 21960 20146 21835 24185 24520 10980 40791 15301 40626 38865 42859 39355 35051 35345 12297 19255 1416 44840 11071 14616 43572 33974 17744 14963 19855 22576 19027 25563 23138 188 39325 14788 437 8988 31976 5272 31336 30954 1712 38387 28304 14212 33617 30151 39544 40529 26780 12593 24328
34192 39895 41253 3245 20522 45099 25131 44969 17358 8388 20049 12586 37265 6035 18105 29511 1004 3321 29724 23669 16254 34204 28185 30405 23828 30809 24157 17293 23484 40274 12711 29945 24178 19196 2860 41508 31255 42419 40207 45421 29554 22785 43405 38649 29645 20939 20724 20072 6376 19237 3851 5612 33877 7975 40747 7558 12752 42937 628 18517 14620 25970 39544 39579 36914 259 38624 28217 43486 20143 23446 26234 45584 505 8774 9607 41391
