100 77 789445
6722 7223 6800 6022 25035 31677 11878 34527 20490 28357 10299 34312 5504 1530 29591 45591 200 22190 36540 20528 5410 8811 8744 17561 7423 25819 38047 35728 31164 40294 11831 42436 6782 33856 17232 37596 34502 39837 17042 43464 1964 42759 24004 38190 7523 33918 35024 31209 33768 31332 32493 10985 13424 33771 35630 35165 44219 35122 5685 20804 38136 36056 21022 36655 5710 18833 43012 24383 36837 43642 42290 35306 42090 10919 39445 13318 23417
9642 44798 2715 662 13401 1289 25985 14470 39242 4185 43732 22664 34213 29356 8198 10706 24703 20873 28882 25606 6462 31221 13319 5923 15646 26481 19037 43279 684 4020 45678 18202 7300 26486 18401 17485 4652 24762 42865 28712 9815 40861 22030 22975 2279 37879 39446 28359 30721 759 6787 24957 783 11266 23394 8574 22880 40767 3495 12809 7992 8154 2546 11487 36901 32363 41310 9576 38211 41604 39371 31331 43080 16618 38990 971 5538
27746 12154 10329 19871 42128 43422 12687 42323 18905 14411 22254 15051 28317 5144 12551 31898 35628 19485 39901 12612 43139 18931 21711 20456 38004 45192 23634 19031 4742 42931 31752 7831 31581 41256 6394 4189 10158 16623 41906 16321 6538 144 23739 21246 20475 19774 4410 39531 28192 28121 12676 12752 28673 22605 5581 10297 10943 44846 26145 2673 1783 5546 34149 26269 6153 24556 23928 6504 8932 28678 14652 28177 14356 3858 18700 15948 37156
25847 37961 28722 44569 6410 8448 7642 17195 37683 29552 28396 15956 27080 22680 43090 15277 17073 32077 26881 19261 2184 26502 31788 27328 39059 15328 1082 28375 30174 22606 41560 35670 41886 12245 33077 34597 14936 15443 2521 41875 34394 2191 19192 9019 8762 30918 5807 5468 9330 38342 30861 7827 37680 2233 27616 19864 21594 1690 9777 30169 21106 13092 10150 25944 27922 28309 41761 16611 3781 33265 34411 31507 13195 20018 19289 247 15448
24535 22661 24069 22214 45028 34792 30990 10871 10471 25430 31632 14265 33062 8108 11571 43128 30630 942 34363 20701 26705 22250 36979 34884 19941 41680 5313 8720 34004 5368 37244 19209 42872 36344 25355 11049 44829 8153 43558 29573 20727 43308 34214 2346 26557 7356 4205 27341 37605 36383 40159 2916 24562 33176 40156 1279 31900 44787 18941 29927 8195 28413 6870 6939 21090 33767 18330 9230 2120 8831 39933 36972 24593 22012 28366 28526 24460
43118 16001 43906 2952 27427 10784 43826 41913 32856 27943 21688 43045 31166 42351 36847 29028 1662 19468 38860 14292 9911 24563 41111 6253 15318 139 14790 2315 35422 33369 29955 8700 17573 27508 1101 21641 27408 14475 2226 41063 25696 29058 9249 15488 42272 35135 8003 11919 39773 6262 42501 20258 25282 34399 3084 16540 16704 8498 1704 24029 39112 13099 36708 29693 37435 34683 23333 29928 13527 16983 4802 360 31048 34955 41570 3214 31340
7541 4534 19824 8807 6053 4219 1925 32875 35617 13565 26602 8102 22109 32401 1775 36698 14545 16928 5489 40693 40011 1299 22124 6257 9192 34927 18173 19398 38975 5294 12227 31106 36174 41925 6338 25423 31603 12651 41539 31951 33841 2631 119 10523 13488 983 36644 18851 16799 14353 16872 16808 12900 21451 33460 26707 25640 43601 43375 25076 18842 4182 7626 18650 3155 37053 34972 32777 762 6842 35018 28526 6137 21853 2306 37057 25885
34500 2820 20780 14492 5208 21794 29020 28316 19030 24163 44994 10352 8116 23097 24468 26548 25722 14006 789 5031 7062 4616 28078 24517 16395 39469 21882 4757 16128 40349 38554 10558 7716 4545 31393 37141 9088 22526 27108 20860 25341 23993 39949 10962 41469 3245 2288 38576 615 37848 5179 29348 14578 29479 4921 345 24992 19938 31979 36953 21994 42482 38486 12107 45629 14556 13589 44399 32945 18675 33658 19730 43247 23712 10041 43323 42614
19510 37083 8564 19068 13177 17951 32115 42096 1900 30700 24639 35069 43459 1220 30794 36050 6092 7399 14140 20927 18380 25289 1427 41383 42086 26043 14553 28077 585 35185 20952 21102 28574 23208 8438 9689 34203 16241 37961 32135 22630 9161 13630 14678 31944 43309 25636 42101 39348 40576 44170 37793 27447 34521 4575 9181 42964 24445 17133 34806 42208 547 6251 2124 40085 26592 36450 17356 4952 3763 2097 7203 36515 18896 6668 28380 4314
11927 10975 18421 38191 10702 21779 20734 34382 24019 6038 3380 43512 13307 20948 5188 35245 28390 21497 21353 39767 17191 21695 41132 10446 2552 12376 21596 7282 35719 3660 24779 37220 14971 18913 30411 33947 8556 23549 9597 21939 28805 33903 4732 24903 43676 35263 7621 45448 11504 33705 32793 35977 22069 21483 3859 11358 37490 15648 20287 23665 37830 13494 25691 42049 34641 21693 5909 37951 28592 19704 12131 23795 4463 22340 32288 16652 32290
32940 21815 27314 29017 35309 5224 35911 8667 22196 3029 24512 17937 3491 41883 8090 32928 42587 28804 8859 15041 27948 13947 22730 21702 1879 30021 40253 21425 21581 14853 10488 33274 20384 37423 11740 33545 9395 42891 23590 13916 13567 45100 33716 30197 4919 19571 17076 8898 31559 10347 29562 7603 15071 33892 31608 5357 12493 9659 30436 40290 1785 35638 40690 26077 29111 44994 29226 36358 20389 515 17721 16762 12739 30309 6228 36071 28230
16920 33724 44699 6396 1703 27789 27039 12763 34648 27336 6557 10469 15688 36260 24683 44064 36421 12904 20873 8804 14906 3697 34113 9404 3878 38433 36783 39262 15248 5255 22078 35699 26357 44649 40572 5384 43016 20412 18199 29295 43453 21056 10967 24643 29015 13614 43724 32284 40588 28675 6237 9991 27124 43844 12535 25148 3501 5376 22001 24997 42663 25915 11630 22308 40331 23181 23604 32640 8922 2437 9465 25220 32025 8209 5117 32176 42532
8328 9505 21514 18602 43707 2855 33324 44254 26629 42088 22045 6430 4818 22669 22182 10144 4209 44030 33254 40193 6848 4666 34369 45238 21741 42426 1978 8379 39891 9580 25274 18215 7716 371 26145 14118 8640 29145 31071 29608 38093 28822 41105 45555 20525 20798 13409 438 17428 37817 12239 40768 10020 36022 35542 9736 15281 20966 20707 18366 24864 32517 20192 26594 38755 10795 12995 17572 15857 7523 7278 14642 23070 25242 1638 42314 3450
38707 20407 23180 23443 9075 43824 5722 33534 38410 35468 42076 11836 12949 32358 28553 36866 16460 42294 35176 8482 326 12907 44214 10149 1386 15778 43470 27326 17969 8420 27866 23298 34096 455 36888 18031 25085 8261 1036 35614 548 8156 16982 10588 30479 16937 22132 11086 24884 40663 29700 16124 35026 42388 43204 44349 35964 9166 25805 41338 45548 30634 42582 37420 14395 44119 41930 22700 42981 16603 41097 17020 41801 29233 7695 18918 37467
35726 9069 39815 12133 11453 21624 45338 23500 29374 8151 36011 28643 23616 6634 18288 19962 22933 12282 28696 36701 24779 38957 14946 23794 38640 24718 18169 30581 30191 38810 3524 6443 9030 39610 4622 6485 10069 30173 5636 33504 15464 23502 14676 38673 31606 5118 38431 9788 15050 44530 43482 4876 7964 15663 34128 34455 19381 16384 41926 14821 16856 11574 25753 29107 1052 16803 7215 24631 8128 43116 40187 35119 22728 12251 20719 36833 5720
29443 32970 16249 20692 42818 36327 17786 40698 7121 41235 1353 13220 9024 31193 11574 37180 18725 1372 2672 44083 36435 12801 10815 30717 34624 31272 13703 22615 18581 39034 5696 431 13989 41693 1584 23595 37018 29635 13935 17062 24262 18993 9705 19151 37319 31862 22821 43875 4680 29904 31867 38772 33264 27365 23261 16094 10126 33803 26688 27854 19568 40687 30145 42622 29202 24252 19959 7125 8460 1154 29101 35427 1751 34891 41392 41763 4703
11080 27417 25800 3285 4961 22996 25622 18114 9078 4366 31715 21356 7183 45556 1695 45436 6966 7366 16400 37941 25073 18796 31341 7539 9475 26059 43909 19561 20432 26471 16482 16478 22033 986 34294 18791 23354 20736 16147 14549 1827 23857 37071 35300 30665 12090 37528 26095 23024 41791 23112 37512 22570 2571 17027 34417 7001 29158 31316 18500 2769 22756 26962 24653 15095 7785 30041 16078 12399 35489 31271 13730 16365 30600 15935 23432 31425
13477 41722 26252 11150 13904 26515 17266 18517 25789 8517 27005 37314 17026 39337 5792 18218 40929 32962 45662 35494 5101 23110 36605 26959 11122 10989 178 25002 28838 28008 43875 3708 18675 1629 42481 40915 41636 40240 25496 43625 35661 31912 26522 42033 13675 29673 3626 41176 40311 23471 25949 36567 15832 23750 25276 31769 40214 30618 22971 1107 29046 26292 10352 30038 36491 41414 18232 27547 37203 32396 27818 29502 45564 37021 27956 11781 13412
25884 9131 11443 45125 9029 22232 32398 40773 40593 22932 24221 41992 44439 40350 26568 43655 21505 6435 15997 14629 32289 12645 43917 27319 11770 9579 13813 12851 29206 44015 37911 6397 26221 8167 23550 7985 24404 27616 12270 45398 8756 37265 28992 33230 18616 31461 4854 19257 12904 15020 3559 21060 13568 33388 8893 32127 44290 15050 35237 22756 2255 22446 32656 15660 30071 3199 27240 23756 2462 39388 26389 42708 15832 15470 25411 30597 26058
1232 29523 37904 17789 4154 4143 12411 41774 15749 15599 6160 476 5213 44818 28640 14875 22217 16837 30366 16003 27910 34198 14182 36001 23665 39156 17769 42875 43009 19839 3025 5951 11035 28446 41749 28247 12760 26114 26416 31565 39088 8081 4124 10691 16782 3564 29760 5548 25904 30392 13284 40716 5423 13521 3379 19877 9814 1794 33548 14819 44624 12241 22862 37182 27559 12580 23937 25302 21261 10644 5316 38381 9159 38062 27212 10650 21719
34404 33980 7530 24527 6119 11208 38248 42561 34210 8043 13130 25855 25770 26769 34445 8008 37303 42798 14058 19966 23215 25562 30600 39103 2800 42957 43009 5168 14088 34448 36605 7200 31782 33557 42468 25663 40677 7707 5594 217 14840 29700 13355 39105 15116 10342 44194 23834 45310 21336 9805 848 43716 9331 31231 360 35013 4568 12471 42260 30482 36284 41887 38749 12661 35752 14577 31799 16848 33425 45201 15625 43208 30670 15801 26245 11017
9472 18043 6931 20072 35777 28115 44618 15612 42629 3517 28104 1396 17743 19976 27296 38972 20212 17530 36104 6277 11691 41027 4930 13372 37084 45398 27067 35396 24554 4925 8171 7274 44281 29069 17879 25083 45296 28471 2302 25644 33282 30862 20021 43138 43900 16980 422 33558 42811 33229 34832 14319 40721 29878 32402 40683 41885 7105 37957 19879 4116 2042 41333 27558 43564 7146 9125 25690 29437 4302 24110 28712 30705 22860 17345 38125 143
9462 5819 18878 11968 30147 30594 14124 1855 33087 35738 795 17398 41832 9664 39846 35958 30683 26218 30229 21485 42193 17224 38803 25494 22648 10490 9017 31517 43376 32719 14646 34335 41848 28578 17481 18779 33169 28929 11145 15541 42933 36974 29504 26465 30387 22074 24953 17102 39205 34309 23347 22263 29402 33028 32177 34380 37205 21926 28158 17623 40057 14040 17324 6785 45174 10270 28859 10639 44911 44943 35740 44099 37024 30852 29767 192 17041
19604 29031 22500 31763 20418 17582 15573 11930 44493 37274 8241 10789 292 7602 11373 34850 31830 39121 11865 31194 43937 41483 40772 16677 8230 21375 29482 45423 6250 26301 22753 27297 2289 28397 2364 33412 9691 729 13808 42025 44026 39514 12493 25146 12055 38529 34173 35988 1813 24832 4125 1167 19940 39211 12120 14845 20042 36458 19364 44498 42488 21764 44740 39109 26616 22932 14858 581 35030 3663 25456 10227 23607 42379 11798 45162 42143
4978 36328 34462 34630 23897 20922 21253 6678 19160 45628 16891 27807 13379 43110 27873 22053 34841 31786 35962 28196 34729 33941 18520 11218 17283 21280 32835 19660 36760 28585 32184 446 9394 14033 16939 26452 34847 29309 34669 34733 33551 28439 2647 33609 15878 39247 25994 22391 45042 22212 25505 21920 41600 34573 4243 36385 40755 29863 6475 28004 8131 36611 3991 17580 1905 3416 20481 33630 17895 11381 3972 17919 17849 5485 17392 13945 30974
31809 433 18587 30671 3301 9228 15939 27986 22350 42789 41446 34300 1881 27106 14595 43426 13579 14190 44325 3628 31276 7629 42846 23297 18149 27555 12273 20089 34972 35332 8433 7307 30202 14335 431 26398 32879 36934 3583 37252 25721 29260 24680 14537 37930 26674 21553 3130 13531 29713 19374 32949 33322 3482 30468 40585 15565 14787 23959 13285 38487 15607 19640 33986 6937 45271 41962 23324 15695 2221 28128 17689 31687 4961 40832 28863 17825
30408 4927 45512 35054 30892 38716 43663 2515 26408 42685 26740 25781 22920 23330 17273 31869 43709 39513 5540 9364 31645 42476 34679 14402 31299 20295 22538 41574 18507 38873 31017 16846 7062 36101 18769 8912 22280 9922 421 12272 16312 24189 26354 11936 30194 119 9660 15421 6518 9803 17941 18917 42120 26753 10540 997 7505 35598 10287 26367 2728 19046 33285 22712 45050 8892 27696 12911 27152 43955 38596 33667 32980 488 6780 42403 25195
11929 8929 33219 14615 45189 12888 15867 37773 1887 12057 9754 24415 18330 22413 39811 15453 27021 12322 9515 35160 38930 33758 10329 761 7315 37535 9607 13733 19058 11171 5661 3695 30888 45317 11605 18337 1477 25405 11151 27209 17492 9396 22286 42875 7743 24770 28616 25112 10880 14956 15814 6960 13113 4433 10400 30750 2471 21418 18421 30443 5211 10632 11804 36096 20744 25360 43608 27839 24585 8909 42521 40548 6240 16530 39397 21310 17427
10199 32537 10594 7996 2368 27218 17148 37312 42287 30590 24011 6033 11723 16857 38423 20778 39585 37258 12715 38278 5257 33410 11996 44885 39736 35502 33381 4058 3599 44204 13225 45501 39266 38346 42639 35200 21166 10699 31672 19036 4613 25030 23200 28025 14091 21373 41435 6532 20996 25252 33456 2096 9952 28443 38414 20518 11607 32881 6562 22877 6752 32290 18166 33733 11397 1085 10706 2340 5441 10020 6430 44319 41620 2483 33440 44137 9326
25372 13856 5999 19520 39292 5913 2303 13669 18971 2022 1667 24543 34316 43118 10728 6359 43967 25288 44017 15601 4693 12235 35651 36520 39561 28524 31207 22064 22339 29220 14144 25311 37611 37081 2228 2761 3146 38525 44018 32042 21966 14313 2428 40902 14661 33184 772 5918 39989 29625 31422 44329 17574 10407 35746 31245 18033 21579 20614 180 38319 6490 9230 38381 5572 26004 37403 12033 32217 17101 22311 42964 1391 20140 27297 21819 13795
19217 4202 21485 5744 43752 38622 26251 833 42920 40425 39521 37681 36155 33740 3171 8887 40331 34326 37422 41626 37021 20298 34161 16423 9933 27673 27069 15338 29856 8273 34178 9679 27143 39509 2813 785 31661 22645 8326 12142 40692 8459 26289 20069 32127 43052 29682 41320 1233 16894 40366 25548 33949 24155 29636 9537 41387 19583 9651 30132 7515 33600 6123 44430 22975 4110 14828 30378 28587 21393 20608 34399 4459 20050 27812 5922 35867
28749 38526 2586 9602 14900 6532 21052 1020 506 34822 28284 27213 33069 22965 31621 1409 7642 4620 21578 42374 21536 42405 33419 1433 44938 30276 23270 28114 3311 42149 22472 22542 38361 9776 23287 42631 17484 45177 10621 10847 16385 40033 26301 20900 22861 26491 971 35715 34031 8245 30448 34798 17541 37204 8097 4706 30201 20957 29653 16708 35620 37384 18708 4733 1950 20866 14872 8421 16984 39986 43699 6939 13612 33698 20071 30899 12658
25294 9249 473 728 25450 24695 33883 16980 17903 9990 14723 43177 3356 7936 14764 557 40041 19602 45058 3611 19155 24446 20503 18586 44422 40663 10921 9495 11473 22777 35638 12722 15841 18686 17309 45527 45212 19684 3698 7775 11840 12575 36484 16468 19180 32369 111 25878 9350 45029 12332 12290 40229 27964 20358 41782 23603 4301 4290 31981 28802 25672 19572 20725 11097 12099 19792 31705 16699 32779 45637 18929 35501 303 1445 16750 10539
29242 14832 29631 10142 36519 26049 21307 38408 5430 13747 27450 37445 18497 14219 32544 26854 45112 35574 10871 2373 44663 39720 45036 1251 43392 34486 22689 32384 27151 31482 34292 15250 26140 32951 45628 24805 28741 34382 6247 34258 10068 8497 19559 35263 11307 1458 36162 43833 15574 40967 5191 43640 25408 355 705 25050 1540 33822 38780 38614 36340 17737 8850 42682 38135 31752 16143 3787 5736 21969 32982 15216 15776 43603 6264 2707 2874
39794 11091 22536 14513 11658 2112 36258 12207 26644 27891 19908 3663 23121 45327 41333 5619 15888 41127 9664 31875 5243 44913 20601 8139 26063 34339 9650 44577 3925 42701 30326 7048 18429 22335 34766 45573 17454 36998 3660 3037 40108 38185 43646 33842 20020 32084 6486 28736 6480 9577 2235 12775 19174 23817 40066 41127 23097 29644 18690 43995 31325 45372 1264 392 26781 33549 8439 26481 10335 8508 6682 27354 6510 17884 28559 12658 33485
6292 14439 20257 18528 43315 3624 41768 28807 18860 41802 30826 34222 43562 40245 8394 9861 37599 21678 23115 6791 852 15867 45055 21182 10450 2639 42548 37520 23930 8873 25662 18172 30555 18746 31068 14892 8628 22774 10830 2786 27453 45214 9888 19563 33484 35702 42733 230 39526 18373 1582 12707 34640 17291 5724 24826 29147 8843 1350 9065 36439 787 42203 1757 26723 45052 1579 12364 41137 40416 30532 1979 9505 26441 16935 24268 23594
23761 25737 21419 38973 34318 3014 37623 17912 2958 1671 25287 16909 9402 3116 28757 29468 32999 14544 1839 1547 11744 26187 43856 19303 42681 10548 32377 3933 41600 18398 13816 33349 32785 13307 42998 21958 43828 694 6901 8675 18221 25885 8903 25796 42596 5356 22709 42680 8327 28203 1208 21157 20867 44871 29990 16451 23503 12615 14099 8905 12406 26083 24125 17543 594 16416 40133 31226 37762 29425 22028 4813 1308 3312 36280 1205 18349
12514 9259 21705 6621 13188 15129 30255 25699 7457 24767 43328 14043 21178 21238 6104 14758 22526 25862 43012 2124 20966 33250 40071 41389 8002 24521 44380 18920 6392 11974 38026 5904 2995 35060 36012 14102 31187 14624 39873 40563 32705 35167 3885 16921 17745 39973 26056 23240 19578 20151 44861 25152 1634 39502 17310 13487 38552 16245 22212 43086 25115 4191 28695 45556 20642 31481 5124 4748 19042 30267 45107 12324 40942 24578 1079 18643 40023
3783 7085 39674 31137 22918 25475 44917 7639 1341 38059 8330 36921 45145 23555 19504 15334 5971 41743 1481 2256 44810 9445 7416 28230 10528 21767 31728 23695 1687 7498 1613 26580 34951 8127 32634 26259 30698 36815 20624 23154 24118 18610 8597 11379 10903 11994 40500 27584 29229 18906 43747 16821 16547 12725 20933 16013 15600 32292 17157 41115 24455 4868 43535 31676 39337 6748 43412 37067 15706 33483 25688 11948 23407 37423 6927 7601 33275
16637 8346 18156 21639 10801 25423 45339 26304 17462 42718 37543 23052 911 12932 17095 4122 38268 34069 16959 35262 25288 43442 44401 43697 42765 7984 268 20301 5770 12070 29852 20790 13749 23693 29916 44707 5337 21889 25622 31650 11784 25306 5511 20758 22789 21232 13685 37970 9393 5878 2029 44341 34657 21579 41274 1027 41964 33803 6041 43523 16967 3750 10207 12195 27233 22968 11462 3890 41036 17229 21726 22664 39829 273 12144 44900 33101
16202 44897 3444 2030 32773 4601 34120 32798 44202 19687 3669 11065 31129 6639 28865 4929 19257 6727 13464 41803 16697 25540 24034 2230 28876 36766 30090 26240 12482 10793 23358 39674 22725 28551 45330 25965 19956 23093 35007 30606 41394 24783 30337 9662 3070 15567 231 10062 11417 30469 22020 581 44124 23723 44559 29144 8522 43410 39023 16464 31467 23821 27600 2249 1586 26621 32284 27589 20735 19290 9729 33364 10922 22202 16503 38267 17955
2809 16462 11028 15197 4355 45610 15712 23644 34925 16364 13032 36315 5930 20631 32172 14286 44633 4243 5867 13285 14344 6856 16019 21728 491 37154 16622 15582 29011 41953 31872 7824 3731 12383 26617 41205 37913 28828 41743 39839 6261 28634 5101 8219 5986 42506 18734 14285 16166 35698 28366 31678 44733 13155 25715 7024 12170 45160 19159 16812 13970 3210 44364 40391 19492 37412 40192 17921 39150 24510 24362 21644 37294 5174 11069 16305 22461
37386 22460 44657 3629 45186 37938 36295 37616 30726 39278 10749 29183 14120 374 32066 17045 32731 45118 11022 11092 31346 7625 4366 34093 13722 34331 9448 20602 27905 34602 17839 41486 23585 34930 39991 41378 31391 34217 39523 23343 39878 5386 27180 40007 27693 10729 6185 36272 2117 8775 18253 18614 20594 7105 38364 35396 24759 39830 13069 43955 38667 25643 27416 28065 35429 19453 37091 12118 16426 14287 32419 21427 44927 12479 2687 21994 6445
11686 24828 28240 23675 30066 22886 34294 23888 22961 27688 34465 1248 34021 3550 12232 39318 13176 11165 7821 38982 30631 40598 39334 31312 37043 23618 38374 19779 3972 32685 27137 19721 27434 32375 33595 25155 3225 26842 36307 39280 28005 8383 14865 27602 31803 24006 45148 5131 33897 16945 11701 28768 41543 42137 29757 4963 25528 8134 38332 24810 38605 42649 6509 25098 7627 21086 24055 13648 43469 11838 3062 30289 35669 14297 9986 34190 8887
13450 41857 23588 7558 5325 22512 42471 40008 19226 42775 1495 12112 22564 27601 23132 31614 4696 20102 27794 39068 29590 44616 34309 27843 18322 28073 22043 31537 40890 5358 15008 7454 14224 39516 31568 8902 39704 19171 38802 38907 29480 37231 18236 19295 43103 3294 9189 25517 26976 604 33638 8120 37968 35656 41387 10597 9994 27902 43374 33971 31572 7000 38500 19878 35007 11923 23688 36557 29583 33063 17025 32268 15559 14769 29027 14401 25694
28475 5914 19236 2700 8696 10843 36134 31722 18885 17588 22852 25917 27654 41732 30402 12107 23542 21831 30123 25887 18864 27459 4376 32516 29629 22227 13637 16441 18094 28043 23712 31074 21772 32923 18809 18738 14807 31694 27102 33474 24956 39170 44179 11856 17345 5841 19273 25536 43229 43792 25839 9679 32629 2309 44863 30255 7525 12985 29467 22371 33417 15860 20948 2914 19618 32140 18570 15363 32023 4633 35252 21129 22980 1130 38924 17417 438
8244 20183 22081 28436 14508 32246 16586 29377 6799 35683 9222 42167 832 43036 2058 21230 5785 14809 12862 29794 26128 31222 12378 9368 43688 41693 43624 33899 7455 18828 35203 7588 18946 35716 15155 31548 18873 7552 35974 34184 14576 1325 14583 28036 40046 44869 6115 43163 29516 17559 11483 23278 28664 20664 11137 15018 4159 11721 16027 3706 12562 15390 33311 19181 28139 33689 39132 40009 10255 8414 2748 29569 21960 29497 42964 33530 10870
30106 44155 17856 31745 41568 12006 9305 10981 20719 39177 23770 24333 7552 1263 16068 5951 41924 33707 1371 37935 4593 31729 30317 26902 42588 41592 1364 40488 40813 18078 36825 12073 1997 19989 19991 31514 41304 28029 23396 40117 45641 32885 41617 12103 27469 38138 8445 24408 26820 8237 37826 2659 17321 5626 32517 11972 43678 15200 5289 40125 11549 383 29531 41619 15222 26311 44923 4079 28288 45103 8685 34268 17491 13128 38709 917 32832
16903 2149 9513 18821 35058 9926 43046 9242 18223 717 44012 37003 34907 25375 12665 9992 9237 37090 40623 20062 32352 20603 25302 8945 37497 9593 43277 1808 6388 30152 40139 1751 8190 39513 37302 45119 11540 11051 20370 34994 41214 39253 16744 37266 2813 24210 30068 2536 20695 39653 17113 20436 17584 20172 29474 11908 23524 17279 31612 43272 25007 24327 8537 30248 35025 24378 24379 7077 19572 7120 6809 4569 10076 8842 34882 10495 5979
32063 15400 36551 42531 22331 30333 8376 31118 5851 24193 3516 6511 13203 1792 6914 29137 33567 18710 14182 14177 27106 37324 8063 14533 11259 17921 7500 6966 23405 33962 5338 42031 30811 3449 7335 32565 45211 35596 19923 33223 35119 42933 41148 562 38726 24581 27931 7888 42677 13397 41596 24744 40587 7868 22808 32246 32192 17483 38259 36213 41166 35943 16430 5610 7556 38628 2627 23723 44091 4498 2678 32536 23290 7015 39311 8015 36965
40887 40245 18386 2338 23833 5066 22461 24876 19710 30223 14803 34387 13474 11188 43549 3963 40708 11166 4710 43860 18002 14921 15473 39344 18001 35331 7023 16890 2627 9916 37454 43128 17948 39240 37196 6568 15830 36177 21896 27010 28152 17435 39872 16072 37261 40867 43536 33266 1079 21103 32833 33275 6509 17291 606 8853 44606 3860 39657 19748 9570 28426 32772 24949 32797 34914 21700 10416 18517 13036 17976 18389 16586 33572 44586 34620 10562
43392 33598 26995 9098 21961 45403 10493 14045 36526 22967 5558 250 23006 40458 41023 24539 3960 22490 16289 9169 42944 10722 41006 674 28882 12526 19015 3986 17894 28930 36026 15145 2393 18565 24789 25474 40350 40639 34596 6014 10828 45212 24569 4585 10874 22967 27507 22190 30003 22871 7638 15488 41621 5387 44184 38607 30929 29731 34152 24205 28778 9356 43968 33060 5430 16685 18038 43273 44511 34061 11673 26759 4443 23232 23811 30785 30392
14738 42516 33025 20985 24885 36345 25037 9987 14740 37286 34710 17305 22235 37069 28940 33382 4991 39279 17725 42837 19939 9496 24897 17866 23943 33300 43421 27569 36953 3002 37518 21560 40376 19090 43522 19518 16787 4510 25526 1886 42504 39827 15699 27125 41752 17768 19119 34760 5330 42530 587 24155 41144 12349 12136 16044 672 17135 8470 3429 43900 40637 44990 25835 43381 6078 45447 908 2245 4627 3371 12796 6678 25298 34989 24546 23753
23732 37160 2690 36485 10807 15735 37525 8083 26149 24646 33171 27636 21696 12544 36186 3553 24050 15020 16346 18688 27817 23663 26382 42214 32949 38875 11481 8170 26055 43981 10490 13700 31464 12254 34671 10487 30811 20767 21820 15207 6633 11962 22081 37004 33429 42608 36371 1015 22766 36934 26260 34732 1824 23149 2441 16993 26874 378 18725 24017 4731 30459 33699 31871 22373 29843 2841 32836 34146 20413 38739 3547 41955 41200 27978 24788 35650
45133 38836 32651 14776 26174 3674 26908 8139 31573 22544 19330 36332 40543 35667 18923 3546 12231 17973 22637 31198 34707 41810 35904 14953 35793 18120 30799 9592 33139 12920 31755 11077 6114 10647 44029 3412 29223 29304 21008 6014 5863 2117 23823 16545 40996 4210 40326 30372 25116 4860 34861 42081 20062 12436 24301 40726 1242 27218 31949 17959 20479 10830 42661 4361 22342 17922 4087 19917 675 2729 42103 43052 33722 9493 15310 9187 13307
31150 22609 20324 22252 30971 1256 22913 39889 11945 11605 21234 29086 30676 41977 43647 43647 44936 29777 15753 16603 2528 346 15899 37637 15514 17401 25544 22459 13723 24709 26148 11812 25315 20301 34406 45221 35553 5483 34957 13513 26467 25407 34202 26857 26273 903 43554 4550 23648 16461 15283 31752 39919 28915 43725 15603 15834 10018 9292 12291 15184 9877 16438 19548 19693 11558 37987 21179 32623 31283 37468 41221 30791 42644 1006 13078 6165
22556 22389 16097 40655 20734 10951 42197 23854 20805 7821 22178 13626 24841 1881 41354 12226 41565 36868 28645 44857 8309 22648 27245 14082 14049 13342 18433 11636 31730 27679 34544 39942 22137 32605 1437 40796 2474 14217 9328 14538 19858 25541 8982 17165 24177 9282 18269 21258 2783 22928 10003 19243 18080 34831 11528 9347 23185 42784 10006 44722 12229 18997 43661 44489 37940 8581 26442 17545 26099 2017 13189 34156 13367 38256 25076 20789 28092
24489 24289 2309 2795 35567 40118 32660 29801 6535 44105 42841 7597 4639 41551 8186 21283 1503 26308 29696 27195 1257 37247 23187 44127 7535 13822 9295 40168 12223 26509 30807 21499 27418 20518 11731 4999 25978 19872 4489 31958 29267 23036 7830 10939 39365 10168 36949 8550 19159 37496 25724 35427 20003 14471 6559 32258 44461 19422 6876 12491 43618 6594 20309 9778 39491 15156 423 321 22412 377 25879 18731 36855 34879 11804 7155 36142
31200 11315 6255 32757 17326 27612 31733 3249 39241 8587 1655 20205 12019 4337 33932 31729 17324 19364 21169 5046 40409 6953 30252 11767 1991 35242 26394 6924 44941 19641 8785 15399 23770 5636 38202 31774 8105 11595 15836 8961 12300 31261 18633 12762 28562 23696 1538 33891 34566 17149 18848 9283 40153 2583 45653 39302 45377 8331 4284 42900 40657 33678 10428 32979 26619 44921 44256 18834 18385 40754 21057 32499 14102 28270 24180 33116 266
10528 25648 24402 480 44017 40883 17501 23020 21139 1315 36288 28220 9849 29058 36901 27212 13127 23873 8205 37850 40711 31599 790 37436 12552 17037 28155 18490 26406 37451 37723 32346 33308 23886 15703 15153 44106 241 12603 34780 7081 10526 33163 45356 15688 45294 34012 13848 45111 23327 43112 15496 17856 41980 17001 12726 16076 37421 26433 35645 30915 2228 1581 24537 45581 15990 7150 11645 21949 3180 42974 3156 31535 41784 32206 35797 17868
38367 19483 22863 22779 2895 14797 22247 1028 15148 16964 1981 20924 29217 25929 12534 22795 19958 39143 26357 2902 21505 33294 33313 30200 13036 28909 18477 29813 32609 4928 44304 32637 10356 29893 3442 4093 27315 31575 12868 19038 20816 22493 33568 3745 19952 40092 25192 28813 39813 11586 16245 45000 20534 33888 42382 14198 13933 11761 25759 41712 29316 8966 14493 10939 13676 42531 22113 14016 21095 12328 19374 39735 6668 30627 36791 15131 25675
44456 6318 34467 30832 8878 31474 28274 39855 24550 29736 26766 44909 8754 28549 24572 19227 21813 10292 40956 28112 24642 41676 30846 45645 9978 21789 12482 17926 21057 6577 11372 44865 35090 18308 5879 8002 41056 30317 36746 43153 4271 38991 22432 42463 14311 20322 44779 21453 17568 22112 32512 29613 9617 27618 974 4334 39095 14025 44627 22133 42209 16543 32837 22762 30197 29876 3117 4439 6261 8591 17716 12677 35065 39594 35316 5316 19467
7135 34533 29890 6274 15056 13817 39202 44607 16504 8360 41043 25641 10786 45222 25874 16696 24204 21688 7223 40194 11231 5061 18675 30194 40698 36671 26247 17195 26728 4981 27333 45375 21114 39375 13670 45154 7742 30803 11657 2704 42220 24885 37957 21834 42658 7941 3418 32976 722 24196 15213 33767 13754 28492 44815 42561 932 29318 30602 14401 36588 43647 45661 29498 45543 21660 13896 25389 41748 15974 28541 23193 33160 32446 3374 27210 17516
35485 17861 43649 14748 16543 35193 34373 19264 38681 23640 35139 7691 14393 42414 3504 6661 35582 39269 2963 36714 3519 11138 41542 9543 45263 38454 41433 34530 38690 4956 14489 20284 8372 35076 37351 42959 35672 16274 36536 42291 32335 39689 9297 42171 18265 32795 42972 20733 9240 11788 23429 33835 11261 18119 2184 6957 45172 26099 11659 2961 12305 36907 24536 24908 35139 45281 23660 29946 8810 33692 45348 15577 44412 4356 6994 1727 18035
32656 27922 7492 16538 12465 14429 34403 18612 24556 11996 21896 18157 32115 28597 7903 31069 29632 36807 24800 32244 10919 9540 14988 6440 42246 12120 31193 18889 9373 18819 10373 20275 32945 38523 35536 31530 16158 27064 10147 39971 18085 5682 9117 31297 36000 4411 27336 29390 24247 28901 44606 40271 41622 20081 19697 40585 16833 30283 21408 5990 43723 38290 36249 28699 20491 2724 24402 44878 17462 10746 44154 36139 10487 10033 35997 27317 39776
20720 9648 33291 38118 1992 3588 17686 22482 36219 21730 26908 16851 42323 31707 16924 10434 45326 32912 20699 7158 5480 39727 5293 18164 27540 21956 4391 13179 39897 1067 1409 1650 41084 12671 36366 8264 41544 3668 35360 14813 21845 32799 12290 17450 24223 36903 9239 20660 4614 21685 2018 10071 538 9413 16221 28109 32344 17554 19541 36254 7336 37192 23415 5407 23976 844 31805 15117 24884 31810 41710 31194 18897 35943 24428 19360 31824
6590 32050 8319 36842 10456 37625 30732 26712 11966 24141 34304 16983 17691 31157 34013 12449 7374 21471 29733 25578 15754 40684 22031 37113 30881 40963 2762 19791 24029 22765 23561 28722 21626 4128 4582 1990 2580 22874 35097 32432 3112 23301 30024 30038 16695 12814 8261 29121 44823 24673 14730 2431 40894 39192 4339 32946 32907 39048 9862 19707 45179 21136 4963 21952 20683 43947 24116 11357 40018 43781 16061 36372 35293 29258 17097 7685 30957
7507 22014 37470 43325 39005 11225 34270 15132 10885 14388 2412 40516 39694 44065 1452 16230 11074 8450 706 36162 44121 31275 4015 7603 26188 21925 4018 41826 6348 19017 4725 15241 4593 22872 4004 14138 32552 30101 34690 37157 3838 16482 12684 22289 5105 19716 22646 3802 14932 44379 26592 41974 4257 2542 33443 17552 5037 26183 5513 19342 23659 10726 5760 37834 18082 15784 33732 17805 6151 26030 45171 11509 15604 15145 41049 13367 23900
23886 6852 27313 130 44132 14977 26764 32334 9499 18509 9805 36263 13597 10112 10558 36066 6850 5132 9413 32416 14398 6696 6312 27961 30313 9342 36168 27107 2899 19545 39278 33177 37477 15548 45000 15314 2865 10060 4354 24367 29410 42501 22387 4170 10018 1922 849 12260 28977 2227 39381 45262 40269 32433 27516 31463 21140 16263 34263 26169 2762 16504 6626 26597 36040 23227 13364 11671 5182 19191 44895 28621 38226 1936 8892 25596 34189
6740 11537 40309 34869 42942 38037 20066 36017 8045 1118 7102 44742 10819 39329 42192 30114 21121 11914 11426 14575 29373 34201 7941 14673 116 28810 19235 6701 14322 22855 7811 4240 26308 39535 7009 1833 25557 32497 32729 26916 29289 3504 5227 31980 15000 698 36768 44182 653 30258 30857 5283 23969 7319 40072 1491 8914 44413 41310 6060 16359 19206 42241 22888 12722 19363 33205 43694 25454 23655 19539 35888 22398 24060 25649 21366 44603
2804 5218 36871 35542 21531 21097 11362 1199 17184 27142 905 28193 9569 10448 19997 33437 27216 27576 44616 36452 44021 8631 32231 4662 19833 29041 24547 33479 12373 25740 16108 24124 19878 12732 5593 44897 37101 21837 14715 45359 3315 39917 35269 30980 24864 34049 13832 35280 42969 24047 43496 1626 43123 36691 39068 16542 34696 35544 29715 29963 985 1380 14771 32958 6295 24569 42924 17201 29514 41735 27796 32221 4052 11082 303 36962 39409
23071 43952 10431 27099 22069 35260 45022 12530 32856 3119 38733 40731 12130 43529 40864 27273 12053 36251 41762 18675 20592 45023 19036 32412 1519 14619 27319 23682 33619 19285 42146 42638 45533 11389 33793 6471 32383 41468 43521 18649 38148 20378 15418 28468 37256 44720 36991 12311 9665 44271 7536 30995 738 607 40151 436 2598 36573 24095 30269 14743 18671 37581 9017 42840 33594 31096 17275 41165 9704 24114 44751 1679 44284 20772 7701 36080
42391 8626 43870 3122 25984 34575 33360 303 19249 25818 31244 28864 44477 39429 39955 6186 10489 26721 39505 782 7064 23324 13007 28706 880 26923 24823 39460 11444 36522 434 22240 37135 20636 9678 35639 26310 17243 7144 29161 23404 10732 20623 8752 4065 22814 44305 8244 4956 24493 21401 17426 16874 36707 28981 40889 7828 15642 11475 21288 34023 12816 39323 28608 14112 42897 31969 20221 42430 3847 26572 43609 15986 22751 21061 704 17800
40141 31961 24379 11653 40497 28863 2999 34514 25564 43937 10199 14935 45562 40106 416 27895 6927 20435 32518 27802 1651 36444 25247 1790 38762 10122 7674 14937 16432 12019 2086 17571 22565 14289 40876 15114 5870 26574 8524 2666 35163 34717 28237 7545 38503 38429 17319 42554 36572 28802 42220 6046 27533 45228 12018 5202 11258 6520 25930 11529 18376 29072 33082 25374 29732 10522 22492 12087 9325 28955 3797 1496 34527 33249 30105 45262 43398
5226 7659 22552 30188 23918 34529 34164 40113 7037 20820 19957 18228 40788 45637 27012 28287 10966 5235 39710 45349 32954 3201 4867 14840 37162 19948 33056 43161 16251 11577 39950 39797 36247 37573 2480 26868 36644 25220 30580 19187 35064 18246 9882 6184 4101 4579 30372 33954 8225 25148 33541 27566 20401 44052 20808 11233 21180 22031 26885 18529 12220 43011 30067 43465 34511 23220 10297 33014 34514 4884 9358 41934 41480 44433 3092 8941 28400
41016 8753 32074 32001 39889 19525 29034 29951 20219 38504 20051 27648 14397 20940 7992 39218 39084 45331 29887 12149 3519 16714 5757 40584 16425 10352 22710 40230 16327 35580 44404 5178 19442 29368 12004 40264 42147 15762 5047 1203 43443 1865 22728 9223 23797 6492 3812 10891 26258 30501 34706 12907 28373 25294 21585 28562 26660 41120 19794 6254 42858 18404 35030 4575 4910 4237 33584 39449 25897 14436 1462 13531 23923 2028 9556 3628 39446
40494 4081 25485 11723 45426 13401 13485 7426 33281 24084 12809 43959 38342 3459 16326 7431 2094 17257 7986 15896 2280 41270 44726 23318 28983 38945 17174 41086 10913 26574 778 42831 31925 26040 8164 22446 36335 38310 12059 39390 42515 19825 9683 29994 31189 30436 30462 27211 22565 13851 33313 1985 39303 17085 41469 42747 14347 10449 34171 31190 11115 45038 25240 19004 27677 43406 10737 39762 4781 45139 40741 734 11893 670 11409 4277 40426
31943 1557 30222 43930 24237 22726 11802 22410 9950 40124 44997 17970 12148 37880 9936 13646 25983 9491 14257 20514 12360 9704 39510 39307 132 27700 14554 6852 44984 38464 10952 43201 11823 8052 15948 15036 1406 30495 6664 33503 1792 20681 23884 31239 5914 24992 34375 19889 32942 24136 11504 10580 2906 18903 20598 36991 43417 29733 20547 10914 30462 7235 14401 5368 17338 33773 32236 11595 45435 23347 16790 33411 9346 15442 7056 45535 31515
24979 24372 14400 11313 24874 10271 5377 43070 32353 35095 13446 6686 16601 36350 31783 41297 10145 37631 25081 1888 34384 34446 34572 29569 39725 39704 40616 28048 5103 25456 41514 33435 43160 37155 2666 31680 30997 3280 32244 22818 22817 38225 28264 6829 12993 26942 8816 22994 22610 42527 2078 21935 12344 29615 17410 39922 25713 27802 6215 32639 21858 5291 33464 28286 23707 16275 32480 14561 12571 40815 21261 44779 23824 12167 27833 162 5825
3564 22975 20358 5308 38994 40643 39093 20438 31934 44364 43351 15873 39285 32799 13346 5670 1900 17462 24916 33341 32605 15829 11192 20891 25406 6119 23165 3921 18962 6469 35702 23319 10899 8300 22683 22874 10634 39420 8855 27125 18451 38561 42934 3028 19755 16108 16597 35992 26481 12252 9089 33630 18647 26618 38419 36181 13868 41243 9144 6970 8034 3948 38075 30581 1618 25128 8003 40789 33628 30575 29365 2197 17807 20711 44599 42357 30624
34782 24835 2639 13905 45598 41687 14917 12305 26544 27728 25545 33963 36204 17230 12027 23582 35255 18057 36885 1378 20251 37515 24416 39083 30934 39569 10535 35414 10751 24518 396 21647 3432 45319 13017 35082 5025 35187 20514 44935 19000 806 11792 40122 8559 35090 17339 40640 1123 41248 34420 31058 18713 9325 39588 6071 44104 19968 37271 13542 24774 5176 22981 15858 16967 43880 3370 29092 525 23163 26781 24003 24823 27330 33504 18603 11589
16490 18278 15397 36413 22966 44240 23928 32130 32785 20227 44523 705 16972 154 5699 45240 42152 13549 45461 887 3193 28294 29929 4810 19399 37172 28801 24637 37737 29990 2160 9106 19780 11601 19675 31716 42903 32728 715 6561 32796 23343 1481 4954 39621 23115 17291 38539 10660 40844 32058 34266 27829 23408 26272 28846 44876 41747 14277 13062 26876 19546 24158 18080 35226 22746 7031 4729 41711 34355 23601 16023 791 37072 22803 2945 10759
34910 38506 38956 40327 32058 30847 35584 25101 27973 40780 5051 1230 18263 300 10904 12284 398 32268 33122 13655 9866 32011 24583 3413 949 7745 45052 3137 18529 324 20212 6099 24035 21861 10534 28815 2638 16956 29690 21377 33934 35592 27763 30469 28573 812 35589 13730 6304 18800 21615 21228 10827 21655 14352 11191 23676 25965 45332 43485 23402 39938 23303 2451 27917 33841 4186 6085 7576 34252 12196 38948 336 18210 41024 35925 27323
8527 5594 737 39035 2969 34706 26247 26944 45093 40167 11457 19951 28589 30189 6373 33888 13010 13219 45283 21395 31447 13460 34219 17337 30472 34945 13547 38687 15874 14819 7375 489 26662 8628 40807 31927 9432 40727 8741 5337 31107 3885 3909 17733 29340 24070 29299 43534 31813 1447 16579 18381 42412 19172 8749 31801 7157 35818 42227 7133 15463 40965 21780 38745 5518 15216 2984 5559 8463 5957 41110 30970 24325 27540 6605 32816 43748
608 39901 36292 14379 23924 3712 23897 27472 33600 42537 28662 30964 21253 26617 20029 43069 25926 42097 28003 8198 4479 21953 3008 19805 36389 34914 34748 19184 33823 39397 4508 8276 11638 11324 39150 23012 37638 23240 43762 12495 8225 1723 19398 9629 21644 10828 31940 28766 37926 28806 44674 39005 17068 7295 4926 18683 11428 40614 7806 3283 44502 35675 8315 25083 19087 18075 44859 19542 45109 8118 27551 32850 11217 5302 28601 16463 3532
33212 13244 44569 15089 44402 20217 24332 14181 43325 42656 22654 29690 2149 18914 37929 36907 28447 11806 40558 33692 12336 10225 31603 39375 29683 35663 8088 3165 8850 31216 3463 43192 23261 14456 34235 22888 9083 34540 39579 17905 21706 32905 17555 28355 3315 4220 40676 1367 1421 29998 39372 29993 15705 31404 28257 8037 36066 43712 25018 22346 19243 6270 3724 17336 21080 20952 6498 27556 1202 43158 25337 10348 42118 29385 38642 38530 39068
25914 13357 16484 22461 15451 26039 19814 2693 12663 15777 328 9911 31834 44702 26407 17066 31211 31017 23954 8068 9938 23019 22504 28010 44536 35915 34842 33450 45098 43147 20128 10016 38004 17389 9866 392 42226 14033 37099 24290 4361 41930 43788 31270 16123 24279 40409 39050 7549 39957 42091 2047 43076 20820 30182 28390 18178 27995 3763 43377 29377 19990 12676 21040 30259 3576 32694 2174 25389 17418 23614 9686 23501 1242 38081 27623 29806
28032 5626 17410 33367 29816 30824 35429 40916 19402 25542 29147 25746 11594 11603 20529 35136 16775 13666 34408 26610 33025 7081 9590 23424 527 20100 2297 11996 5072 2817 14929 44801 30280 34777 4188 38659 30003 23247 2791 1847 143 43706 24774 30399 433 29316 39834 531 20090 26112 7434 19209 14665 45392 40426 27855 20645 4864 9568 28022 11378 5831 31461 5316 24376 21205 28835 34207 43476 33363 25285 39627 13218 25644 40381 36375 21941
26039 18479 11523 15376 22595 7480 9326 7142 20418 7337 5587 24953 43779 8606 38970 1016 18196 3513 17049 13617 6877 43379 23470 24835 18767 33499 13893 25072 31783 35429 29737 38776 44367 2815 34477 20966 32697 3265 5917 14754 27878 41673 33197 35040 41933 12148 33301 5358 154 9304 9711 16415 7774 22251 11845 40884 3741 31678 37559 24508 29980 15721 43813 7219 38560 10381 8801 28260 28857 30614 635 23249 26402 19251 17719 26174 10002
21537 36023 33757 39366 23669 7373 30287 220 5994 18473 1474 9997 14258 10699 21681 16138 31068 41928 6932 23974 34542 33845 37528 34131 22901 40251 15843 39666 35940 36543 29758 6308 39999 42662 9452 11988 43737 21933 28257 10977 5129 18647 8213 30071 28813 20089 26750 38904 29865 14107 22086 34295 39238 34995 24034 18807 20879 36355 30087 1278 10238 16100 37270 9003 7603 40160 28511 33433 21060 45264 39925 21223 9977 17194 40856 45069 6591
32820 22013 27086 1554 3632 43831 26097 25974 27343 28215 24186 18144 9648 31979 42631 24932 44164 30487 38613 30073 38149 4255 42054 7930 2600 25210 24399 5346 17775 37976 22291 27006 10941 19021 39805 11713 23221 25376 18219 11128 35238 34369 28939 11946 2218 17565 28486 3798 44754 29578 4339 5406 28243 23799 11613 40455 37826 11038 30442 6269 38996 22847 42528 8392 34642 34458 32975 18360 44136 25546 22266 26452 2161 13481 25515 17591 2629
31600 2192 10488 30812 393 17947 8781 8229 22692 7447 45246 31708 38532 273 35200 9556 1916 2224 29762 15054 45390 17442 25787 37341 33569 32152 10657 20836 5543 643 3831 13925 42380 207 23200 4188 5682 38799 29593 40539 27322 26484 5074 12195 18572 131 20898 44464 19187 29265 7484 23735 1655 2382 22556 20914 38481 30129 35307 1141 15870 8528 40520 18158 14046 20864 16718 8029 25675 13514 17380 226 15075 4389 9068 39083 7377
21645 43904 1433 28777 40316 11338 41285 34923 42586 13650 39306 32443 2554 43361 45440 9064 26070 7230 20791 32326 27343 2435 15338 32259 28779 42437 17731 25705 23382 29105 30891 2104 31608 15347 11655 27089 17403 36104 23098 10136 18529 38201 3455 41674 2919 16091 3054 44656 10706 16594 40511 39108 36472 23695 37659 43860 5970 25463 12300 32952 31837 6519 21941 960 34322 5791 5265 11058 42347 24482 42891 31067 28357 27118 5461 11327 3275
10341 17435 5679 13344 17714 14084 7510 24806 17008 24114 43182 26903 37457 42095 41525 17270 20719 7179 41083 10551 24939 22943 17363 36134 19371 24597 41089 40254 15827 42975 9361 44946 36646 23366 27714 28707 29367 29379 28417 39315 15629 23050 42881 8429 31428 6254 44719 28960 31205 35964 26229 35890 36591 45153 41543 45516 17141 28490 37950 10129 7330 1714 24042 3954 10465 10616 16003 22207 42237 15744 17065 36297 1980 20410 42434 15455 28551
23580 24842 3983 6434 256 28424 28913 29095 28735 27100 36052 35566 44020 42289 38864 2208 31363 21313 2777 44564 8439 2594 2353 40854 8927 27894 5140 41410 12491 3781 41779 27767 41907 5436 16901 41522 35038 10825 32899 2432 43168 38226 41818 4887 26666 8379 24409 33826 22938 15343 13154 41492 623 11080 33304 22876 33104 43932 33599 3987 34994 38601 14102 3445 35033 4322 11193 19870 1852 34992 14723 37850 7375 12185 36232 28806 2465
30979 35237 7657 39330 15684 36436 43221 17168 14650 289 822 16927 29894 34072 38249 24856 35342 43669 6105 33312 17259 24639 32338 29413 8428 11913 23863 25032 26005 38968 19753 13871 32269 9849 23330 24350 24307 3829 43738 33319 33791 31848 37955 1016 9356 7872 45171 4753 11416 31828 32402 35388 39551 30868 36667 7189 5595 30521 4089 12233 11369 18006 5613 10696 18436 23983 26511 27356 27950 18383 19178 7568 42311 3499 5119 13859 11403
22685 40091 44854 2374 35084 36489 18185 21133 24284 28128 15623 31485 26161 281 9778 368 36695 17828 35314 29338 9516 42267 5291 184 26756 4449 41764 24631 40089 28327 41397 5906 34454 26472 9787 41685 33339 27784 26469 31331 34828 39299 20558 28710 260 36914 14499 2410 18211 25704 32492 19742 8566 12070 24323 44539 19812 8920 12392 10757 9720 27781 19269 12524 9637 985 40174 8796 32226 12748 15876 19930 4276 43684 24983 12448 15622
18869 3720 17857 14336 30493 8673 16548 20068 18093 18803 23883 39497 9671 10288 41246 17346 41115 44394 31822 36894 16974 7436 15629 28682 34410 34454 24712 23151 4524 2065 28848 23258 31725 40183 3715 20622 8096 36212 3477 8979 10373 11864 39608 11560 10358 31142 24668 11154 5635 45661 2216 20848 27586 45670 42781 17964 37336 182 11284 18303 22360 43991 13014 6333 23997 32802 13871 11844 6624 11115 40537 41378 35600 20585 9285 1364 28327
44174 39294 6142 34885 27688 32133 9274 29649 2367 6818 16232 2062 35854 28902 12712 38176 26115 29986 42974 12820 40907 43772 21173 5022 16206 14076 22299 26823 608 29453 25333 10303 31272 8088 41124 12402 30069 17567 37275 41031 3775 43641 13889 18056 21878 9880 38819 36948 25086 18241 34847 20703 5450 5348 12668 43144 43019 26911 29144 8985 25906 31058 40639 5327 987 32208 43774 8840 15531 20749 2828 40591 2911 25387 34979 24245 36696
41511 8496 16511 12544 8116 40361 12165 42499 10779 1601 37706 25472 27707 10815 28844 41039 4983 30674 36977 38695 20665 19957 27170 20299 30542 11507 35875 7860 31209 13419 21184 7152 13998 41342 31075 43555 14038 34074 3069 11125 7426 22809 9525 15447 27825 8896 45205 41748 2828 9119 22152 12013 19669 23365 24284 42365 34759 39497 15760 17043 28814 9091 22500 31534 3555 15717 1739 3978 12355 37613 8003 36275 27039 11156 40360 37225 25482
