100 89 789445
26140 35313 21967 25311 24975 6003 35989 29869 37706 7414 30666 27188 15098 3360 21429 14075 18845 33698 24151 14113 8357 32483 35273 1830 44125 26601 16437 31245 2168 43197 19984 26006 3743 1512 14649 19350 6247 7402 19760 25959 38753 35583 13368 29833 8172 8888 22399 37697 20411 563 28050 39478 41146 36222 11487 4849 44996 4275 8017 30923 9098 27645 17491 9919 981 43307 8569 10890 3321 39363 41367 32738 30809 29570 34125 30804 10480 37082 12798 14662 4172 18019 16166 32797 23153 33582 9868 149 28790
41539 32013 40801 28694 35795 27765 20309 36021 36874 38104 14478 8109 20148 24722 13447 41463 44894 32380 13993 31856 13229 44038 37878 2110 35534 20482 28016 21827 43930 28218 22259 42217 29973 39183 7273 15490 33013 34272 9074 27621 41130 6669 12164 36597 2299 18398 26632 42208 44345 2424 38963 22327 22390 16127 42181 28929 32254 32289 18792 36790 28331 29855 18246 22569 37034 13166 10653 40346 23802 675 28807 3160 10161 34239 41651 38022 3817 28400 34965 8336 29826 38847 15582 5973 25461 44378 31562 24129 36922
29931 9596 19295 22367 31968 5935 38763 8398 36046 3772 27082 19685 6561 44274 12574 25679 1404 40502 16638 592 41423 35032 20607 15554 32680 26886 24542 32093 30977 22754 27883 8800 21881 22394 27971 20398 22827 17390 26473 18581 9549 12270 9016 21648 44938 39625 30025 6233 23850 34208 31230 1236 11086 8046 32277 36805 24483 13682 8885 33227 33766 37756 3338 37098 9945 24106 34067 31577 44740 35346 41575 17763 36139 34160 3461 2101 31303 40737 33819 33065 15803 19263 26395 41886 15420 12144 22219 33792 32456
8751 36198 16367 34906 38623 25198 17293 10023 39780 36778 42600 12288 3613 20522 25375 26513 20351 1601 21517 19400 2346 21862 14867 35160 38366 5584 661 7091 32178 14081 25421 22217 20111 3777 8502 36302 40154 42096 20482 20076 42859 23166 1517 28304 20281 30002 10890 11145 21737 31043 7779 3742 37950 1237 13754 12247 911 39968 2526 29896 9455 3338 31932 327 44399 31398 6090 30554 34213 37272 1603 10086 41155 14691 14485 23304 36112 35405 42653 8825 44703 24711 30558 39718 32613 26620 44656 27051 31910
9958 19531 19972 44407 24817 6415 42311 8811 31884 44872 26255 15709 4799 2768 22543 14502 6455 36475 15446 18944 3033 6986 21662 44171 35423 36211 40984 14060 12337 41455 9130 3558 17137 33430 37342 35111 4612 32428 6230 40559 26110 40800 38844 20699 17272 33093 30860 21359 14859 43086 26885 41953 40545 16157 19749 1164 44189 17633 10121 27973 27214 44940 804 5572 2449 28120 2886 19198 39204 8249 41436 33158 6708 36432 1520 17839 17612 43976 11558 44488 28306 34836 2121 19131 12614 36439 23141 31684 9207
32361 29997 18699 3788 31348 38493 5097 39373 39790 41661 16000 44696 40221 3021 26700 27951 33772 34696 38728 6085 27091 28475 14487 13696 15948 6187 35516 11417 36008 493 37330 5878 33748 12048 31691 23383 33195 25085 32454 14417 22397 765 23084 18259 29406 21906 36165 22787 26476 12211 25621 10672 22815 15442 7361 14616 4071 43751 39935 25949 42572 34137 6266 6783 32887 1962 22445 15281 9179 1453 18603 7948 11256 25983 34980 19485 31067 29406 30281 27591 39210 30811 10863 42410 18624 9935 32148 43689 7268
565 27719 39527 2040 864 43488 40385 45210 29129 39553 16187 35531 22679 10444 6215 37850 27941 36942 13562 31736 13701 20912 11261 27036 23070 2332 7081 39223 29412 20487 11546 19359 26788 13327 30153 34526 15610 32187 36248 31633 36000 39780 43587 13018 21457 14416 43264 13568 2004 24093 9303 1021 38383 7756 9329 26166 41439 8859 8884 39469 21713 40481 15980 45295 35743 9868 32875 25647 11340 2433 7974 24659 34869 1266 43982 6971 39214 6490 1587 40343 22696 33079 33585 30169 36292 24932 36094 27091 16333
40120 39664 20179 28287 31211 23701 23017 10735 8103 38556 36270 28281 30468 12872 11551 721 43611 36545 44343 6143 37521 31022 11152 4257 817 15601 4587 3701 20745 18105 11923 33030 39376 39639 13313 30023 44737 30508 25043 11317 1029 5892 29725 3462 7752 37858 37177 28164 29939 28840 27534 40490 15196 44694 39708 19546 42693 8553 19325 28763 42261 32118 14570 13351 36795 41289 39729 35345 976 30591 38431 22179 33796 31853 10885 31636 22671 34527 39765 18394 41272 10340 44472 571 28550 36045 38374 4003 42024
31370 26257 32371 38539 5254 13654 33344 32159 4019 1107 35220 2178 7425 9386 11737 39139 8441 42541 13624 934 42717 27200 8674 30912 2441 14161 10090 1198 22444 30781 43317 31405 33962 2440 18098 31832 1617 41343 25234 1041 31500 18637 30315 33162 41540 22326 15024 32152 30463 22970 13564 35561 9103 29619 7057 15544 31313 39806 39742 26334 8330 27451 18744 45605 33452 35108 7397 38598 41878 4770 16375 32667 30118 28206 10240 39801 22945 42404 12470 19568 37936 17604 23619 9306 11963 36358 4367 23185 45632
32069 27784 23741 28101 674 25778 13271 2892 10510 24523 18241 33386 25267 41416 9252 30918 8969 8339 12177 6051 27142 44327 9009 43650 41697 44003 9663 5620 39555 18811 21119 19762 6613 26227 22371 4664 5775 41043 43962 28835 24130 20316 35390 29478 21144 37232 43289 44671 31122 26562 16090 22018 36635 15932 42339 13918 37743 13307 32431 14679 2630 25161 41413 40701 20204 33892 44525 11189 258 24756 32372 31104 378 44202 10598 32626 40111 43338 14684 20993 41781 11487 34206 40469 18039 26691 19787 2464 14379
28404 23272 26623 34185 7178 29443 3587 17962 19943 22574 13552 43404 8242 30049 6395 2154 12954 16981 42154 23948 45377 25047 10809 29824 37346 27152 15162 37197 36102 23104 21442 39829 38419 29002 830 43572 13805 25668 23776 42787 41129 13642 4392 10351 5316 13280 25675 8621 17623 15130 22420 40976 13890 29496 21884 20320 22250 12294 18018 4165 3003 10737 14015 17305 34818 15742 43841 19620 1636 27566 22834 45090 5516 35851 9016 22351 2504 40316 22112 28099 23037 33680 38213 6278 28758 39061 5074 36140 39826
45399 9750 44358 26372 23207 16149 30386 2789 13036 7307 8740 25740 45415 32861 17120 13874 15003 41595 41396 41720 21702 18231 40452 10789 20059 41716 12169 36981 17865 40635 43291 37982 6986 12088 45243 44782 41945 5161 30068 24927 2582 32919 5728 44984 38348 41174 44230 7983 12068 29922 8747 7840 7493 24636 30241 2282 26044 5829 33329 31496 6800 37665 22681 1409 24686 37736 44482 22663 15529 40569 16477 13223 43668 4988 32796 8964 42642 5827 37790 10384 39817 6652 44789 20664 23456 7061 37266 32064 35657
23073 16014 11607 44952 17636 22632 3715 3163 27315 39392 15515 32413 6461 44150 42741 18726 28456 25215 30734 28037 2355 9589 492 28686 17727 3088 14955 14303 30689 10224 14477 17771 11966 3164 42372 14358 2601 16796 27649 7031 37739 33714 43220 16727 33878 5262 39826 15540 29229 38014 31386 33403 37310 16917 13122 21990 9879 29442 11662 4101 44346 28813 2897 31225 41048 25273 3835 40523 18840 14981 32247 6235 29023 12383 31924 39237 944 25151 16269 41294 40533 10949 121 39799 964 13350 2881 17443 35163
15049 36979 21089 40841 24132 19559 9797 35813 8318 17155 37749 5669 20279 3062 2510 34710 32078 6523 18576 8912 22408 21515 11579 25277 14613 26048 22365 26304 17977 41268 11958 18112 41804 33390 44309 24028 2624 45386 33908 40686 41654 12073 21978 25707 24466 8290 44477 31035 41245 16244 41977 6334 2537 43398 45514 24579 7309 39913 25351 29413 32404 7509 4480 40311 2029 888 4217 10397 11339 29047 43120 5159 7371 12816 19255 16952 22462 4094 39808 31930 5809 6547 21079 32361 37683 16406 15722 15664 12356
12860 39491 34850 1707 40182 24456 4677 20511 32663 36250 26361 7990 42096 23765 10901 44517 41904 30636 574 45189 36849 33728 26653 845 2859 23372 42303 4855 16795 31179 10894 27696 41453 43169 21173 493 37238 27176 41444 35461 27123 3761 41309 30852 19319 32408 44787 41872 24845 41554 20771 36473 32799 37200 10961 1607 43076 40468 41093 36536 1535 35571 23288 30890 339 31851 41281 28505 39460 12879 40161 45618 3197 15586 13646 41222 22709 44121 38976 29729 34878 22865 2918 4653 34460 22526 44446 8685 30151
44307 22867 19276 37614 33671 16389 11183 26774 28058 45350 41964 5494 31234 5610 530 34411 4308 41977 28743 11362 20362 44373 18580 25764 40137 23258 30085 26829 28181 5017 17839 16256 37937 3655 6788 45411 17518 39031 3711 5282 1353 26114 45272 38497 38089 39795 19781 39260 17484 10299 5964 26720 25292 15916 39671 3419 35565 19565 7399 15705 6218 28342 45634 33325 34907 43635 42081 11699 22899 15877 6411 41460 11839 17309 8576 9116 24596 42173 39318 20935 33811 12239 6476 24347 38467 38033 27436 912 30249
21663 7558 17527 14553 27561 2019 5505 26706 37546 29044 21146 44383 42863 38567 26117 42504 22210 33623 43580 31028 39507 21923 20380 7780 10595 35415 20406 29722 1759 16448 3244 28768 7623 39372 10460 41340 38792 26880 9970 44554 29771 44223 21312 44794 13730 29778 1853 20028 33920 17813 22948 35616 18412 16949 455 36153 14016 45596 33542 6912 42772 36279 11039 39968 8261 23399 20089 24004 2625 23240 30890 32171 35616 4778 35639 42149 43814 32248 12393 24756 41459 36900 44305 37208 4055 18129 3591 6452 20057
29875 28750 27472 36311 31736 21576 23365 44753 18952 28738 26965 19572 27703 2795 30628 11088 22056 12499 19880 41230 11517 10606 25035 21447 15489 6372 18963 12665 8019 38460 11265 10402 16975 29544 281 33405 30807 3863 31616 2427 19462 20446 23273 17807 45392 45311 9353 29062 20523 44315 35054 15569 27516 40260 17639 32844 868 2168 15284 40340 38239 41241 43168 15031 12032 12730 27057 14930 23068 41654 12059 36869 22156 12916 40459 27607 18550 15162 13462 5138 19100 39024 15487 19817 12601 9102 9964 10015 17044
20050 35736 16010 10482 30358 39640 30196 32564 15481 532 41929 5237 13401 33301 6979 27309 25038 39131 27630 37830 8674 8810 32837 20486 21021 45208 20268 9907 40536 33858 42568 35184 26754 16185 25218 5685 16671 17343 25349 4293 25351 11790 22095 31890 44583 2674 33840 38776 16250 42833 43437 18464 6336 11677 19145 27454 3219 35161 4462 14943 41129 41688 20966 39487 35169 1841 26124 24498 20688 43286 40328 23178 18746 14656 18144 35193 16096 16158 22425 30371 36830 31958 4525 23046 44259 41946 12602 20483 44744
2557 12374 44028 20746 11884 29801 38475 16516 44421 2767 37270 3390 19832 7761 355 35790 20465 27260 3992 22680 38388 36319 1037 33970 17284 33924 43513 24047 22120 17683 1656 31682 16978 10013 31230 7995 22862 27578 9444 20784 3162 39291 38108 28911 19631 13614 20484 41915 16967 39696 4815 17528 10290 4283 22344 23413 19647 26630 25505 32985 30870 43940 11063 23607 14750 10675 14857 11160 1323 7326 5382 3486 18205 28428 42476 682 36470 19345 45641 23333 35428 8623 33821 29822 36603 19134 11392 15253 20075
40768 21795 35556 31153 17719 3162 33502 534 20350 1518 25355 20316 13446 28925 13685 43266 10144 26529 14519 28386 11958 39639 32503 39981 4610 30723 14235 39826 25631 14996 7015 45001 5982 3098 38242 10619 8453 25130 36248 37609 38221 214 37510 36792 40545 28117 18924 30800 37185 2767 40092 14828 7425 27507 5936 42108 41363 11290 18472 10022 41294 24689 7758 15498 37490 43035 33171 3505 10721 27281 19512 24202 10874 19994 6595 21700 6227 37069 11186 17756 18089 21687 26484 2024 32768 22417 34760 2416 26573
5162 22965 44032 38598 14324 36244 23539 616 24111 13480 36063 23797 23201 14551 39335 16238 6443 17107 37262 21275 20599 38380 12691 6049 15083 18144 1377 35821 27896 25177 24827 24454 10799 40282 8215 15415 25778 18391 7042 40381 24929 29768 30970 9185 355 37969 15599 6603 1995 827 21759 31364 36903 40982 14238 33127 11477 312 40830 19804 27329 28952 4543 7581 24304 22012 33274 6800 42888 24077 10095 9115 12492 17679 38328 20903 42026 17279 3587 20461 43287 36117 34376 4205 40707 44559 39145 14855 43728
8593 12401 33798 12097 1443 2479 19201 41749 39525 12686 21503 43302 6208 17030 503 45294 7118 15057 24483 38333 31756 38705 32003 24394 9753 25373 29826 13395 15331 219 23204 20157 31653 31137 6920 11218 20021 14173 23341 9266 34261 19744 5398 10278 28766 34115 29392 14293 4477 9490 606 21015 38000 14072 44606 35933 38572 30149 10801 33561 40703 22488 27556 34547 38698 2368 5160 33767 3904 37596 33232 22038 40819 14223 12973 23398 25535 44698 2834 21598 17737 39007 21298 19274 41951 44222 17447 22690 1017
30459 17322 30747 8283 5575 27486 34350 25047 31133 8318 5556 30179 13666 4223 4670 28960 32382 16348 1661 41247 4547 10799 22496 5584 15538 15801 23482 27379 23434 25171 7597 40873 27767 17306 18685 5175 10383 35941 4666 37781 18244 5093 12896 26407 22670 40962 3874 15207 5390 32008 12313 39912 43838 34083 10106 2733 34230 22982 29789 5226 45053 17239 35935 5819 13865 37021 13677 31589 25125 11728 11827 38203 5483 27506 23509 10841 35379 27553 11680 27203 2023 41310 36937 23339 45536 26495 29149 6459 20041
17828 10937 31732 14840 32948 13334 8468 15121 30438 37770 271 10907 42049 18956 4235 415 11678 9850 40827 20114 31131 37613 18679 36378 7712 23139 40428 22929 8732 14924 17879 38022 9112 34016 30741 11640 5807 21052 40124 1755 4018 9905 20996 19726 11246 27429 36131 35382 35143 39415 31057 28945 7450 43430 31420 29980 23040 10502 37653 34730 5303 815 33990 10434 44081 31288 6532 45291 36225 12480 5233 17105 30216 29345 44864 45073 3419 19827 29738 36397 8782 6935 12697 20562 42477 44174 27872 12667 19033
14619 38310 27393 20088 8314 35280 23547 37742 13555 32383 27654 35215 36704 45021 42588 22690 6723 43828 6206 28199 14667 30672 6179 6354 37872 17420 2069 4308 14973 37077 37358 43568 21465 23187 45300 36814 4313 25176 39994 31398 41683 44160 7284 3493 4287 26523 21024 38295 19302 31043 29361 29181 13445 29303 2888 23045 16009 27922 28464 35248 4524 28404 15442 7711 11613 24122 24378 16902 21492 18481 299 34636 38416 16932 25430 37679 1438 26250 22972 28362 26737 20320 17055 11116 26215 22499 31269 21117 1729
24341 1412 42452 3733 42429 6894 3771 44275 20698 23944 6459 20335 7646 20541 11879 8845 32551 36387 18028 19278 1656 40729 12986 17094 37006 18223 40251 18748 2610 19323 9279 440 12162 29173 2825 28637 42080 7349 7194 11518 25713 22419 9781 28878 1242 34338 15863 26441 21120 13035 19407 40365 28961 44154 7239 12454 4929 41475 35505 12575 28019 40891 41660 892 3085 41662 3791 7022 38082 14735 19104 41209 29561 34415 33759 44126 32052 17403 22407 42759 13696 25197 4428 8150 21967 3412 40067 13620 2889
32392 27891 33673 28274 37109 5322 19621 17995 9453 39745 21106 41576 30174 44492 41318 371 40416 12400 44170 41109 36965 15490 26943 15022 43879 17984 9824 8376 17245 6313 24380 27558 29707 26796 22095 36316 18386 3901 38302 22129 3908 10287 38037 22027 42249 42662 32340 4573 5894 37028 6407 15403 37812 39881 29245 25571 21692 36073 40839 28148 31746 38563 35013 44364 9076 39181 5353 41702 39090 16770 11001 19321 31900 34507 30879 1034 1014 7057 4239 10676 17270 20023 9246 1274 31657 12224 31026 30675 30219
43256 37945 26466 37463 26032 21304 14801 25853 35741 25479 2315 38257 32502 8527 37207 35976 41781 26371 8716 9788 17845 45218 40755 32991 20345 16069 20934 34263 17551 21644 35938 35771 14435 44859 45264 16232 43415 30900 3940 29611 13858 41708 39670 26842 10728 28005 33723 8723 26674 19595 36993 33474 23331 16226 18258 38146 21046 39480 29937 29996 3027 20059 39064 43123 23816 43327 10656 23551 21560 35548 11718 22648 28359 33019 17388 22794 13116 8178 1369 36954 14576 22324 25559 11934 44064 28596 20448 19713 27016
19231 967 26462 14805 910 26397 41628 23765 5347 36257 16925 21194 6063 15234 19632 10207 16673 36592 23356 29357 36227 27142 15631 38634 20057 19766 34100 8182 23350 38498 4644 1925 38194 25461 13863 41172 21048 43729 21555 33204 12726 32751 20371 17756 9430 22783 16376 44145 29343 14545 9710 8860 12113 4571 19897 22598 14899 11063 38766 30656 21087 35228 34658 20944 13478 5836 15208 34644 25476 6036 31692 38154 20807 4805 1516 36546 41532 5055 20310 30991 27569 25322 5681 5946 41159 10200 6540 34739 20825
2625 22156 42751 29676 34997 4060 18227 11680 19570 42862 11552 6802 28387 2651 41563 16493 14829 7124 38789 12459 13703 16477 17669 18322 28554 4225 42325 19664 8237 43218 13314 44250 45481 37434 24160 34482 20431 45170 4570 6187 6302 28354 19084 31649 41671 38782 44996 40095 27541 34763 27912 31543 16929 9394 14523 17464 11058 23989 3355 32249 22429 12426 11397 5809 22180 12121 28331 36651 43930 17231 22486 34079 16754 14605 4912 23355 21878 24019 5774 29762 5776 14290 136 29866 8988 19904 11459 25564 40493
24392 41060 14914 37353 12255 36117 37506 43493 19519 10801 22973 3690 32362 3654 28592 21243 33041 28122 9904 8650 14020 44728 44304 43141 39990 36409 22676 12060 13269 44737 8949 11437 37070 30325 41605 45303 32795 26151 4023 22161 40846 42671 14645 3432 11357 41249 5537 15459 1040 22928 33286 26249 44268 9157 11333 11108 14059 3492 14736 43582 35257 23405 45167 45660 29172 7352 37609 35928 3011 11789 15067 34771 1345 31080 1594 5668 37086 10432 6584 17704 35176 277 35874 21676 2579 11085 24905 758 33424
34086 27468 22778 44923 30435 4615 28984 16193 31302 24688 36683 4993 11065 650 35991 29599 2498 1956 29855 34914 4308 37185 44340 31141 40242 36851 35140 41427 20038 41956 20141 38690 5187 2457 30857 30061 17817 36665 26924 25183 42626 27516 32280 6267 45273 27443 32690 34105 10680 3206 18763 10401 9096 32103 20054 27322 26753 30713 31694 44028 41805 38776 15765 8605 25291 9118 41330 44588 15440 44742 42994 40590 20796 38555 10938 26939 40225 4657 5172 36736 9898 36323 36821 30082 30736 43859 20644 41172 22976
27651 43136 15046 26813 1217 40837 41805 6718 41992 41267 24602 3343 21331 40467 5665 24770 30396 36200 11218 29271 23693 4077 31857 41496 12361 41240 32940 33527 27471 24936 6269 25702 36530 28180 8575 4136 18223 20821 17401 16940 13882 5240 18827 2541 11056 27527 35942 17325 12894 3412 45327 25560 31509 10408 16736 41212 38579 3845 10532 32171 4900 22263 35233 19199 1416 31397 43733 27361 4390 1546 43490 32325 7146 39867 36848 3577 25031 12133 6378 27238 4417 5345 22046 10258 15183 6787 15993 31873 16373
6421 21380 7120 2590 12304 29606 12782 42578 41588 27176 8498 12299 35475 23777 35688 20955 23653 43606 22504 32207 2429 28804 32534 45200 14117 28204 6784 35424 23314 11123 27306 10405 30384 13282 37469 3036 40092 19615 4367 20692 19385 842 11201 41407 3848 24663 41711 17950 36429 32012 24011 36418 29871 21120 8250 38973 27413 22657 19975 28221 8492 25507 36577 43901 5427 37319 38712 15887 17595 31467 8296 37943 28276 31863 907 37458 33593 8190 5701 37262 8257 5750 35652 43722 130 26399 38437 30726 44520
31696 25261 29095 36090 21091 2465 34239 10256 22794 43126 41635 36382 19404 18041 38347 7143 42706 37130 35154 15475 17639 17313 5891 31791 43803 12720 14165 4724 15675 10947 24365 4582 4848 21617 5912 16044 29831 11313 11901 10238 9888 7065 39134 8686 39958 12414 23383 11675 14707 12613 24911 28389 42048 2999 23293 43359 37654 16042 27739 7979 18054 41437 19180 1947 41557 4404 1750 20374 32323 17247 1685 22603 4065 42287 30784 36365 26330 22826 207 28698 28405 35993 43540 31733 26302 24659 18344 22588 10361
34752 12706 1893 20366 31241 791 34723 10955 16481 7188 898 939 27788 39673 8569 36424 5093 45511 1965 6427 2219 12876 4781 36216 28384 1536 17086 10288 45003 39058 16774 2150 39037 6898 12677 24800 36050 8131 31978 34348 686 27032 7965 17059 15551 22952 34729 33187 10225 21304 43179 33903 17028 22995 44152 24188 23377 14345 30350 2370 32413 10753 9057 42873 2265 25556 43072 11846 17825 39346 33809 6446 8954 9904 31804 21075 33577 38514 2117 10286 39630 27067 8004 11044 39333 7123 9077 15652 11177
44568 26659 8119 32414 25648 14995 819 43764 45005 5719 22164 14803 41026 44995 27068 21645 3319 22639 20664 7054 22873 36045 8727 42368 29979 15898 26536 22055 2159 6613 20800 40528 6426 5318 15894 34196 5379 7034 19689 6138 24903 3884 40093 30353 32222 12447 1880 2222 38858 33118 7045 13935 36327 18503 12962 36014 22004 6598 9132 13302 16552 19236 28649 7231 37702 20818 36284 26031 42619 38983 5885 17092 30184 14912 7626 35964 10617 43306 27661 23906 43992 8964 27674 9063 35035 39876 28019 28667 39115
8448 37118 5805 24673 9928 32998 45606 43899 33818 26780 14585 709 8499 2909 43451 33803 4405 32833 4621 24851 37424 33152 38516 5856 45587 12841 16872 22925 18048 1725 13178 45555 21595 26847 34934 27860 39157 16029 698 1678 954 21563 19408 3031 5978 16751 27687 9098 19327 43263 4163 31031 3064 726 13536 22925 30586 44054 34283 38264 2357 41385 43598 17603 34584 42051 40836 20488 26638 24298 19090 18730 10416 11381 11828 27204 40529 20129 8582 19411 12374 29873 28647 1165 2966 13264 25748 5582 1245
24573 11844 36850 20048 27997 13232 6363 24899 9267 27075 17832 20375 1525 12045 45247 39601 32550 8962 23418 5275 26107 4616 39484 12873 22019 31106 44382 4213 6358 35190 10332 5872 14375 22746 22836 8209 566 25172 24193 39423 39579 531 26625 15450 16376 37078 16182 1363 11397 1599 17387 28027 752 7933 13141 1484 1181 39808 13577 15009 36942 14600 12570 1349 3847 30380 17915 21368 43242 19260 5592 13923 32522 36408 28163 7839 1316 27088 9722 37869 3941 9734 37294 10381 40173 41953 22342 30495 15874
25671 44225 38100 37330 4268 40805 35023 19754 19866 39685 8995 10650 42400 39269 21715 20812 37306 6139 38318 2949 14955 29100 29675 16097 7953 44206 1655 25463 15795 3197 20301 44392 31252 14521 30364 3135 13831 409 31468 23243 37286 8622 31583 34418 40163 29007 15393 17499 36211 37936 11273 41306 35219 36990 8299 10703 14825 19990 36400 25835 4686 26136 41404 24258 15570 9766 4989 32768 4524 35311 18423 20275 2982 34106 1939 3909 22535 31192 34374 9438 6268 602 25449 29749 13902 41365 5298 39970 30004
38920 17712 40230 6754 1884 35807 29272 14572 36626 30917 23733 31967 2067 24076 31852 328 815 19996 44881 22480 14628 22735 9045 21870 29553 24821 20132 30761 45537 41657 8275 5572 37399 12340 29714 30404 8307 32725 538 9948 34230 14433 1354 34379 16073 28697 9008 37952 17776 44280 15241 38318 4366 25738 39004 23715 39487 11265 10979 30848 24170 25490 24727 44861 17848 20548 21887 4887 31955 21127 20134 17127 14637 8594 30872 25708 23909 7695 33433 30909 4270 32018 34743 36979 39856 14074 18438 20038 24973
38744 33892 23878 597 29015 6632 40730 30260 38569 1817 18724 24207 11008 39337 35752 1768 4595 34025 18472 29239 9309 43070 14538 6567 45050 42627 12782 40819 1931 43648 8031 15577 13000 25653 35409 3598 423 18681 5660 8679 27393 42940 22043 11910 19063 17348 39131 19806 8138 35957 25109 20177 39280 45132 31666 10604 23199 44775 8129 9319 9506 9607 34859 32458 42242 3325 19363 41138 17595 20549 35186 29039 20365 20534 32830 31832 39998 21270 27320 37535 4046 14308 23319 34757 31354 24132 3144 6890 20818
7129 1926 26265 555 22001 3016 7922 28910 44509 20767 42091 28543 27913 41044 9732 39288 19576 33975 1989 21393 25445 35803 27291 426 25379 9399 31975 2958 32545 41596 15011 33122 22719 31209 34208 8534 15511 11585 33904 16314 20029 34206 7863 29294 19408 17897 26714 12892 12985 22418 13623 14583 10297 6781 33641 44330 13784 1380 18593 29825 20782 9039 26862 26857 28191 40122 9048 2687 8211 43148 17116 30165 42376 45586 27273 29447 4389 25418 38070 35655 40454 31244 25363 14586 43245 17721 38265 27274 7485
44676 10784 32915 24712 7475 33954 6214 41050 25783 19074 10675 20220 33099 38621 25757 1055 17584 34962 23473 23113 6338 42725 43627 4439 4302 5070 4771 2160 24233 16976 4594 32252 13246 19744 40559 34803 25209 28618 15934 30273 9650 543 28137 19792 21403 39907 6856 7517 39505 16678 2005 33040 10367 37629 38818 20899 27135 16530 29845 12146 28396 38204 23589 37398 7781 27415 17475 7473 43812 21548 25727 7708 24362 20679 33459 17168 164 33326 345 42699 43783 43671 36883 14251 927 4636 11170 32819 23139
39473 1177 33091 40794 12075 26226 13904 26228 6927 26019 6169 17170 14456 3900 30974 45638 42470 2842 6211 7370 32098 43541 1118 27337 6456 11279 33882 35623 38270 30667 12488 9736 35594 40510 23520 35263 10015 2472 23275 29555 34503 2202 16730 13005 12152 19936 15278 32075 3554 41878 25076 10300 31319 33524 4114 20874 9086 14330 1955 3134 19262 39411 41828 32501 33281 33090 39864 37629 43344 45361 15290 25302 350 34324 31470 12419 4267 30261 17540 41904 41293 12994 33579 6085 30654 6882 13066 31673 19812
11340 37868 10907 30877 22764 33671 2699 22074 13782 22951 336 24084 45458 39062 41991 27191 20937 43374 14872 21814 22928 17047 24258 26486 16302 32848 8297 19809 44387 22933 29557 16178 45343 30536 31372 24050 8380 16691 7802 19102 8451 36547 35715 41781 23860 24944 38491 44569 10107 38598 27149 22560 35767 31878 11999 8269 16221 17824 26766 32715 34325 2610 2483 44776 26069 12936 44141 43889 44623 44428 32892 5242 38682 6741 27849 40052 20963 15519 23929 35504 23639 41950 21599 2967 18489 11724 37358 29399 33836
1971 6488 3114 4081 16946 34494 11711 23791 36880 33748 2699 34957 3118 13053 5634 43635 8567 44008 36817 21493 20686 6793 4277 11400 4863 7429 37275 24402 25873 33986 28632 26018 17458 18673 36159 30241 33870 32483 29232 10601 10348 4208 146 44480 33512 26300 7554 27609 25019 30957 18329 31290 26895 43050 36349 17557 7000 19501 7805 32091 8819 45022 27779 30706 2002 4869 34308 39302 19756 32899 39916 41097 29854 45300 33971 17245 20470 35977 17535 41826 25746 36287 2968 19070 31066 27867 38768 41944 9563
20412 21105 2466 30336 9037 42181 37267 40351 5235 32210 34987 30501 18543 5917 39079 31036 33499 18107 11962 35724 7882 35973 18402 20573 14839 44855 24714 43684 42456 30085 7282 44196 18211 3585 33611 2624 27769 17516 18705 10806 28014 39040 22286 22970 22894 22131 44179 31633 344 37563 9927 38061 32322 14022 7595 38246 16549 22907 13355 8973 12537 1472 33227 22656 12256 9227 19975 9336 34279 8346 16814 8194 42757 23840 30210 41658 24385 43515 29361 24347 33668 4412 24465 30887 24919 17189 37729 23861 29720
41018 9312 23494 7797 24877 36184 19615 40104 20804 13142 38669 18586 43429 26934 7121 17777 25864 35640 21804 4062 29173 23911 45325 21195 37290 33166 35362 30827 31862 18334 45078 17042 30043 28504 25912 29955 25086 26922 3604 308 12987 41722 36382 14059 29938 15914 35005 33099 27721 7697 1269 28849 32823 14979 10968 34218 21467 13172 8347 30069 34259 208 13645 10732 18895 26047 1926 1284 44241 4898 8994 3039 36513 41238 27520 1183 3059 5485 30076 18520 29638 32627 31105 23742 10786 11621 32991 45546 772
44041 4672 45397 8518 29527 6028 41394 25791 43161 15404 44977 28013 2327 29593 21279 26767 31604 42430 9382 31041 31000 12298 17649 20849 4218 41218 34887 4433 13535 9355 30644 36653 44587 9650 29686 44527 42453 5607 8715 9441 29047 20375 23286 32115 2782 1232 28869 12261 31925 28572 34158 35928 5943 3558 17946 35166 16051 12990 12519 32291 9557 42177 17031 24982 34797 14652 25509 45020 42724 43465 26004 45461 32271 22494 14609 42633 36675 35021 17898 31147 8955 6260 11946 22117 45488 35626 24387 28741 17763
22765 41830 39088 1073 7389 6883 17988 30043 12002 3506 3650 36402 29936 8617 16509 27077 31254 3392 19578 19710 19978 28862 2922 1137 4712 3610 11207 23343 28244 13142 27621 29437 21000 36552 42688 42582 8145 26282 17431 30351 41275 587 41177 10179 20715 3843 3229 39557 32996 19476 25558 18969 10695 2435 38122 11713 35055 44258 24316 3469 29744 41452 9661 9053 36350 2740 10661 16612 780 5018 36126 6597 42996 31505 19491 44929 34028 3073 270 33216 21606 27345 15118 4690 43154 336 24865 30889 7011
43248 38238 29307 27947 15503 10283 2322 4250 10555 7330 20895 20505 42041 31304 40891 5865 11566 39049 24994 20005 31094 21387 20464 38024 36877 19095 6509 43269 505 41420 26210 3253 23850 633 25555 21834 2591 4543 23534 27361 17307 15741 33480 8327 41337 31716 44730 21426 31302 22341 29702 4014 3011 36925 43826 19138 4037 3838 25238 38970 41161 27773 18397 45677 2622 7986 44282 11278 2171 34201 9670 32818 26045 9540 14037 36908 37312 22599 25374 36439 37609 45074 21980 3347 38895 35167 17038 14207 6161
8457 31464 3139 10814 43177 28945 36351 40368 7137 38457 41823 10763 23570 10572 470 42502 10254 28201 2270 38629 29680 11964 505 13783 23460 36282 8840 35277 31313 41036 2128 30861 33292 17142 20232 6574 10493 44172 27001 14574 22331 39525 30082 271 13098 1854 18679 29376 12396 20802 10626 42893 2643 41612 10667 40648 39964 7390 22999 7659 4764 6445 39384 3817 28028 3962 12538 38440 4969 6561 13716 42814 605 19558 14796 37223 11732 38258 29813 16753 3216 10994 45149 39555 20545 7729 26541 32220 32431
2082 20290 7285 16017 4476 33563 39921 7905 2630 32121 13208 21577 4897 551 25494 41578 14893 21671 14541 19578 32711 13042 44629 23759 11015 16776 32376 43948 33744 32866 32780 30441 7856 13800 28874 21533 36599 33749 36314 14269 32279 26522 41056 41599 31621 22015 35367 28378 33036 34860 41756 8271 3613 17688 33350 45435 26611 2832 39824 17489 13390 4575 3595 20369 35920 15439 20370 9618 24026 15495 7138 32407 3647 43021 24562 10577 27124 5936 8734 34284 22828 4373 27339 30029 15603 13562 26934 6399 34710
25186 25563 28740 44080 43696 41221 18392 4519 21459 18058 17938 28764 43237 30223 2837 39530 9697 27603 38167 19711 11185 8672 9948 28603 23405 5355 4262 43232 5427 18049 33538 36570 29112 23856 15617 24502 29124 36551 23891 37680 39536 36241 38027 45005 11486 1705 38837 25838 34998 40554 7969 40311 35893 4881 45545 38975 44627 23749 14401 16560 722 23368 31415 18451 33856 1221 2324 1249 30913 12857 2155 34883 1151 19924 3249 18167 44509 3945 17484 8552 18211 39193 27559 39672 4255 1306 387 12347 43537
5171 35256 2075 13904 28315 27620 22713 23122 2436 22936 26558 4367 45610 4349 43962 27984 44075 39961 24884 19095 43812 9724 39874 23455 25886 2518 7269 8960 13050 2036 32050 25502 24862 29855 26512 7248 36467 20544 37017 10617 1474 39818 17915 36089 18035 30879 12304 28987 32003 27856 19737 40036 655 36320 40895 6959 3740 10622 3354 22719 35947 12633 4006 34694 19664 33308 11218 21518 6913 26577 24980 44277 12688 32145 13276 12833 25298 42529 1328 28397 24166 20441 41122 29411 14412 8708 27160 7913 44409
39234 27958 13970 20972 35607 15527 9742 32048 8383 42693 16508 20333 40389 39082 18683 4289 45300 38826 26200 17325 3639 11202 14696 13898 37762 26590 7054 41049 40895 1198 15257 22935 12877 13494 24564 14404 23620 24214 27983 19070 31267 24693 41856 14111 14229 32252 24284 36152 14978 14856 3700 15476 22559 22746 8790 31828 19946 10893 28445 12929 33808 27934 20669 18685 42673 11687 38925 16844 36615 20058 12623 30162 41649 38122 12384 11667 38709 35952 2708 25178 15940 4184 5288 1942 8884 25771 44280 14083 20499
1953 21776 24261 23703 22394 33144 14620 21422 35637 44024 5595 4255 42156 40274 26156 2523 44855 39884 17903 18689 10258 35761 16316 24474 8929 43854 12112 37348 23799 21109 10752 1394 41349 4789 39163 34824 30724 11943 5128 14265 36289 35831 41206 11253 11351 9280 26546 5131 20832 8155 25771 6515 8581 2872 34325 32952 39357 24510 25068 45207 12059 9079 17298 27872 23962 30944 9249 21789 36182 19001 1682 29639 2920 39417 27828 27997 15659 23730 40280 40908 1954 35400 18202 20105 21294 24470 241 41956 16191
34948 324 27186 29621 33231 40421 6258 43657 12777 20746 4086 22399 8770 39713 5165 24626 28428 21732 24580 12579 22312 37817 26959 15202 36590 28103 9024 23688 6021 14656 30338 38508 21969 35697 43117 30176 18795 15902 38086 19592 2480 41714 18900 15624 4586 31534 37196 34941 32899 27751 19389 41344 26076 44605 2256 10349 19538 21765 1115 44687 2916 30264 30117 4758 27531 6227 24056 3037 631 6744 28967 25170 16351 40618 43068 40839 32908 2906 19080 39648 27741 20675 340 44695 34318 24758 22818 12601 12358
14884 8221 3635 32238 3833 216 4025 1828 14443 6924 23462 40172 25366 25036 27116 40509 36846 39842 21523 28447 30713 24147 9818 39849 21275 4697 990 27143 11722 41666 22099 40056 1464 42887 26845 4489 6564 45241 35987 10765 4105 11171 35919 43271 33435 40619 21808 16610 42802 35964 37385 25849 7712 26366 41460 7653 40250 20377 12032 31571 24457 33396 19079 33274 18357 30517 17318 44780 18543 22794 29766 33044 36213 8045 31373 18284 45626 16002 40973 7600 24388 7052 43376 16738 38773 19897 24448 15161 37812
3459 43958 29165 36431 29825 18089 45510 44342 4923 40564 6960 20418 33961 28466 17496 37956 44772 8136 32718 38109 43317 38821 33693 24592 43998 30829 24997 15249 10148 7741 33180 24332 3901 34697 6097 41604 17523 43628 36542 38077 32566 23274 34698 3349 6657 32086 42693 26455 16488 9918 25265 36311 30468 22486 11654 40600 419 29952 5239 5762 6630 38948 3530 33031 29035 35059 30704 44052 37730 9135 39576 29201 21457 6831 9123 16632 18815 17453 19996 25931 43935 33982 17979 32476 10391 25149 7805 8139 8670
8915 7139 11081 28354 27987 25029 7043 12183 23327 11830 6215 24193 927 29729 18756 19135 22186 45645 19577 34498 23408 21810 30699 23933 31699 36436 32970 17251 29228 25516 5734 261 25814 27471 21782 29539 1653 14403 32539 17526 3274 14555 2817 2063 33186 31249 45041 7857 14281 17698 19458 21817 35800 13877 30192 28659 31911 35372 2770 31215 44027 29490 16315 6705 25850 45118 17751 7850 26233 6721 9022 38792 28672 32644 14395 42138 26889 1986 39552 8568 15338 16779 30617 32732 8410 33053 25597 16553 28036
28451 30828 28177 37719 28039 35156 4119 7338 44410 45474 20405 18372 35528 33799 40067 29937 5558 16994 183 43843 14106 16237 26505 35695 16677 29206 32713 3441 16562 21053 22960 15704 5815 42868 37029 25711 33812 23539 27301 8617 28790 10589 14827 31093 32689 7067 34526 11886 20377 34082 35123 28993 12261 579 20233 21327 12357 45269 42888 30005 1388 32195 18214 38891 7161 22412 44552 18961 38211 691 30661 36125 6666 25563 37569 41100 12278 20578 18327 11384 34389 7143 1041 13894 41008 19529 36369 19282 41037
3381 15100 1709 6220 32566 31361 5118 23625 30904 31357 42492 659 35616 34167 25660 42597 27992 13957 6082 43294 9392 37893 32951 4547 13611 37271 1191 11748 9987 13613 18096 10107 9401 26345 12683 41445 19498 38501 14804 43296 42461 16044 8577 4239 36309 23785 24976 27610 15136 11867 31965 18454 23469 27951 33030 43159 28870 26881 16034 16134 11928 15746 34496 12011 4336 19324 27431 42074 32019 7073 39574 19318 42119 29501 15843 29736 42925 30473 4934 41655 28378 39712 13295 18866 26908 6455 8053 40909 16239
6010 33626 23230 15708 19326 37861 9293 9036 25729 27201 23941 7489 21127 16900 1093 44394 30726 5581 30858 34410 12368 16144 30695 14030 31247 420 41026 38905 45173 14118 14940 28365 3251 12661 19334 37406 11079 23518 17235 40073 23874 34644 35920 40808 41147 1920 13060 37084 37922 4251 37109 44108 9212 43902 19289 33217 18899 23682 31964 26957 43720 4335 156 15946 25441 7966 2174 24415 11577 33829 21215 23663 9914 42333 4822 43687 37687 34025 5379 24807 4138 28994 44825 22683 14770 30897 25345 3924 23936
16230 44565 10333 18034 5137 31305 30013 9205 36673 3381 12565 38399 32874 35043 36771 4919 34919 4867 2016 17248 28844 22215 11938 37356 28698 17534 44100 20840 30534 12336 8141 8038 7635 17519 355 5986 11902 24107 36803 20866 34493 31950 9703 18017 43874 8850 39809 11334 39029 2663 23773 35241 36126 32720 21506 21714 33804 9009 44836 26157 22418 16184 37426 8368 43863 20274 6907 6311 37020 38599 11200 45069 17924 21581 38399 21872 23081 36245 13886 8936 14854 21843 7614 41617 7646 35023 7313 34553 10664
2927 39943 15595 25225 20701 30330 34767 39555 22642 1675 10206 44286 28690 17933 26577 8044 29627 39857 34141 3037 1170 6451 27125 6240 37444 43689 9960 3106 29109 42441 14050 29671 15620 25216 16419 14360 21588 2923 6207 29474 15711 33520 17341 39735 23683 26821 5573 37323 32658 36656 22503 34906 12663 27951 27407 2022 366 16052 29400 44740 27176 8240 36750 5834 26401 13806 9929 12274 19926 28276 35919 23535 21071 36603 11838 28351 3580 22847 27188 12764 27802 36478 20499 32063 33460 4790 28647 19659 38098
32320 18597 16821 4170 45597 40813 41132 39533 4248 2762 5234 17637 42741 45271 4470 27574 38443 37235 30045 30537 4508 14340 31752 9160 12720 44559 13473 35553 15367 29425 1668 25190 14097 1535 26842 33886 13185 25467 27530 18000 28453 13360 33823 8840 18899 17704 20484 1419 38837 24335 15458 7366 41936 22633 9479 37585 7236 6709 4884 39727 23266 44237 40459 23599 23339 43937 15481 11062 11941 43602 22519 38475 16886 25493 13116 27335 36854 10120 6049 12312 15668 34785 23137 10694 34256 18863 8876 41888 37769
36107 331 37484 26562 39896 34206 38955 24083 27168 19508 18854 2643 45318 20771 7226 7572 38321 32092 27137 18056 2033 37241 31005 14041 11439 40962 41373 42670 29405 33343 23894 14226 20311 230 26797 39541 12182 40593 43585 39902 19497 40212 4216 42536 34157 26923 41554 24604 27701 30261 17335 45162 35649 31790 25912 35965 31706 20205 25488 42422 28560 14641 29201 30773 8196 37139 16770 25831 15899 37931 34820 32269 4575 23456 8097 14431 14262 41792 34249 21805 41945 3807 33261 11112 41011 11537 22397 9478 20123
16324 7860 33689 43465 22949 1006 8114 27876 30677 33464 13785 27989 20779 24175 42121 5143 4665 43496 41458 27826 42837 42069 1524 34515 8698 27125 291 37684 36818 4672 42411 7437 13623 28743 36486 27791 37269 35082 16783 34018 7330 27334 17486 40164 22778 13253 1636 16141 3859 3795 36361 33375 13456 26143 2037 23038 5638 36550 9404 11353 11296 33071 6951 30631 18632 38689 28720 21300 2076 15757 28292 32386 15998 30137 21524 32842 41714 25022 6361 18575 6970 7629 17972 25340 44178 30532 10106 1738 6051
45258 9468 25037 336 12989 43583 6053 15097 333 30045 8489 26592 32264 17915 7496 11742 19255 30660 20397 8685 24404 30129 1948 37098 586 8169 8229 31863 23526 4633 33257 1416 14443 7322 26546 22773 29302 37792 27970 23506 19465 35424 43008 33023 23107 20540 14982 18184 40792 26997 33154 8888 10152 45400 17333 2565 27578 32047 8740 40327 29804 25377 11957 3378 39485 20612 32604 7425 22756 34653 37737 38368 13612 34184 28828 13128 3698 32179 17943 1215 40977 2367 3620 6927 10600 29630 41723 41762 3451
22683 18704 45233 25402 680 10532 15212 36387 22560 39727 43831 32939 34161 34266 19569 39467 17328 8012 18511 30560 29276 42871 7422 36367 10690 22499 4986 25397 23027 851 20687 3395 32510 15285 6598 3655 37667 31314 31818 6349 45565 5119 26155 40022 16511 29809 43201 32331 14264 41101 32218 19912 14374 5245 13533 5182 10685 20871 6748 43577 22151 14903 15616 8287 29884 28939 33967 23904 30870 6534 29139 39022 28408 15002 6802 24957 7433 16468 17213 34968 10794 25054 5430 44032 35974 7665 24728 17392 19804
6977 12944 32674 27935 11276 1726 13906 24465 30659 34327 28908 29479 2616 7624 27084 20070 6383 38635 45515 38659 10629 22064 26370 18021 27318 12279 35654 4472 19645 5469 40997 23732 36217 26359 6826 9094 22958 13263 12259 4304 21950 1625 24186 44346 7588 38279 35933 12564 43268 44223 44668 14478 11113 45370 39423 15306 27931 10588 13813 18006 10399 6085 37555 30524 29907 33036 41839 34902 24750 30502 6565 36952 43057 43359 30326 42508 14974 28873 18679 42206 41521 37777 21226 31138 138 4596 43744 42443 10376
17999 25639 27950 2367 39562 28297 32072 40800 37811 28664 41230 20725 22818 19772 16414 43833 19626 35263 17897 16480 8596 34181 25622 29715 19614 44803 9361 26477 33507 13985 9358 18553 19190 26491 7722 44672 26340 41188 27340 5224 37425 20920 23952 15389 27021 43328 29406 29535 32886 30662 36606 17348 10699 32161 40127 18545 3071 35606 28095 25640 26386 2673 4081 4413 15339 5192 15788 10449 23328 28860 27271 16083 30843 43014 28424 44845 20537 12516 7635 6819 23634 34715 23679 7427 12827 14913 1417 8144 27061
6469 5148 10790 38635 28701 7210 15256 15078 22953 22092 39195 13319 30227 19784 29874 35414 2205 20353 40732 40839 40419 4023 22348 16547 7112 12980 28213 15372 7269 19748 4940 32844 30693 39971 14033 42554 13281 556 17368 15394 24953 45586 25081 32774 43661 43818 18981 8834 24989 35282 34679 31726 2707 41386 38269 9256 33519 26700 38992 15968 11019 18947 1138 2599 26155 9540 39704 21890 43816 17294 32309 32727 14193 24067 20840 32055 828 23028 34928 8184 13632 36781 40184 27329 36950 24843 37436 21557 7253
10870 27082 33173 18625 18168 612 9457 12686 14461 43414 38277 39153 29529 4631 39814 10843 27139 12926 34448 43968 44161 30503 43022 31580 38340 28384 20640 22911 29588 28112 788 14016 7063 33300 37239 23325 36102 29583 5781 15202 39347 19977 15800 39404 40205 35155 6136 36388 35480 38554 20359 8136 26413 13043 13638 26982 39316 25137 23202 1418 39747 40723 7324 11782 15395 3046 23805 9218 18813 27642 19000 24317 14936 13981 37161 7753 15761 39724 28523 37837 19812 5312 45484 8433 24077 13740 29976 33286 1049
7279 23984 20107 3796 9229 32574 25118 31597 45166 24099 25933 38024 2243 40824 34446 14134 18964 2890 6164 11898 28237 21986 31473 3682 40149 9612 36972 1098 37570 12858 42863 14463 43559 37341 14448 45234 33530 2319 36936 40075 44088 10026 26657 31272 6396 17465 30300 14295 20195 41293 20176 39989 25860 32092 1842 22459 41349 41863 45018 35788 20202 43131 29780 42851 26524 12122 34117 37271 40763 24946 26455 33237 40368 45258 43969 16863 6655 40899 25815 8252 43279 34409 39937 42764 41342 32737 8689 21748 42878
17590 37507 3065 9706 40004 1252 821 13449 35764 21138 31627 32659 35217 10049 15606 37843 39506 20790 17740 21876 25469 29368 42573 41219 42975 41432 4650 41645 17005 2176 32561 24774 25044 9961 40946 1379 40344 23894 13775 40649 5726 25576 211 11208 4712 31828 45158 29990 35226 13510 19728 4178 34087 22749 15951 14548 43576 36288 41168 5960 24638 44973 3850 6224 25148 39953 33740 689 7614 12444 4588 42439 44481 16122 44112 10860 30643 36856 31827 20896 14881 26721 19410 31405 8500 15705 1679 3894 22869
27044 20997 24947 45176 38115 31008 30757 16111 39208 7751 37615 3714 6501 41396 31918 355 23011 25442 15122 35893 20419 22097 32659 36533 3069 14881 10898 35536 13215 26376 2856 3228 32726 26457 32654 15173 368 3616 31304 7768 10344 37346 7864 693 27819 21611 28717 1049 28382 19267 28865 32325 45125 33308 22807 32746 15941 16815 20381 20103 25590 40232 23750 30756 30743 38149 27407 26712 25493 17086 8152 2109 13495 41719 1067 43826 2149 9935 12281 38263 16199 19606 17522 16511 25690 11112 12377 42366 36853
34750 1730 10653 45484 38074 20216 18493 10330 43166 16603 20894 12824 32801 45356 30172 37819 33312 41807 4074 1128 20916 17317 12999 8113 2066 14958 4048 27571 14767 45192 39374 19267 8727 13779 8801 30117 44937 23796 7351 10061 23773 29064 34177 43821 28981 7692 16469 25387 22706 19025 561 32515 1832 19882 17977 213 8266 43981 9610 32126 39920 27379 40630 17952 8116 7165 45278 6240 19680 36987 33962 23539 13627 18005 37063 6160 38828 34475 22196 41115 5317 37119 972 33854 43407 16399 5885 15652 22954
747 27312 33940 10883 38885 2592 3072 21078 23510 8508 45270 30288 31952 3718 40692 19534 33417 44793 18639 36715 26287 21241 33914 18055 6125 4409 40440 34878 35166 37628 22677 32206 564 7288 7288 24063 3781 27329 32915 14460 29209 45050 37477 3716 33309 36324 40129 8831 15894 7109 39247 10456 28988 22720 13038 5304 10765 4899 24534 8670 28196 4554 42578 35787 12386 1640 3311 41115 42193 40413 23565 11476 29861 38588 9440 36830 18539 25588 27966 20543 15426 33071 28713 42236 41299 25822 9933 34905 10744
2674 5357 29466 13752 34751 40183 25880 4995 23662 28100 39421 18247 11005 6345 27258 8626 43293 4469 8964 32711 32388 42275 11597 6832 31879 10486 18056 28745 36805 36053 26311 14815 30665 42720 14521 22811 18303 42481 39992 11370 31108 1328 8932 19640 2743 21796 43290 18027 3643 8780 18545 45408 17309 40119 1137 37059 37342 31029 7072 35241 29977 11532 18518 5483 21537 27172 22937 25420 40115 283 16894 14358 5522 43728 21267 259 1324 37498 19739 562 23876 23330 45050 15124 23118 31959 8718 15371 42741
5306 11493 35049 3463 25718 39450 36943 7421 30137 29505 39543 9391 1076 20155 32793 44371 20750 25856 17779 9846 37705 19724 5826 2097 37765 23469 16176 2346 1234 13555 23605 41378 18715 20427 39237 28267 41733 24984 18886 32113 36090 30203 24810 175 42029 11684 19831 582 11800 35804 45192 45604 19926 28886 42991 30323 39955 44445 29777 3517 15813 7115 21305 16830 4309 43022 26098 17458 19448 37511 16146 14616 8508 2200 17685 31548 7574 3764 378 15448 21868 37522 20387 39742 12089 16100 30627 7008 8924
7786 27880 14452 39411 38388 33352 44831 1952 11497 31575 15529 23815 16452 2214 2138 34727 9074 21060 44084 17493 21326 19202 1765 30516 33709 39621 32400 23659 33602 42657 10438 44788 7419 15404 4006 40230 43744 21659 8526 31262 31162 36880 7727 27958 13787 34578 4352 21154 18410 45453 23036 13685 26905 18923 4158 28967 33425 31685 45161 22421 6362 13282 16487 16720 4870 15837 42296 34057 7301 24411 33079 41426 9424 14199 40493 34211 5812 38767 30220 41079 1550 9356 42290 42035 15230 4903 1154 2870 23550
12037 35510 16162 20359 44541 19206 25309 20853 40958 10016 44447 41600 22358 7292 640 28867 35794 41789 44872 15596 45291 33746 33337 45571 25325 9274 11047 23874 13273 24515 3594 10566 19025 7621 14134 41402 30795 6970 16667 16310 31991 32283 2673 14762 26307 14329 25438 19363 6057 4819 4670 31213 26385 4471 16895 22894 40228 12578 6605 22232 5822 40744 35034 28840 36942 8608 32227 3415 24292 32058 26937 11524 24741 38785 29064 41528 21909 27287 32053 21007 43563 27888 4892 33596 16813 18057 23815 24151 26698
10871 15767 18121 40984 14795 865 41177 37384 32356 43412 15254 40435 40014 23842 2973 18544 38640 21690 19446 10746 10832 17128 18885 16864 10706 43375 38809 11274 39631 24346 35844 5720 26782 25319 15296 23192 1800 35454 20307 30646 36107 28343 10876 45047 35153 31487 43000 12758 40384 28036 23247 13360 23058 26972 25827 18798 36287 24973 19656 7692 10884 25864 38138 415 2780 6384 44922 39880 41837 10644 3158 30033 32042 42477 45516 42171 1902 19865 44193 13982 7255 30348 30502 9147 7578 14724 39231 32204 42981
30743 16856 8882 31019 8714 21264 12230 2163 6830 24144 17882 35445 42571 767 23356 31392 8957 1479 5016 28201 14739 9142 45212 36978 29484 30799 8252 3538 39302 23888 15766 21587 11350 31779 15130 18043 36203 881 44569 32061 26044 14323 42018 14483 43172 12438 12805 36097 1901 5696 43223 41059 16663 13409 28454 38415 33215 44799 13078 35949 14402 1098 31224 26069 24748 9243 26648 26568 43595 22086 17737 20989 45455 17334 40472 39255 27717 21318 21308 36255 31506 27385 4308 11064 30759 30776 7730 12281 42478
16006 39848 33582 16592 25079 31775 37262 16960 12512 29075 18248 32884 22046 29848 26812 877 1106 14354 38486 27433 6785 1340 33315 36819 33825 30210 1156 37452 24080 3076 138 37204 38993 11533 852 44042 14907 5043 45092 20896 20004 27166 45341 40929 11833 19630 34088 45391 14184 22439 25383 9141 17809 17929 29462 40671 2687 36370 19579 3531 27933 19741 24042 36685 8256 7165 36616 29566 37281 30461 19465 45017 5947 36396 14068 34505 11251 33436 43002 2327 39002 30771 38141 43376 2136 41330 23862 31902 2676
1483 40809 38446 43840 32105 39020 2075 19696 18882 30608 19612 22398 10536 29302 37823 7750 18679 8666 17972 2940 31202 11234 14398 28342 12832 16008 29283 41397 36366 20053 37897 43205 9994 12796 18683 20073 15866 19227 16081 16661 43469 16369 25580 21741 3508 4187 23669 1761 13216 11638 20349 18280 45322 4102 5446 13708 11688 40157 7590 40035 30107 4209 9347 4931 2952 20460 5147 44498 6118 40011 15242 33380 7738 30611 25666 39076 17593 11483 45367 13737 16596 20308 36930 36848 36612 16691 41077 37654 12408
7810 38243 30938 7478 2569 35228 36499 22085 18362 12091 13484 9097 35982 17029 34070 28340 11183 9240 13944 43852 28997 10470 28736 43387 13219 15971 2816 25317 16238 8230 2362 2417 32129 317 28737 10168 8962 23635 18263 7493 43838 22338 32695 26130 4092 8795 3575 39674 41431 29705 37929 32600 10894 24759 28808 27586 37106 36560 10913 1046 34560 44958 44658 41247 23661 1545 32649 7261 23278 16712 38809 8102 2328 39467 36236 19019 8925 39669 35703 22231 21090 44239 22543 19935 11635 14788 10370 7245 31860
14714 15795 41045 12059 42873 19229 18167 12864 14567 35232 44888 30707 401 810 23843 11546 43373 18530 33240 6796 5951 23432 3190 45186 44438 41548 32923 7289 6018 26366 20757 7095 22174 32118 10957 4333 7047 38552 40871 26917 27367 8188 25854 3975 25372 17808 2555 1009 38970 30189 39992 31859 36106 7586 20351 18296 40621 35627 23799 22646 36851 36371 31414 34107 18693 30617 13840 8469 15372 25962 8924 25298 42352 20963 22919 44960 26508 25537 1372 8396 18297 29803 39733 10133 7177 35708 25171 41262 26449
5239 33543 17070 22765 16917 22006 8751 2622 23086 14114 30110 14544 6743 25780 9373 32043 3419 39467 37351 29824 43770 24298 33321 10612 7214 32845 40555 29702 16493 13954 42066 16869 11113 8032 2847 7383 7963 23939 21401 39226 6539 2388 35102 8112 44814 5376 37015 6726 30412 37896 37069 33333 22649 4057 1237 29453 25709 43771 39083 43154 26625 22905 31634 20587 37605 2731 44208 30396 38426 28692 38438 10528 21569 11644 17075 11511 38563 33140 17594 13247 12970 36042 21244 648 16148 7107 31208 45377 37934
25457 42737 10116 16781 24952 24515 9407 33979 3309 45174 41288 42055 15104 35522 42723 43548 26568 5690 6114 23286 32237 25010 9575 6134 3591 8640 21492 22972 35676 40336 4782 12834 5853 787 26458 27164 27040 4181 27291 26331 17861 32836 40892 14307 44949 15844 927 32184 23660 35007 38757 9827 17664 2384 6493 15594 32655 16168 16472 32080 17554 27134 38643 5681 40740 13252 25864 17813 14026 802 39995 42768 31445 39799 2497 36684 30151 33553 5914 24705 3304 38925 23327 18674 26940 4539 31797 5098 3211
1478 44370 26508 14580 38208 25418 43451 7287 39723 17953 34131 5124 25621 43275 44781 749 3176 3360 13358 9849 15343 44599 1297 29686 19176 45628 27063 31847 37626 21472 33590 19638 3319 4139 6301 11474 5203 36710 11705 23147 34578 19575 32740 39662 18804 19707 6905 2931 11846 2670 21672 36339 43280 156 23008 43057 1122 42543 27038 40696 13782 25183 28892 41994 25426 12007 35445 23355 16170 31483 7449 28416 32563 22970 21061 42110 27031 9407 43781 28036 23921 24373 21168 3460 40207 41094 11192 4220 21506
8664 39749 43250 23525 32522 40641 32778 32074 45235 44963 21193 37782 1353 6917 34811 27810 6096 33270 9107 8501 36322 30814 17024 33325 43978 26232 15532 9766 41874 6428 11459 2865 10533 28383 6502 21159 2990 16774 6781 25437 7242 13502 21658 1477 10077 17428 761 23608 5015 7191 16694 10377 31767 30354 1135 28123 31824 13460 23101 21496 40832 39641 42203 31753 33067 35154 40391 38151 39165 16321 7929 42809 26780 19263 8742 37222 23946 42910 14675 37138 10780 34515 4213 1388 42959 27480 2026 18234 7223
29066 40062 3562 175 26534 31221 23914 41242 9482 35350 30550 11941 44847 13362 26133 35768 10499 1363 13524 13860 15654 24899 12932 19534 9943 38713 20963 33886 41891 37206 44826 18104 40933 13038 11367 41749 28599 2162 38381 20521 6293 39616 17236 29153 33905 31927 11307 35281 8960 23344 37160 42489 16625 20481 860 9806 1183 39897 3484 15689 35257 41812 33777 32798 3921 13012 29340 38797 29186 19692 6172 8961 44751 45211 29886 14715 21489 6459 42736 42742 36092 8323 38341 29990 22421 27523 9357 19506 27372
38663 41865 16141 13066 3342 41729 39151 21197 38735 7880 45460 31152 7178 14536 810 5454 17621 36053 18893 34160 32009 11080 23570 24311 22605 15922 27271 27020 37779 36532 4195 42458 2678 23620 36505 26920 29932 17864 38145 10085 41395 43173 7865 200 40469 13698 29600 36002 7975 32957 10255 24274 15881 12203 37661 29111 27904 45175 25451 8537 45422 30279 28530 29905 20796 9302 40275 1077 4659 3930 37841 19488 30777 7676 24379 1424 11803 34826 23658 25575 4834 42058 31968 31056 2339 23917 34145 29487 607
37689 27854 37902 25409 7770 18289 21576 7215 22305 36422 25928 39766 5456 36927 40157 9600 34642 10329 16222 28857 3993 1692 10324 31321 15129 31501 18539 15786 7758 33033 11427 37836 12144 4597 11287 30177 4416 31286 16833 24134 27137 11140 42638 3687 43045 33987 1944 9429 8084 44922 17908 10049 37934 44414 26015 38730 45274 10791 23274 34245 11696 26157 21170 4629 31763 36755 10638 41610 32752 40630 3656 33624 41758 6633 10635 40085 25695 14556 2766 20282 5504 40420 5537 21008 15731 2121 3530 32238 2034
23608 6647 23614 29938 17350 32495 6399 28397 26053 34609 17803 5114 22465 29806 41443 4055 40469 38977 34006 24524 31893 11648 3246 21183 39059 19155 42181 23027 2821 24031 5905 19358 25655 11344 41072 34143 1708 23276 42583 14272 28454 23711 21580 11394 8244 15974 675 12157 42162 4082 5559 8252 14494 32150 24991 18058 18073 4406 7833 23942 39817 37609 33243 12254 25676 29003 39608 1163 15282 15038 25795 36675 4308 31982 42170 18983 30301 906 16473 20986 44902 44228 33000 37769 43250 26889 26194 2579 31927
