300000 2500
89768 153412
33807 91305
286412 193306
135816 91213
73521 1443
218433 183157
245182 179539
209860 124937
264352 210596
47935 30164
91496 222450
270501 170948
98056 92191
89611 77517
76377 253136
197164 186022
259703 62829
229126 135530
257091 266405
249883 210647
182465 112104
78065 65939
79928 44299
47826 232290
220437 16680
166637 172177
174055 187099
241427 13903
66372 2182
233531 52014
192419 18894
235230 52486
24769 165275
13083 72723
58620 254972
75412 181810
19578 191553
127312 131176
187363 60799
124119 262715
174595 22320
233561 145686
259850 11088
199335 74346
223915 267041
238200 55208
56960 154856
93318 21831
9860 200301
295534 279524
37176 217919
37876 271389
178623 190382
108636 147573
280673 248783
41906 77780
281868 228476
216195 228164
65678 39697
98338 99349
148508 228048
97188 200313
1103 3230
283716 258313
52546 87460
237376 195742
200085 184974
287898 41912
62093 194511
146904 99067
217873 161628
136932 19693
87247 102668
293292 41594
190709 58879
260867 240592
180280 163668
20446 3427
27600 28401
126457 139082
271834 137182
150448 246400
74197 287274
102822 148420
124709 159109
105153 81657
24340 22948
207851 278439
26476 63489
10675 91096
288766 87033
262570 138460
118942 246988
267527 256133
255812 276735
250851 180076
259628 283805
114526 252650
193975 127346
250680 31424
292168 188431
234328 149104
69416 254761
285193 199265
93987 56858
110808 183134
213257 136767
25880 218360
155885 51992
179838 150112
256105 100298
89316 87822
226329 70432
79978 262397
102331 108838
78833 257708
155925 228045
136862 81310
60495 1707
98109 192443
273333 4119
111771 291245
126422 47409
51467 80964
155304 244184
263267 245651
287873 33202
32732 299984
226015 272040
17941 228439
91906 107527
61391 246472
208493 146496
151698 34437
117096 56456
92584 255029
28833 170105
112157 57156
87846 211151
244837 77248
92044 20588
208470 38333
201548 273077
252713 186578
85344 262291
255197 295514
257610 160531
173748 166389
250990 208134
158229 297700
113971 150210
40968 214192
54215 153471
263901 73603
194584 98074
201925 204333
83867 131093
26679 40321
161960 87381
173677 286101
38268 263587
97956 182694
285653 219052
245056 224945
96218 83233
78021 108571
263217 116952
110399 212555
84839 240649
244955 275914
289068 162737
171692 171146
83284 256370
234375 229148
85975 144113
137191 29528
295665 104119
202986 233465
276291 276433
77425 143678
256816 6160
3268 289643
226881 96874
104396 208358
167362 280823
57720 95994
30914 250388
4216 279991
102327 152932
100517 26480
95640 260746
226679 45307
175809 167280
257965 73077
9138 204579
168457 46492
235568 227572
5201 281715
96867 163512
101648 170721
129335 165097
215986 240978
58011 39012
288235 192692
208644 9769
119793 118076
55339 276638
28862 99199
64075 37292
277679 181785
232356 3616
122023 291305
168891 33739
163021 278451
68151 269411
26857 123933
73382 286816
63147 288114
167318 40320
5380 81826
249244 174819
36684 196128
92720 227183
209754 107075
296431 282509
203759 166853
284216 7818
251243 107239
278832 250039
50486 230475
139006 62378
247833 93464
61999 106459
268674 167674
151283 50408
256836 87872
240990 83313
157556 101852
221192 222364
269965 98470
143822 172434
43661 66138
6958 236672
83126 297813
34607 91960
274766 95228
31735 115949
49247 194229
100467 234746
280056 149643
99922 174300
490 115918
175754 21587
39115 122353
43346 223109
224790 257131
193286 159995
264106 110710
15879 199555
218119 6963
48568 87980
119060 10724
131202 48557
131547 258161
53329 248670
156619 148612
203668 37916
165206 243565
234241 269546
293008 234238
228782 86827
17430 232623
154169 167049
103108 275259
242018 14801
202206 7202
204172 2677
71912 275205
227391 124040
56814 59981
103977 190757
192093 281861
87672 121993
200904 123771
188769 257141
164740 118371
228957 14925
289708 260948
184167 36155
295645 131721
80767 179468
40763 40417
278505 272370
232331 51775
270479 110624
220567 116170
151899 142865
174573 254478
161470 237090
122624 172826
38764 95796
280518 254784
11037 142155
292760 98777
27918 298033
276149 92190
66942 13075
160159 221232
171122 22083
224988 89744
294961 234612
167830 104743
1512 187138
221308 221696
220263 16775
27423 227721
126081 171303
51221 234134
161712 52613
262970 2526
297424 278027
260202 195580
270752 47143
195848 228559
124196 66120
57819 100826
270469 78213
139883 3077
85007 154198
256712 171482
258961 76473
149316 227977
174977 240334
221620 164260
195990 135356
264082 122243
71788 72394
144126 273858
271843 104550
53273 190366
79424 118882
172456 255804
35819 850
195927 34082
35184 86863
119251 111708
80958 114295
144495 299576
292939 10410
175360 222154
69997 170063
218465 180617
199074 283757
88080 248624
216425 98610
210991 30302
28903 68336
35396 244182
13828 134779
90553 286144
11467 215436
37884 83078
236045 74145
277952 208728
69918 176762
185051 295977
86455 159486
43078 299631
83123 242868
199104 232423
49234 2346
140843 226862
210488 203538
199694 299305
96495 10656
218353 175838
114017 66349
280388 112953
77887 197687
263224 258184
181757 15615
178404 299519
61075 112585
83649 271541
3453 246431
76719 276069
138812 219663
248046 209262
285076 141128
230022 181172
162732 219425
18335 227133
188465 49427
202153 28372
30386 270905
199766 154313
188709 221367
8251 6734
192417 112208
60019 239516
104994 161359
47260 107308
179145 2143
12631 214239
119737 23475
285484 197303
115643 31743
182916 64443
14427 244700
102541 216567
293064 86952
5050 152665
10424 52676
245248 206934
293762 171668
142555 21635
116962 131715
161959 140796
24472 136060
127718 165376
236169 3474
12993 207378
263293 230073
265247 213114
216383 297162
106063 63042
290336 26819
287012 151610
142357 158597
207540 172501
130740 147892
42969 145674
261979 177371
42704 133299
48681 29541
65628 236049
297923 269637
180835 192966
122800 218575
18000 255513
211838 97980
89744 51894
9115 81450
35957 45387
152572 242714
188534 286029
145017 100753
254317 136145
276527 65879
8183 232531
34653 43163
44056 41522
201639 48556
223188 171538
222007 129601
150103 215512
154039 9043
13550 72594
121527 209246
171788 248237
169325 148548
253542 174077
291600 131049
219447 120472
179165 54168
149821 283099
51155 83100
205882 230340
278390 73960
284564 63830
13487 116080
11381 47608
243178 279790
276203 221334
252470 186462
207465 167230
30889 5634
128005 290565
25562 287582
5112 283968
198629 144797
135137 279595
195371 258986
299618 65541
53231 157496
75745 120786
207897 186459
147881 45112
114583 289805
181222 144226
123991 220746
12941 46336
232399 243924
21233 135877
237782 10735
24559 120520
133064 175174
83939 178692
13765 287780
144561 283831
216754 25948
189789 76102
78614 285666
118899 129912
40383 71632
238208 151959
11579 4450
168534 179602
55743 93306
34572 272094
160260 64924
231420 231152
279940 123859
126436 99588
97 263051
100358 141178
26175 280757
1543 108787
249605 99718
171923 52856
5473 74807
269080 160628
179009 49287
73542 30005
197018 100916
11702 259983
64900 239782
60896 177081
234683 144453
254371 178349
258912 259325
156673 277324
95479 51233
133440 68600
295271 263781
257066 281305
272637 48483
119437 80793
121864 951
189532 225128
38110 190851
263341 220248
122806 72684
249657 95361
240525 267643
36512 190175
139169 292380
171074 12943
74680 148482
182918 108822
98362 148737
228951 103226
6803 250771
96482 72006
204755 292212
101593 41898
82189 212230
140179 125049
124891 146766
138569 277962
158136 225013
117531 272856
123749 86631
111337 296098
129093 235159
146139 43531
37216 16058
9850 50747
144580 180775
106932 93980
288671 101118
149404 220318
253734 193310
171591 97171
295154 272012
181328 233427
202718 191987
208596 268026
174890 2655
199479 292453
96763 151905
67070 294329
290488 222958
189363 70300
71951 276512
90693 122810
175854 67123
155716 68513
203690 252969
81993 166853
72987 78631
1708 35613
273438 93590
124940 19012
177842 171938
232235 70041
282395 144062
298319 111903
91203 29919
36803 53502
209396 192956
42611 37600
127615 69237
184372 44245
288216 69097
114361 120367
297463 148478
20095 252167
194616 94748
201122 87030
112700 90290
196646 103581
253798 191664
233519 115517
249535 132236
71881 167648
255635 221245
41505 28654
10226 146403
254665 243417
198895 268253
225848 241650
1060 144689
285672 26449
299309 291400
276503 88817
99624 208462
152230 171217
83003 32214
231197 229620
195438 249653
266213 254370
264557 217475
260876 184965
177127 50429
266597 167309
231570 291685
91365 282156
26180 35232
157479 194587
59611 287479
229897 215603
248311 266839
212301 170261
84955 160561
98457 53827
218127 205274
196119 250052
128353 221420
238838 261828
273119 272676
89223 270353
289982 193026
85888 140383
62455 148140
235581 232869
145028 70411
250938 227710
182311 241003
65146 49801
64932 281632
37475 141226
35107 254044
111744 201735
67215 217018
147550 261067
54489 213526
55567 278118
117653 118578
126890 175466
219 278355
198152 198928
36232 108994
120041 216145
197659 229996
130669 11374
237144 211330
51004 197193
286184 22810
275743 157033
4439 239820
219396 119546
234485 150773
56573 63915
212950 69944
116449 266222
156946 148728
133514 66907
220933 121246
64726 19437
115472 153977
164871 281379
47094 105786
215971 275745
42848 60084
51796 251212
57530 103746
43688 126898
226611 70625
237586 270656
85473 259089
293063 229930
234971 249080
117955 289766
241213 154783
50050 200433
261063 215539
196711 328
182686 223717
259992 139504
132618 48203
25247 255408
211895 15229
234923 199218
133684 294008
173709 214405
258518 183902
146812 216061
117590 91444
58801 78194
112175 278787
214443 169277
242561 281752
186573 271134
124881 140869
101243 220441
216582 228029
170337 186867
118094 113691
258732 50938
226743 164956
213646 152251
55638 244800
266910 231594
181315 87213
241750 287165
98107 267308
176307 226641
170749 28234
73593 63972
290638 177145
140333 122617
179637 228460
152409 262935
232351 97502
186571 56138
281468 24652
71765 23777
236288 244950
118415 78478
235555 62402
270225 284233
102850 247641
148954 252429
221691 279656
268652 10586
167413 278977
248876 166225
144182 170391
123975 214043
167403 92902
244840 60227
206339 91784
176195 84247
66932 275040
222958 96843
277493 195956
104674 189269
208450 40843
18366 288402
279196 54291
145284 165024
120646 182077
163739 142978
279593 17663
113611 38720
44817 51121
266276 254564
295213 18705
227159 185085
166867 142111
260667 91584
143193 201057
133610 48898
135581 80320
72801 65887
21151 129578
196803 271383
68450 171822
233911 100491
102766 112547
53862 70564
174289 78849
4382 87661
218521 164133
82033 243476
89403 121938
167446 177933
76208 288715
198791 231727
162419 258106
153986 205748
6116 223628
34153 102877
47399 192019
56449 188525
282374 251907
152630 36169
30091 6901
276790 63934
73479 215046
190514 273979
194254 20633
118304 235154
16569 84465
107803 128380
118626 192696
154497 212914
56363 277340
109460 70164
94872 252812
269370 262918
224208 170207
226686 94990
237600 126445
273708 56312
5080 98932
23800 240242
129579 156436
167416 23120
122035 30643
248517 30025
213772 69563
206463 137656
201269 257879
27206 51036
85842 298553
279937 229464
179692 130167
59739 120980
174255 51913
28065 28314
133130 37357
203461 113017
121075 234468
42334 154438
29601 15858
83622 3350
976 221377
164123 160582
203936 188959
259582 164627
130422 285915
137239 214114
142650 161804
287791 196601
87384 61482
298900 211044
27775 60595
180024 214385
31653 146727
66003 148148
171520 197357
34589 170116
8078 268044
296405 90716
36430 293714
272476 66427
273701 73041
78906 69508
196667 242205
121048 131263
76315 138319
30245 52214
192406 263941
91634 2329
279904 177024
170901 281754
175122 198500
51306 131378
100423 80379
59149 101402
230111 77619
164001 33523
64446 174491
63500 62111
50158 146794
119736 268645
226201 151640
166580 19857
257232 33379
247442 57041
169063 137932
268422 106233
207446 268247
198797 78720
17785 198703
48131 148705
49297 35743
179596 49531
95522 73562
217548 98290
133683 135795
48943 124683
180209 45478
231266 29364
163051 236014
50647 94489
14839 105676
179174 16496
229420 272487
15430 101935
97190 121734
110296 192112
27494 195480
156701 55316
28623 245548
23962 46525
64650 123545
209211 164946
80035 75608
274222 51999
226537 221860
73860 102930
194866 138081
239699 139295
32469 173299
235254 280861
149646 13378
161707 251783
59101 96700
134676 246685
113415 260531
71991 170016
64180 51643
192798 198489
288687 145678
952 191346
11081 54792
86934 204379
14839 145482
104495 200935
49103 202395
200188 219628
263727 44482
244252 7975
110422 261582
19794 273430
43945 17518
137826 170332
61199 155897
277463 147744
152438 95432
67744 31470
40940 114231
65903 141716
31014 42791
256441 83878
283388 222335
91896 223676
77899 224998
121772 65935
222802 147659
136437 220063
271637 119326
259387 215215
77470 135220
7239 292583
248663 116358
208327 93970
192016 127922
45486 244574
228159 152633
120625 117246
67003 152064
205515 19339
205377 153231
160474 52799
82896 196373
117727 220856
69740 58817
162946 185531
192286 57418
66828 10799
174898 213897
45068 175262
2135 229658
9971 8791
104547 31807
280535 122383
282061 22524
163092 20155
253969 163996
277702 253655
252752 223083
126768 204578
62477 196697
265656 148160
107729 187357
12584 172919
260519 116400
168271 291826
161921 186830
45406 205889
143921 10041
82348 297367
278481 91157
60755 149995
75996 108365
50256 56343
247730 85549
103686 183516
242136 43333
271036 285436
75445 41997
263994 98303
29783 91867
151792 103215
45388 66606
45936 18939
77545 219207
52143 271960
51175 2891
217224 3771
261568 87554
111064 32992
203542 229819
25347 247462
9485 256102
230766 211473
75468 60792
185411 98247
293729 184011
25072 144532
139674 278683
184968 188998
216940 108362
293888 163665
144111 243868
144691 289163
237375 162460
92575 175281
181117 40662
140006 32417
78093 227899
194158 236830
137558 108096
291649 251632
122053 94718
78286 134241
289897 94100
263366 193216
135864 270752
252832 180194
235689 210474
289301 261020
123001 39802
212548 244298
113862 74845
230351 91244
65111 41699
157565 129891
117489 63492
239798 257400
182915 250998
83786 6166
30300 31577
207018 111051
231887 40651
15693 40299
165974 46132
68301 196013
65164 296700
138727 40876
128530 270128
167135 193255
29547 171841
96922 225921
270495 202756
75009 193666
13948 194547
11716 114548
265520 69226
132117 149894
63856 167883
167913 31725
51861 297403
177339 108990
22106 245538
30505 39286
98623 106575
260789 191570
150281 155826
287205 150135
208319 230048
219939 19979
226447 172403
197725 111898
266823 113799
189702 227282
73116 144446
20947 85223
67494 14365
243392 136464
218146 103629
234089 259944
89135 65371
94737 282350
97681 124856
199902 29669
193778 285817
160890 250548
115228 53080
125012 229000
109632 175441
31805 122285
272274 257766
11596 198777
246122 108540
62778 31841
40836 154204
135431 281826
68513 103283
147603 252761
171108 140562
162822 198059
96950 185134
203528 284574
124515 210913
281705 298238
50779 10919
146619 64665
225138 173730
274931 274115
85567 214967
108075 247891
245889 177231
190467 52132
6581 121559
102812 266229
18049 187232
145595 268906
137645 9055
261932 243432
228805 124846
239453 138397
236792 257097
168606 77269
252572 110674
144328 151014
183815 14510
275667 83110
233815 233190
289470 95791
139148 7623
7754 285890
156969 74274
233887 44065
4086 192205
259783 196211
251393 140415
262094 30083
200536 56120
238344 2306
118032 232503
206667 65089
184834 248578
114480 52376
63464 48802
279094 54114
221253 62276
177791 231230
12826 224345
87250 100624
263154 232182
244471 224957
216791 194133
152414 154899
194554 259091
200408 254463
177551 43952
265244 17172
275534 278930
136036 107307
121012 169122
31693 98557
238336 231853
238715 240555
294230 68164
127602 119031
122239 289916
20126 89448
292967 203375
126700 15146
169662 34714
187727 231179
116024 257149
190172 203040
239405 109342
140814 138590
233017 89702
161059 205793
156573 75778
114204 43624
74268 281891
228353 134454
162271 88190
157467 196691
20050 131661
266297 118474
176228 168557
49419 177033
89547 172222
18954 119907
172862 298598
235950 127633
44569 15214
111126 67757
122780 149475
7684 68245
167724 225526
240798 98638
91377 224765
76079 59711
287639 238192
204931 195057
197133 210700
233166 286134
262728 156628
131782 41631
197025 3595
71525 59364
131699 139675
192200 29760
292766 83729
60786 15827
149831 38206
277642 64830
141493 123544
275544 155466
173974 298455
286412 169090
95064 172088
92728 111828
232432 88797
188689 134579
285654 125740
75761 86104
171495 42828
63512 263037
269282 57515
206758 100993
144748 39642
91875 259175
119276 101679
280760 169526
147375 3714
30131 283994
272037 12912
214439 169154
18274 122811
295849 123456
147390 251849
237332 238156
169334 195969
293958 31297
253160 204081
214817 286943
273467 255594
11051 220167
130997 234050
293166 56354
54659 276817
257081 269659
244596 5396
280989 261664
179678 32910
62672 92901
229560 278722
12110 146784
28350 122874
39059 211182
241713 117891
104162 55405
188948 251151
144609 108352
53392 42193
243387 79182
239281 29444
4604 92323
251238 223045
139769 23118
116293 251220
282213 250017
134148 101399
126749 242037
247841 102712
178525 183491
254556 95618
163657 233963
130328 129255
15781 219217
90397 169117
293757 178875
185625 156636
14910 83349
192538 267970
12507 226413
258645 86255
72265 43063
75043 290377
47139 139305
26463 223865
217734 161120
97737 212909
83894 268762
171366 73908
297368 282170
112157 7621
56854 29960
194907 168984
258014 222286
63248 286539
7747 60188
42800 32990
5019 105380
54196 298295
209887 97214
268502 152736
109294 86982
25976 251108
117066 33401
267806 256181
163033 139164
121295 8841
273349 213205
123320 23960
219229 253424
105193 32864
124338 292443
36629 175361
62267 52426
109495 73730
100689 179668
48392 116010
5107 293235
258634 200583
208708 25352
91872 41963
138280 218998
149683 112777
272778 297250
7343 138333
69465 288249
288611 234657
217895 28554
112101 28569
13129 63592
184236 227528
196857 104585
122580 223993
234519 258857
159837 15351
4932 179112
297516 140596
128037 247784
238985 33670
252262 44912
109376 267397
164148 155020
152288 59471
141794 271018
173919 60965
9445 298078
84915 227211
98168 84287
58970 77931
289401 44360
92915 57683
260298 6200
62403 178514
56753 284402
214642 81151
206936 241630
254315 83122
57101 194822
208223 60777
268003 230266
200131 237381
162480 29900
113741 297834
251341 26325
60219 188546
298041 4686
211788 127675
58518 32024
195940 136996
86443 233717
270669 70676
99296 182380
164081 45892
164389 48905
51265 245072
292235 137850
42161 171193
289609 24915
73401 212677
152600 135403
81749 164126
237336 30077
240614 92495
102281 79464
71344 275051
38355 165487
82106 119462
290494 218170
245169 152857
255034 174675
140612 180994
185497 74346
29961 159778
201904 257234
119895 96477
29914 272129
47018 146941
129845 158644
95523 239824
113474 277833
212229 183333
224329 259426
218649 147539
46643 14505
242571 273523
146542 153511
110474 232321
194445 31787
73068 163518
184390 6729
224680 134545
142642 221208
218554 265729
91056 284851
276482 227037
178082 48281
172037 216404
102030 7790
81771 150525
288702 39960
261215 90993
132576 73826
38642 258092
185448 72860
215001 36847
186537 134713
282026 50401
183712 125135
91555 245705
184201 257435
42211 121174
224583 181466
232207 18360
186368 272017
124495 27076
114239 37575
121134 5491
114097 94117
100893 108643
151080 37469
52208 226965
142875 118240
223647 250509
104484 139078
107015 99894
34496 290794
151303 127003
40403 146284
109347 157839
193474 123629
75749 130374
48886 4438
13431 193498
71008 228241
207721 202023
42767 170638
101393 61134
214075 123584
252774 279126
186974 266526
61861 108646
204694 8386
135725 46765
99173 217741
216994 297243
258257 234433
131693 220805
150052 163398
244730 21188
26636 178117
156376 169270
229916 296304
48797 271804
7082 242904
296128 111355
127439 196533
105533 39579
19242 28899
125781 143307
49117 194111
161515 287547
236142 29005
23656 133440
283048 141781
76983 50547
199832 284098
269962 223346
50608 60418
126899 185086
139527 220201
155500 57788
106390 254573
109936 216212
254652 285131
159231 106133
280668 263265
64318 279599
192186 65202
153588 157271
291074 44133
120623 72742
125313 192582
45213 177307
132265 195364
254323 246740
122354 28881
164522 7769
106131 177286
271612 31058
41837 41852
5227 177419
165601 177747
87291 52663
10452 22255
239219 2218
117362 202870
106209 232670
77481 295507
247635 269647
297833 149590
233822 299231
199563 296690
54906 226931
151943 292734
75939 153811
119356 15157
105274 289614
239692 40886
227523 124692
123869 174756
29029 31002
95097 282310
82381 38618
41358 122632
275659 31344
18672 217113
281298 234270
86866 178476
45052 273512
263345 272215
136421 191801
162473 64310
94251 293981
259517 227337
80085 81893
60563 137009
281288 14886
164758 147383
215795 296346
39315 235558
246405 191261
118364 169516
290065 276561
139720 155261
156881 237979
182353 296016
190560 246883
289428 8192
218591 42168
82740 111980
166481 44874
141496 226135
86910 157198
99657 281352
217140 71774
23285 7243
176001 1494
56911 174415
114010 123032
266924 293543
143288 255081
151303 36905
121110 276914
185694 255601
177396 5215
79282 235391
230615 237059
152395 242997
59366 204307
224146 230426
114511 204742
278326 150937
81888 213788
270536 205795
229486 202868
206846 95113
128849 277203
195635 164738
128774 58788
133573 288363
150796 85619
227766 30914
179047 226321
128076 253739
196545 207443
253970 219499
113540 220947
188277 254383
269281 9293
7975 3206
181356 42339
96734 26563
35709 268378
202742 129084
249200 169851
108395 249710
36006 103955
298401 71542
85954 284659
133916 159289
273421 203344
216680 62653
134771 251844
255314 250830
9764 36523
93612 182586
190516 103559
173613 216469
138938 45405
169135 269814
281557 120598
111984 96888
162370 81151
120817 87610
122503 239913
223610 167519
73580 299785
3412 28303
73309 123417
135981 224788
73769 287926
294488 49822
169606 147360
45162 154560
93994 35293
219486 142128
140595 283445
293906 152043
205601 94775
37160 262926
21079 89971
31526 11998
8445 86015
9398 55682
292065 221555
210791 73667
20593 253196
85258 851
93954 23724
44597 153283
219981 34040
129284 79627
64492 29689
187859 255046
199106 12060
248101 32531
33104 260082
33376 212725
277249 148785
220495 143316
80543 117776
153023 107226
88091 1455
59490 230423
69545 121901
52143 279358
17569 264944
265695 209798
199936 288609
230002 224553
129637 290701
82088 93640
163316 236997
209961 249413
171990 219583
54878 152743
13015 177234
55701 267130
30599 830
26688 257260
78746 29954
177014 226609
223816 274884
89745 202592
110445 33837
292975 8629
108426 65322
59794 89933
281730 163244
148352 271084
201950 245193
707 41914
231818 114393
7881 15521
128181 27737
252037 190737
280501 279275
140044 239485
172865 224308
36026 100412
72085 175485
242699 78024
39729 175539
224514 82850
48378 157160
149605 161708
61144 106095
171934 103565
237911 134595
99004 35985
209734 130049
190000 265415
108698 229193
152753 98657
21772 30497
268056 250135
59255 76850
282308 80516
143259 3401
183448 210280
41821 26391
32696 285412
243844 264242
84976 164513
169374 4402
88493 188553
274041 98068
296001 41452
255818 205339
51267 190557
56681 217738
242797 191571
24403 216747
275228 190601
87111 165995
245588 260605
238026 859
175578 183796
122915 196113
19160 278005
134591 175269
71644 153290
144334 38420
87129 176098
35684 43521
176260 252242
96409 100783
256472 25743
134570 55080
134195 281877
290261 286073
137943 282147
25953 52947
46058 147709
11348 28684
140374 22537
191771 142460
15657 66866
283045 178753
153750 162952
127304 179227
34771 129886
167355 111472
122393 138955
241562 52937
11687 205194
160294 23891
208351 28762
205026 4704
109128 124094
20663 15107
151978 278205
20433 169592
98581 197827
63455 142649
247706 245535
150007 242250
221040 9155
101327 147502
291729 55079
33701 31855
268474 127303
72185 211034
35950 220576
273230 171360
5364 282007
21036 216695
82037 223954
186273 272759
29023 119164
224251 289790
191172 68133
130447 283692
64059 55104
172150 63048
159614 49540
283627 164281
108171 199628
210286 256493
213284 31127
289348 120213
205614 223720
96372 187591
168758 266567
227851 28539
180999 249630
15161 162031
180853 148476
3346 112131
207125 17878
126671 144478
58978 23425
114858 104391
27738 6297
168933 257868
42879 277086
111012 131647
86487 213394
168430 247219
195629 23804
83952 272611
274797 282023
19290 34828
120555 19044
133983 78543
199517 80260
130746 74576
166333 277278
287492 163193
211304 109743
224767 194135
21729 171829
205262 111996
143342 80531
58042 55964
105306 169393
22511 184752
203634 167289
254076 109334
146824 290907
254391 215374
125843 112617
61943 260351
294413 264732
64696 271728
293972 285965
41050 267183
152297 116829
292578 35182
252628 265198
99704 117568
299134 210023
38024 266017
95125 170707
278561 185260
258987 241859
45657 15170
246424 5800
142214 212297
48724 152026
18342 72715
61246 243027
77496 52339
43767 246933
88481 8212
209927 218720
250313 32993
184759 35132
83003 108534
142358 138486
215240 157070
140149 201530
40005 162154
263210 14654
272840 148656
4177 165656
204079 218826
198726 79650
88441 206339
164908 75741
42218 292878
161801 139370
254892 202175
268008 132211
126377 5071
194997 264832
111314 153276
176357 229187
207739 137414
277259 152621
235260 108244
227524 193974
273521 184269
214156 122137
280027 263328
291335 58229
279774 253212
91513 162189
215937 63384
258414 20041
196369 14412
224627 250515
165181 232150
164666 299323
168859 92567
64027 212884
161634 102611
257133 10164
123310 94741
5713 152632
245888 73160
176264 1757
219387 193343
17528 70952
215560 107758
264811 150272
83027 288974
124847 195534
275083 193533
124439 226276
256294 164476
93496 180051
246555 29359
275789 84339
204934 90305
107220 193407
277767 44765
264207 101590
115043 249078
164036 35900
202882 46944
136861 235478
79535 11732
212073 6386
167803 17712
44089 206781
47995 13845
278916 293546
81989 4359
91491 13042
80887 171345
191509 140878
242480 4382
133277 62783
180021 255937
74271 72519
36110 247726
191943 29293
110502 255678
107745 193149
279150 113647
250306 169254
82106 247586
276990 49210
186242 86492
189199 248049
103203 36389
96245 285894
132892 158860
228816 7800
129361 53664
252968 199371
253228 252152
154854 235077
289815 71885
298232 115601
211107 163995
117841 8159
19555 264900
66950 229666
101234 53836
107954 224465
238729 13790
183155 210246
50474 9221
173866 83586
80408 117300
202463 200007
249692 130207
286523 5596
231298 30368
30509 101965
184249 298547
170406 210665
132663 298073
281084 213410
134387 206745
184171 9296
230313 53690
245423 119886
19866 89995
34091 235228
2601 169180
98885 151419
210271 152578
45543 179988
156903 240534
34400 147282
247155 131223
287713 58787
4533 204195
172001 257819
17063 288002
6778 101648
98756 112188
263049 47423
228652 8637
248721 209158
257028 186840
219097 275240
272083 284065
259497 119052
177031 4818
221169 227902
229678 124359
180195 284333
104669 65218
237396 179787
202701 178407
206143 204080
255544 252833
123170 293528
39713 111964
265534 25792
168041 121160
65755 263661
108923 284253
215906 54981
202433 198225
77473 292595
61900 50371
148299 258439
122320 220244
235221 18804
262373 214025
22522 128945
193127 216139
243032 97209
288759 185382
7825 259179
204889 213805
115691 141514
40308 71124
207536 56989
120821 161525
58991 239312
74764 93164
156185 206162
58092 206491
45029 29013
178671 218727
107052 100082
84337 83960
43501 36322
234992 17757
161066 159269
33011 12454
50954 188479
133471 62472
106645 242198
200739 256925
244731 207702
172046 57537
231757 182157
161875 183542
54530 146543
74284 169345
76788 73811
188660 39786
194817 290899
51148 115840
202922 261520
105591 111955
151863 230573
20285 119192
66320 241743
279436 170793
58566 33891
29202 24578
84488 139000
218533 166117
113454 40832
267579 106391
106962 48276
195954 199233
239730 90477
299753 26512
81328 213420
285061 225045
233266 134290
240141 299845
252482 4552
84783 63738
146702 261209
84313 172112
87017 273875
92928 219081
164233 284714
36796 296458
192167 233141
224906 43387
229346 121551
88521 229931
11868 158871
117566 278410
297243 6288
127888 227278
23945 60546
89580 257966
85109 208119
165218 155530
97072 7775
100166 178241
229425 296365
6768 95801
221266 5495
246972 247482
7568 124153
6795 29939
290382 240211
259104 264980
70771 70279
245828 100947
16519 90844
25827 270023
171098 229694
41229 165360
277118 116571
111062 92877
184104 297959
266293 227172
5650 247321
145993 159165
108316 219244
121295 106471
160551 140351
130221 293970
50008 107605
57003 298612
150011 218870
51797 169157
223262 260492
82490 54914
33393 93127
97872 166861
296461 222554
59117 251435
172746 184699
94607 38597
104519 101991
233846 277512
44934 10811
87621 200133
49228 204348
14948 250353
134310 147920
260161 124710
44607 195811
7434 205888
179915 21155
285236 172194
19968 240517
122584 215790
150679 183198
33968 101648
104463 46762
21631 152532
131563 53256
95398 38731
284495 154235
75440 7883
64422 263147
229063 3884
156063 225186
198012 188395
131659 17232
49891 220618
7041 43240
179636 282926
179291 44832
252364 84672
263670 290645
240010 83021
116790 289764
40786 247430
140095 170834
215085 73249
212285 270950
1639 215830
77661 14506
10192 235394
12690 12301
237084 151943
78033 13539
254147 40778
121365 132451
12833 33556
39164 195656
164183 253266
196135 153746
21384 71605
272158 182434
52605 196435
228106 118593
227170 170948
171578 204057
288326 48741
135071 67290
169279 298009
237103 179575
74340 270531
148005 209734
63089 248717
293311 128932
42214 257604
206271 64463
265320 208185
115819 279690
262623 287521
89390 140156
50679 118838
181076 296785
210559 87893
6929 194648
159660 192446
158459 299523
167799 270647
284012 278890
192123 243817
175041 257736
102168 20993
7677 47900
69619 235377
91207 216650
225939 136108
129383 120824
32646 108621
203885 157201
279226 227633
74955 111621
279140 247960
35254 174599
285213 110600
215080 244366
168415 251754
188609 134292
129644 291307
255618 23098
274344 79516
246224 177954
81626 168947
190359 233684
66127 27752
288516 264186
262807 159001
145226 103875
56710 174918
38878 21507
101524 76181
181467 154258
153918 93455
28415 233033
127171 25953
266252 33896
290087 74749
273256 217203
173587 282678
59549 105456
168947 78503
174458 9418
99094 116685
259440 96273
273394 136008
272661 287832
277598 225758
91909 137622
726 91513
290396 163878
296923 194084
245373 144262
172592 193457
165422 235036
222046 245046
139130 199852
49681 290219
250989 117411
297496 281518
59708 80080
35497 210303
194043 61445
252922 90500
20036 80794
94697 247814
294071 210347
172630 70706
153492 45909
89092 89242
130370 236093
43003 259313
262220 116873
134921 284371
246783 187108
116444 210074
216878 157182
110793 141226
6734 267850
262601 215270
214586 143967
94359 86168
282512 248600
112211 155053
295889 178292
130434 143511
180101 238774
35627 285961
196437 78533
164091 205407
134575 60781
289410 79411
136774 293309
168756 190825
232304 240744
265674 287620
266822 196228
258526 260270
45415 219661
275154 269492
266261 252227
141802 197576
263350 16999
115117 187166
198900 132419
279368 181007
100446 211103
94443 72697
147077 199756
287594 94140
73728 147805
192445 101694
273384 53961
151488 205320
274940 192043
228084 56072
149535 288482
26812 12013
72917 232337
78977 139918
268490 214240
161231 91779
163690 64409
25493 173034
241066 123564
2665 2756
282718 248491
175170 221333
28929 180815
98524 16199
87760 212689
267991 252103
206415 140370
294777 270311
194594 166227
185895 280571
200373 226717
41552 112124
192917 262875
299842 41608
100117 262811
48595 14495
198762 156785
277337 246504
27663 181428
221970 6570
128962 1279
97469 91123
207333 29585
191903 60053
251998 157326
117056 230724
294295 28155
74219 264729
211806 209445
110609 108754
73862 185787
20839 67567
268005 251472
192131 59159
144724 32442
112899 225905
201042 138134
224774 113931
64897 228449
159440 223543
157320 47424
146187 9545
25103 73017
191009 250554
46886 273592
240323 197416
179902 82315
60197 170900
240590 24391
254207 62306
85071 217760
62765 700
148417 266708
176016 35440
136164 79586
150060 60653
185152 262539
160136 31210
174749 158264
497 216096
185932 201331
159286 5387
281212 146892
190509 85356
272037 258869
130125 145258
152097 157191
99634 285068
165134 264795
260157 181312
21357 28530
190417 96152
282886 2798
53431 16744
48450 157782
266715 279113
285007 54390
115980 210169
238496 85340
19712 266041
258507 40477
229102 149261
226857 8686
203826 12832
272697 196267
33292 207453
249053 280755
40161 179639
189627 64265
271225 74914
70909 229877
14751 129623
45298 79649
299972 299124
58987 35069
117085 72762
154718 97148
239456 42670
223367 172565
267147 226840
127298 82914
120061 93478
102546 297316
208475 62410
149341 15133
145549 24952
115950 55956
96094 21898
231026 54453
215615 123196
232795 56111
278148 263631
63744 16084
96741 90282
23707 41820
191999 37204
39881 124738
206385 288188
52238 78437
137759 236242
