12345 711
931 6485
4728 2216
6894 11275
11946 10201
6392 9830
9507 6942
126 6659
5490 3780
4874 3136
7402 9874
5182 11984
10512 8356
2276 2786
7859 8003
4592 10379
4594 4631
3467 9552
1223 8825
937 9021
1423 2467
45 2358
7117 7803
12154 74
2612 1441
592 757
6292 7650
6000 6506
8551 401
6014 655
3975 4985
4199 7923
9003 7697
8355 1762
3236 480
10307 5395
4202 257
7928 8658
4685 564
8719 5904
11906 12030
201 5326
9172 10040
5670 11039
7470 10206
4986 10474
154 11595
6485 3059
12129 1463
6533 2676
300 613
879 12150
6584 4200
8844 5987
11926 8105
8839 9639
3536 12269
5365 4466
7761 10003
10753 9635
8553 2117
9257 8838
1811 4811
372 9982
11419 10430
5908 8307
10729 4857
4517 2517
3294 7605
9796 9299
1211 6195
827 1045
3818 8161
8347 6277
12126 9219
9752 11321
3386 6664
12305 3717
10933 11632
4527 4266
2067 3612
7923 6385
7930 2747
6668 9974
826 6854
8351 7325
11033 11233
6142 2014
5517 8494
4127 8077
7004 1364
8366 1092
11804 5255
9922 10384
3375 4842
11054 8564
9677 1465
6586 3359
3384 9970
6650 2040
7267 4442
9572 4586
280 5616
11365 1597
4009 4225
5064 11488
3363 6177
3647 722
10052 7311
3259 2855
377 7958
12288 8218
7621 4937
4778 11055
9761 826
8539 3027
2465 10623
9489 2256
10401 6408
461 11113
7399 2512
4205 7188
11671 6586
9959 10716
8189 2380
1583 9277
5379 7114
7058 11826
4165 2572
5398 10893
5803 315
8584 8034
8435 7943
7766 2418
12138 2615
1697 11495
7370 2990
9486 7477
10484 11955
12019 10050
2433 10087
5172 11164
9486 6058
7467 436
5629 8452
10513 5780
11325 10913
3111 294
9229 11223
11808 4380
8927 3565
1124 6168
11778 66
1483 2624
5692 7910
7730 387
9425 11357
10434 5798
6955 6141
583 5952
352 10474
6137 1686
6512 1090
11026 9450
11953 3289
80 1120
9781 2815
7752 6094
4423 5050
3734 5957
7530 11163
6421 7021
3865 7115
11718 11771
1445 4393
10636 11671
1136 7990
1990 2900
3600 9102
180 11078
3581 7602
1408 1755
6069 11425
11520 563
11296 1087
4237 3349
10535 10660
2134 10173
8072 5065
2243 3124
800 10236
5424 2543
10020 12014
8329 6933
10549 1551
8469 10519
1976 7722
9709 10024
11820 8929
11282 7395
5887 8022
3632 5022
6595 3321
5321 1009
3932 7836
1242 924
3285 11201
496 9113
7138 4597
10065 3285
4951 9208
3450 9459
392 4557
5473 1626
11953 2443
6224 11313
11829 4757
11148 9605
5128 6984
4915 8946
7827 5043
4530 5402
2839 4819
4197 2721
4542 8785
8761 5762
8292 1486
9283 2983
8165 6114
7297 2260
3505 7124
10640 4081
4000 7390
5388 246
10621 7787
6746 4432
11062 5947
10857 9529
5623 9792
3541 9245
7066 10982
3537 3124
4045 1902
11457 10106
3159 8730
7727 3127
4943 5184
5847 7825
9915 5917
4853 902
10989 6289
6891 11617
9193 225
7573 6074
10694 8846
3694 10482
12 6318
10525 7537
6501 3722
7176 7207
7888 6028
6267 8315
10253 3400
4911 8599
12016 1836
5769 9622
10881 557
11784 9808
273 7117
9289 71
248 1543
9103 10310
3358 6450
10592 2244
312 9885
5330 10716
7349 1141
9586 7018
11453 10427
1243 2935
8857 10971
4228 4191
964 8387
7376 12134
11807 4855
3056 3823
3684 11679
10088 6223
3968 6110
6684 5950
8198 9651
6051 8800
8059 4927
10396 9965
252 3698
3092 5167
6575 9231
7303 10818
6893 3154
136 9462
2329 7045
1941 11617
4604 10075
7382 6621
8048 8132
9233 10297
4064 6898
2432 32
11855 5884
9799 6944
7652 1796
588 9650
6918 9883
3519 8406
2017 4404
9654 2918
11911 9333
6669 9985
3126 3032
10693 12198
10834 741
10458 10376
3862 4375
2181 1227
5454 6436
7312 3817
11729 6955
10629 3848
2041 824
6734 3483
2952 2841
4154 6424
5657 203
6716 6734
5456 7063
10898 1838
538 3207
5683 6771
6976 5235
2585 7836
2226 1488
5854 4080
3307 12267
514 10513
10564 5651
2996 6727
11130 9467
6213 11461
8842 2134
8494 4140
4530 11608
9469 1934
4714 6895
5055 10252
8685 6177
9605 2712
10304 155
9107 4853
7208 897
9733 12024
1543 9238
6172 9105
1237 5645
9769 2194
5396 1820
3045 1962
10121 6111
242 5349
5098 8258
11573 8648
10873 4478
9389 8681
1887 7822
5397 776
3644 6591
6523 3561
4170 4650
3544 10137
5069 2499
1970 2038
6050 10396
4834 6056
8581 1710
11025 8993
2430 6393
6184 1803
7659 6994
5067 3087
9065 5144
11116 8140
10189 4415
3757 6287
1133 11922
8552 1220
9517 3153
872 4790
5574 2547
2026 7908
11948 6908
12151 12333
757 4566
3871 3398
9307 5911
5016 2922
8100 11026
7514 1221
1785 2318
917 3933
3576 12343
1982 2599
8582 11559
1143 3571
12201 2215
8811 8550
8716 469
11927 10609
8583 3836
11151 7327
10012 3542
9621 6414
2335 8405
2921 2808
6796 3603
9725 4368
11134 3405
1588 9002
5831 2816
3470 5329
7446 2918
2002 1609
967 9021
5262 3404
3564 56
1041 8857
7482 8028
3387 1337
966 11818
4137 3521
3785 7263
3790 1381
9911 9511
12180 9317
2803 10332
10767 5329
9382 11678
4367 2442
3201 392
12331 3647
10430 5555
43 2000
10667 8312
9884 5792
4316 9656
11782 2104
9420 11399
9127 10981
2810 7788
3557 7979
3074 280
11789 10686
5003 2797
3730 9731
5561 8171
5621 8503
2889 1837
3054 10459
2204 9768
3816 10597
1675 270
1349 9089
5366 1458
7194 8941
11227 8528
3029 1295
6560 1220
11267 2953
6042 3560
2161 7848
5983 9248
11856 9025
9887 11439
1794 9816
1573 2668
6305 4149
6186 8180
3561 7647
37 10024
4157 5385
10945 3269
8792 3371
6584 3003
3458 11488
5569 6580
5305 10129
5373 5861
9673 7791
1456 1277
2746 10538
6637 5479
1361 100
1437 5086
8313 4019
6600 5303
5106 9245
3442 4690
5487 912
8641 10719
7166 3150
5683 4305
1751 8619
647 10108
2053 11814
11652 7870
3982 3595
7171 3088
9305 8433
4273 3255
1570 537
1086 7762
8399 3506
917 2229
929 4767
10380 11850
12175 860
7699 1938
3355 3181
8652 1351
5974 4936
5530 4853
5366 3069
11907 6699
2600 1734
1254 11556
3955 5511
10252 200
9092 7911
9104 11151
3766 1896
5523 7803
6597 9893
5498 5324
359 9133
1878 4068
2517 9103
5341 2588
11526 5837
10735 5669
4942 6198
4077 7539
7567 3415
6226 7732
9561 7591
5515 9309
2205 3536
106 8170
2 1690
8417 8530
11699 3648
11943 1365
11526 3385
1932 7915
6641 8377
1844 297
8763 12273
9527 4754
2878 10913
5913 4547
2162 7135
7476 8748
635 9825
2183 7814
7900 3131
11924 1550
5526 2717
7981 11905
904 1116
10104 2132
10229 12248
8733 8382
7119 4943
2479 8901
1033 6506
3270 10025
9684 3597
1498 3897
6844 4525
2348 45
12086 792
11741 9683
7504 2064
4050 3256
6256 4145
6870 3359
3806 2732
5832 5780
9901 12172
7415 328
6163 9569
1631 167
10083 11332
4796 9649
4295 11760
9177 3530
1293 5619
7907 10765
3844 2788
4719 1795
12176 11865
8865 2664
11896 7145
2987 2287
3948 10549
12009 4058
9944 9148
6715 7154
10308 3120
6708 2148
6547 5449
188 417
1138 2987
5362 1384
10223 1273
11319 6628
792 3125
9819 4776
3473 3388
7418 10322
4831 1104
3945 10599
5832 8316
5306 1214
12066 4750
10602 9632
3795 5835
8395 8766
6562 3297
1057 839
6212 621
8745 7056
668 8245
6919 9205
8270 537
4425 7773
5735 9322
11150 8282
10876 3950
6997 4739
8959 2808
8811 50
11522 5331
11786 7267
6845 11981
6611 3755
959 6526
867 5030
7227 9595
2840 9777
4688 5128
12260 1307
10458 12111
9208 2794
7197 11073
10154 1196
8671 10322
7870 5636
4869 8059
11997 8124
11371 11376
11577 7812
2921 2447
9097 12197
6584 1708
6220 9413
3461 495
4162 9441
3679 9723
5694 8564
878 8561
9581 9109
211 4661
12080 8643
1968 11516
350 695
9339 9279
7086 9439
8021 6642
7915 2207
4995 3818
10125 1366
4150 4480
3706 1548
6833 3913
468 11042
6516 11668
6043 6825
5734 4665
622 7643
5020 6532
4507 2236
11329 385
12242 2579
4002 3101
8320 7433
549 3649
9818 9597
11389 10269
5087 8436
9539 4904
6269 12263
10245 11500
11498 2981
1164 3672
10735 6897
