2000 300
1081 348
1118 961
635 367
616 315
622 678
1986 677
945 804
45 711
1384 1378
126 1354
856 75
559 1868
703 1345
1212 768
1338 518
344 971
1148 724
341 936
1342 918
799 1013
1593 1660
1186 1716
1054 379
351 1307
415 1467
1484 980
243 663
1841 878
1526 1952
507 906
1382 1915
156 1678
823 1598
1449 246
976 1767
411 846
380 933
159 1369
26 909
598 845
926 1350
1861 1429
1869 1197
1222 1326
1941 850
822 970
499 1625
5 16
42 651
1977 1401
835 1026
395 149
1527 208
744 1220
1655 889
1489 1246
709 532
1243 1212
1128 510
944 1436
700 246
1485 544
31 1362
1634 32
1590 201
1429 1043
1926 1640
687 618
667 1389
61 470
1764 1135
1904 1453
84 1988
1358 969
115 632
1342 1336
156 173
144 1261
893 182
1347 1869
1257 1514
45 1988
1721 119
1751 1918
103 989
1326 750
33 1551
1091 42
828 1206
220 1356
751 301
593 1859
1924 886
191 1952
202 515
793 74
917 1406
674 1866
1980 273
884 367
203 1583
1324 1596
431 186
779 661
1836 1946
871 1862
1466 972
536 1308
372 208
331 1577
1000 251
1459 276
1097 1491
35 1287
544 598
581 831
1383 419
1606 1728
333 62
1543 975
965 849
1982 230
1222 86
723 1059
1644 846
163 905
1654 1245
897 205
86 1083
480 1034
660 1028
26 478
1659 1017
1692 1083
779 509
999 1655
1349 1881
465 1612
1154 1849
162 1176
1325 861
248 510
1684 521
1603 1252
779 1653
1833 371
1288 1101
835 1274
744 914
1326 1499
553 1527
1308 93
142 245
1872 568
1439 1415
1781 1996
1142 607
888 330
1842 1823
153 201
1848 1569
463 1555
189 256
1937 85
365 1436
1341 1170
359 970
244 433
1535 1874
1420 1035
811 559
1469 654
135 67
1157 1532
17 304
628 940
1725 1535
544 1640
481 1245
163 206
1146 1081
728 1520
598 968
561 1220
1640 1441
1716 1588
760 1506
1369 1566
816 1065
1646 1301
112 1115
1923 270
970 1264
1550 820
1974 1173
1337 1909
1536 1897
1695 307
245 1312
770 1716
906 659
600 611
277 1886
1977 572
1058 1217
1651 1635
1119 1136
518 1038
704 851
1225 1047
764 1958
195 1579
1998 1482
754 909
228 1810
1688 1667
1332 455
969 1512
162 1893
1598 57
1035 1884
197 152
1950 191
1934 1596
158 648
1615 927
945 674
1362 1423
900 734
1554 1245
1940 271
593 1073
102 1342
133 1220
1360 1158
854 1252
1118 57
1682 788
366 1177
1258 1721
244 48
1442 1854
1255 1481
1524 1393
1090 196
702 1843
1012 1078
1231 1004
1280 182
1310 133
830 770
1123 1949
776 1960
1004 885
1662 1309
26 1971
722 1897
433 1235
77 1433
1388 113
504 412
1830 208
1332 1719
1185 646
3 961
1347 1022
476 1767
1189 308
699 809
1491 797
414 1387
238 668
761 757
1517 110
1219 1732
1767 543
1463 1255
810 1331
772 1426
568 366
1389 414
1605 1420
1722 1447
1642 1610
117 1821
1109 811
750 308
1351 1268
1384 68
612 1519
1721 505
822 1180
1374 1892
843 652
149 264
67 149
321 494
499 481
1577 81
260 1150
265 867
