123477 1000
51410 30790
114677 100783
96523 62521
87062 88041
66711 64706
118125 1952
63237 91875
98615 17070
70413 86893
88879 48036
117380 18575
50457 83475
20730 48186
82188 18151
78497 10060
47567 57557
11387 79189
70965 20466
23701 115920
81210 16758
53322 19853
11826 39008
24509 13391
60985 53991
63149 43565
110666 13970
1554 114717
113696 5673
44444 88096
122792 116246
114503 48135
94346 122709
109764 30515
103370 115330
103200 25861
27256 24466
32796 105049
90377 59233
122168 74808
103422 107464
110084 57722
100537 84098
39004 2155
26574 58783
77649 108023
47880 31320
60987 52786
116995 33641
16025 85862
112494 52836
18300 11343
79034 91970
42132 76593
55398 91012
100815 74840
95301 56709
108029 121779
90993 8467
29492 80451
3544 99712
24424 15136
50399 94225
89305 79083
70547 21841
111138 38628
83830 103361
110184 63020
96939 70812
78767 79498
43463 41847
53898 43745
117832 83555
57593 14669
59558 78928
96915 41447
58292 41935
21030 119367
13281 16004
80099 31827
17777 110466
119965 106915
26618 48141
105194 79951
117549 20384
55744 41292
80601 54595
64645 21631
4587 19833
15505 79769
121675 54286
14012 78592
17326 50318
31858 10748
14008 49495
73353 22161
44245 22769
69376 114080
48852 5324
97612 100073
21135 72801
114831 39668
2457 7528
52937 28817
60024 37536
18711 93911
101998 64377
60492 81895
71650 20871
108085 80328
87474 112906
46161 62788
73026 81637
13378 101768
90281 65073
72383 35927
5593 78121
36549 39130
51048 83184
108876 32729
116060 36923
67284 80767
8582 102874
52560 49916
106721 45608
44982 24641
95717 103032
55589 27677
110594 103367
6598 102142
11485 86704
106 41940
108898 89047
48891 26883
70764 91842
99273 50558
36855 2471
39692 17743
50606 32687
27460 22008
55405 74888
117401 39167
108733 43619
60548 25290
44850 96226
38646 71415
10878 91353
11105 108470
99618 65257
717 96459
6233 67582
10036 66053
61006 96002
70736 53559
96786 97547
2042 90415
72564 76956
109382 63094
19555 120660
39692 71360
14666 57789
55834 27817
101471 106221
56369 64844
120982 77563
36675 39596
93077 112880
15600 72694
64622 106818
56405 122627
123395 119167
9338 104893
122195 83670
104616 63598
43850 41671
97593 5920
50852 28900
111143 115178
52917 68017
112968 25921
55023 420
75910 894
115193 35186
23969 111519
2035 52811
58278 49860
2756 4526
26573 12263
71511 13195
58192 116979
18058 83758
39000 24244
106977 26308
26590 18981
10529 83615
16322 14761
1691 83693
114487 44363
110245 87575
34579 52145
28895 62398
97179 64839
115085 103291
73862 121557
57031 51448
58059 102387
11387 118684
52804 11946
84469 78054
58687 12693
20546 16920
121427 12289
24506 45992
51080 119946
2816 77450
85474 120186
51711 1884
115650 32350
101320 36527
78229 107654
115729 98921
84617 15095
7329 67757
36153 55467
97818 104879
13782 109799
31575 73229
49916 30150
103671 99253
114560 76127
111177 14673
80302 111371
82328 12120
79180 43677
79022 30114
31031 117315
68653 47974
96718 113408
74114 13605
40284 3304
20216 54124
49577 34290
59951 86040
8265 43470
14773 56511
33822 118670
76545 91186
2894 81653
42479 105293
83350 104820
55191 61909
114146 75873
31986 64535
77810 106942
32892 88161
536 71258
104738 117981
108916 13001
73895 72322
93507 8343
19190 70692
27032 84053
97013 77665
55955 118107
38523 51724
61180 67816
71963 25885
60042 14317
8123 1242
62077 61852
31084 108729
17601 98350
120716 3242
119496 21934
34455 71602
100624 10964
14880 39443
15555 92057
80679 82843
80552 38779
95244 70498
84119 18719
25705 40309
12258 67867
15216 95929
68543 39292
18599 49770
16053 96710
120718 28716
98144 51851
89864 100538
46329 62747
87364 67124
873 2538
33443 111744
49284 81027
123395 73176
9156 114151
8812 70130
44047 115295
50379 32911
78249 54673
111941 108505
85079 89413
9843 40494
55722 20960
51444 100666
32567 27459
102061 72506
69866 25420
850 89578
94711 39348
22620 78376
4811 31573
107969 111108
69880 78697
22382 66881
58987 64600
85632 11175
80520 106224
107980 107599
15646 35809
38527 74814
99808 105968
8508 65165
1026 99962
1949 96854
74939 30094
39878 69686
639 69697
73205 88998
47721 91431
22041 96399
77396 12267
36753 8479
31103 65901
104893 36057
21439 40704
63393 105959
39695 65490
103560 5574
46439 65827
54639 117231
63129 4045
119316 109808
3991 66746
47862 3709
113651 103378
69333 19338
106588 81420
3035 94946
14262 43108
73423 45969
28584 76906
60484 684
53181 113725
66126 38530
22137 40865
10637 31112
7464 44048
36055 21886
98784 55945
121121 56864
31079 12666
95349 75485
93387 47246
96149 121835
82915 78469
118707 122135
90533 10301
78788 106877
12044 69740
61253 34042
88771 23770
82800 47511
20055 15147
104882 21766
89514 50553
68083 26007
90444 69027
81048 23701
16482 96867
5885 30780
89306 65106
69728 111460
71729 112055
87928 41238
84177 42000
77542 114435
7660 112922
26496 97706
35224 62825
23535 83502
91706 59639
39677 110320
63200 90324
45784 14645
56310 79828
97808 97482
40573 35148
8446 49948
94640 82765
115567 102416
3177 99361
100655 81710
17727 76578
93457 52239
55434 44887
79234 96661
28995 104121
117147 95974
33395 82651
50752 69500
108064 111106
3742 14849
85657 83983
123292 113922
72821 30747
69070 51246
116421 120226
27400 34163
77851 11767
78231 1622
42825 114335
9052 20913
39106 37566
120544 116083
66442 90202
31205 93798
118038 21445
90420 1962
40882 115016
93799 63727
109721 18064
17215 52678
60349 42825
7557 96800
86827 65919
112340 91075
89898 77131
79400 46535
4530 75091
69031 119497
11031 69806
72560 24759
91475 63764
69672 8249
61233 93247
44684 6180
26680 105606
72841 30433
96968 44460
11367 16178
42036 63465
66711 45927
77419 14662
47917 64618
26622 78026
71369 21811
6529 120807
71281 78373
64672 68691
19517 29610
118834 16159
95056 73791
17131 111721
6325 52908
91445 41729
67584 33079
56168 69479
24764 102821
71603 3499
55490 28549
26266 92774
98852 83349
595 55785
110642 116658
119402 103861
7503 92302
18385 55640
7359 18671
46052 70711
40796 86219
115822 101143
46956 17405
77726 25848
121883 13616
37377 115023
22568 34664
120964 43615
27977 63912
39842 62595
28711 28164
23802 74386
76125 30305
3993 101201
22578 66292
94525 1403
29306 93564
67824 31119
36705 99342
78699 37745
5357 120533
48092 22033
108630 23365
80816 109991
46332 68214
119035 562
28870 71221
18245 49441
30747 102911
19305 114894
86393 76478
105821 110997
91107 48540
24803 38993
71646 104312
90513 53149
41668 49857
75920 118489
15993 27730
54082 82104
91971 94138
116521 52194
20179 67909
84488 57704
40708 110988
26664 69537
25159 5145
27851 34641
59610 36945
102184 92747
107274 15813
77011 83075
111950 6451
56126 1121
42830 106383
100291 117072
66944 70316
65469 28569
10022 22962
107589 54211
38239 65801
30435 115417
55052 7520
57820 33655
92573 98016
44593 37023
3660 33201
27631 90705
35440 120691
95753 87778
36997 31203
106069 99216
56753 79388
85352 107560
51165 7373
10707 122065
17261 118004
22541 30802
30094 114160
97876 104319
21542 111742
61419 77584
119487 62282
86543 52677
51386 78285
33664 59813
112967 117370
99085 119051
58802 65488
81032 88368
79129 43384
101856 5623
85895 110103
15354 1331
83605 47622
3323 22579
87959 59511
109251 116876
13691 101684
69538 72082
57089 75227
81770 122573
71600 40920
60476 122751
68426 106860
56493 59374
9930 104620
67580 44248
41856 111012
80502 83856
20524 45997
27409 106263
28942 78621
47190 4107
45524 8364
102262 23350
37453 115283
75627 120906
111264 38288
2160 7387
86382 40966
7397 48813
6629 59439
11592 16237
50042 53900
90329 65381
118933 104791
110058 97262
108579 14157
109209 108764
79384 14768
27718 101174
47832 105666
52806 100260
20728 64820
26787 84996
55316 4506
53360 34147
9034 43188
105421 115170
83752 32608
52255 22247
65817 116832
121298 122473
99934 18638
17790 86908
52211 47541
119740 24213
48521 23933
11095 45015
96888 78008
76831 121138
20952 62469
91991 116854
46222 24183
22797 13961
96921 61290
62481 23507
101059 10577
122236 27296
53436 86071
50586 101538
91923 56088
116501 67603
75446 3710
74960 65211
78513 119826
11999 41231
107395 58144
63469 100760
77571 24892
50063 96229
33371 79024
17519 29371
38579 86870
14189 36135
39825 55787
76557 69472
43134 93726
110567 79946
3541 44649
60281 3334
8612 69084
11551 109103
52116 27884
97932 12683
62632 110335
107905 81046
44272 37660
28588 21880
28451 33011
47543 50056
58516 33918
32461 71221
37285 63957
44605 22101
86172 42428
84614 30698
76240 99265
103191 69230
49541 23910
14223 95282
65076 120047
16756 32313
60714 104407
92423 119711
70267 118404
1184 118693
88869 109185
84731 116747
48945 118937
24021 19465
7493 108762
115230 87400
76897 98916
49151 99366
25001 111909
32690 79990
109575 3080
80002 107751
85297 120854
72004 92408
110758 74837
45095 32713
71923 74228
12117 45847
76554 64785
78947 4334
21427 102435
37237 81815
53556 2445
69877 17515
116714 96455
102228 16620
117788 18164
77276 64221
94414 42562
72005 26330
101553 38227
27303 1577
87577 678
39565 23699
95244 41347
88249 16451
31232 86489
10978 14178
84143 51767
55122 38840
962 118534
28906 86173
26286 44671
40001 3726
91323 101974
21511 41356
40316 87380
96471 43531
27263 74005
88562 116424
74135 2751
58126 39596
942 99261
71950 18260
22388 88431
40487 6843
75716 32864
85637 120434
45858 43431
57054 15531
23266 110262
63164 54033
39947 1073
85112 24024
108341 36473
117665 29814
20542 79849
7651 91019
40581 18400
9871 47905
34982 40266
18451 39000
51521 33390
3417 3069
25624 61089
31901 7723
78673 96317
17842 12764
68160 65551
70065 65973
68065 16752
75615 80856
1960 98866
89549 71347
39769 55684
66574 7837
64138 35996
58552 35847
65122 55549
114510 32736
6780 38811
61167 113276
120318 80546
103146 46969
21749 94311
85420 13404
6184 102531
56277 96334
20822 73510
60086 50127
103664 42875
21850 120823
92462 87788
111099 10422
24538 91580
31988 64080
77796 6735
107522 53034
101316 82776
52598 60303
64977 112306
1993 121504
12206 108203
100316 89172
71202 65719
74466 14205
42262 29185
20259 118895
68456 105095
64491 109091
21795 17074
54687 113851
100795 116180
21511 35495
48287 39610
123312 102932
79136 21454
10203 80960
71785 21382
109002 54213
79060 83841
120498 2583
57986 34200
952 78711
39093 13878
15246 89964
8836 35580
30474 8384
49213 34496
39565 103096
120624 51595
3702 100814
30398 61343
92894 3575
114524 117931
111829 55884
56338 115084
45549 233
47144 34531
70164 3658
9078 67506
2372 46873
92968 80491
65183 121263
1577 97386
54648 36487
28634 87208
112203 103926
77854 36947
67786 41283
29763 65442
91561 2400
80428 20132
120461 66385
39992 16800
40066 112201
2304 103326
79043 106030
59459 48534
80017 35050
24490 112456
54023 58496
8739 68828
68684 10101
66710 39221
63695 78251
94757 2997
4713 50005
114805 69825
6811 34491
25200 77446
118581 66637
51905 59427
101950 44898
22969 55683
88697 88303
65632 48962
46889 113707
32015 115860
6495 57780
58357 17173
70380 17770
61764 100453
7611 53089
104278 100976
100909 74185
26794 62681
71986 108697
100520 86720
110921 9886
61798 24169
116465 4467
55734 113482
8046 55429
110024 29645
31129 20839
41064 17501
46024 54018
57416 90625
84862 6901
54019 19834
26107 60790
46660 64060
49285 101591
75724 57437
72674 107260
15678 32785
108499 81032
59238 48574
23775 51389
58999 56577
123164 30678
9111 120143
6224 1343
103489 52262
53424 55944
94231 109173
112471 28623
110519 81146
116167 68302
39689 41077
45942 42378
105393 32445
77291 64815
81459 54575
19141 46551
88848 111233
120305 121029
51228 24695
120383 101417
80432 15974
114142 57144
61705 106126
15380 34594
95778 87911
28710 21216
99292 69424
12113 21005
81099 7516
41645 29052
45291 113607
44043 98431
107399 46144
85892 57535
3571 54657
56659 59579
43229 80481
111772 49685
46571 93080
118823 57746
43038 66019
110008 71625
122104 38834
79205 115504
6521 7575
19996 31383
80831 8934
42747 90434
55881 117394
107976 104756
109937 67723
96009 96882
44753 81772
88955 51445
35216 14059
31834 102864
92591 39141
11846 104546
97431 95450
40583 7006
60492 21817
76929 10827
85673 8529
87578 18947
68683 15674
76157 4726
23021 41748
47218 58308
60747 76596
66985 26094
114569 45617
70419 114091
11349 53880
64786 16016
101321 64415
113946 29051
26528 71052
52847 17175
111183 40925
26663 73912
29138 35403
109861 55664
58932 99899
51127 105085
50929 64354
100431 58782
14997 112297
3384 36308
73056 72031
5874 9606
53550 114879
31096 10326
