80072 999
11197 68138
17617 64290
51893 52187
13269 47582
1361 75391
36568 29600
19729 6132
53519 52935
45540 12980
16256 55671
73634 51013
32070 20257
35312 47929
5777 78249
9904 36471
64523 6679
63310 13240
38571 78447
17788 71434
12614 40977
72303 3953
12649 58697
14359 73561
46840 16608
56043 5213
26371 2177
36867 62563
22371 38053
42396 3230
53818 74935
20768 14667
13968 50961
37899 74092
31054 52806
4271 33952
19847 47669
52545 12145
19162 62124
62225 74004
35058 59931
48582 18989
48230 19205
32632 66760
53577 77107
32844 55561
29419 79400
61900 26125
72950 25477
79132 77935
70489 62303
52158 4276
47169 62204
22263 5359
2475 60938
3704 7766
68884 46824
28310 5779
68817 54987
26154 26355
72247 46451
27825 45666
41268 65483
8989 50326
34876 54772
59722 42528
14677 14674
58498 26438
32323 55958
78026 26763
7301 466
25746 17566
44486 46304
68801 22367
35269 5284
24615 15461
51941 32221
47410 3338
78406 35224
24033 72325
17218 3741
10052 48687
22032 3680
33234 78799
56757 77369
70224 34486
72614 79244
18193 56580
46328 9010
36321 2217
37624 39935
70441 74644
5419 54010
29574 29592
47071 59007
46074 12426
11216 67384
36706 64052
20204 42360
51622 61061
59831 15879
42268 73231
21096 40289
67884 45560
48202 49014
20277 77657
16916 22668
51743 62490
36794 9488
80016 2076
7785 40073
36336 77701
78375 75357
73044 75280
15689 77466
77446 33234
48746 32879
43355 7294
58139 12480
17404 2802
26221 45005
74918 79632
19569 73331
51730 5870
77801 30865
1709 21478
41068 72909
67113 55495
21654 13837
16882 39810
52861 15430
62651 44670
11421 3257
77190 56572
23981 42017
75231 53179
58168 22294
23082 28389
46573 24284
64336 65473
13480 54717
77655 54167
57390 10091
11015 57327
20109 68087
48053 79434
31106 31389
65147 27719
60288 32837
74934 34464
5520 63252
68815 54666
42547 20105
1339 6017
8602 70448
69587 72681
6463 69042
10541 45574
66985 26803
10897 20277
77428 69299
38892 48585
66182 16206
52040 5943
37748 18036
71074 44122
16251 68937
75979 64671
17151 71310
46528 40578
17895 53302
27650 76544
20054 57826
10903 5419
12804 10782
23767 25577
2812 9490
76239 12157
68988 39161
65298 48717
22471 32229
54211 67786
5414 30185
37884 53243
31643 22734
46370 52242
24996 47423
31870 57613
39246 77644
6589 36614
13624 12931
76137 53204
54491 27522
23711 1520
54361 7615
67327 9801
72123 31128
21311 4144
79193 14411
30480 14957
36439 58959
5175 21864
28658 51513
41478 49536
17230 77921
3856 55776
32195 50490
16000 34429
3852 22021
14243 47873
46615 10022
52273 59011
69711 32830
15216 66621
10797 71335
73521 38253
67283 4355
12897 76068
11672 22478
72961 178
37535 76239
9055 1776
2503 18147
36035 6868
44668 27770
5947 79025
17501 59336
36183 14268
49884 67069
38317 21864
60009 2870
3502 67835
26287 67786
9343 78767
43126 9293
52642 74546
34999 10616
67658 74342
43675 68399
6722 40849
6581 34626
42735 18206
75995 63364
10945 37819
77297 12167
3446 76825
32293 50807
20008 66687
10284 71042
54946 8952
8236 18574
60534 14288
50848 62155
106 34242
33023 4573
21814 15229
3053 43787
69703 69026
22657 69667
66896 35368
35605 35444
5500 31505
32954 52834
28413 43578
13513 54541
54504 9447
38866 23338
12543 68396
22817 14089
73045 44741
24460 40229
16510 29863
68831 32047
63004 12789
45480 4060
55923 40564
4707 20890
70766 11559
57414 22575
67375 38499
15854 24034
63923 23180
41057 2448
28628 35071
67674 27904
65213 35102
55273 38455
74818 51543
34008 79773
23941 50349
4511 59031
76778 48317
75296 64707
78060 19491
24571 28910
66893 4771
12156 29697
20434 24960
79560 5632
72581 19416
14700 22898
75682 8629
59222 24828
62218 65062
63538 38070
10203 69852
45102 6124
917 72589
54454 63022
58318 60709
58329 50896
52887 13312
26873 60059
78662 49681
44255 9650
14842 3663
60926 71254
57434 57410
47851 73571
4990 9234
25851 78121
26876 47753
9397 48227
357 68268
71500 34547
8021 35325
34166 59452
39646 10572
50463 49631
71173 22089
51311 55151
62628 17596
51344 59972
20879 51038
8969 72164
53279 51069
286 52805
10890 62900
34773 37205
18072 18152
18730 47834
69176 54684
27108 4850
38481 10190
3278 46757
19561 71184
40447 39390
32266 52072
29506 7789
10008 62016
77783 50471
32804 51534
50600 52589
48668 36045
19893 71225
45656 19643
3480 23028
9527 52473
47954 7995
51248 42894
62460 63013
11785 18500
62191 47191
47180 77657
65181 18064
77941 1856
997 16869
75461 75534
18235 32174
36490 15221
67285 40783
8757 53412
1375 70464
53354 4556
4464 68094
3659 61157
39259 64544
18430 2631
43391 65506
7962 65737
63175 35101
23518 38126
72699 6813
65947 43323
64277 6442
76925 14699
50789 66239
67677 19283
40790 18246
58762 9534
25542 59579
3843 55777
75138 56820
12110 28328
43264 36311
79853 23840
40090 7732
38756 43019
78490 18351
40500 38183
79921 39744
44307 17863
61990 79490
14282 63688
62909 49943
8877 62229
51581 23482
50119 11092
6353 23675
9203 79255
18872 38927
49332 29540
8678 1894
4670 18630
39145 24723
42122 44321
17604 25928
294 41577
53751 57127
75779 52324
42869 38802
61701 37491
28020 17139
76983 13198
28473 47901
50300 12269
30433 5873
78647 4319
69561 52282
12676 15591
10392 34178
7613 22498
19400 51290
1726 57266
46528 17406
6336 22590
11740 37423
338 36240
64427 11431
63275 23885
33440 3648
32930 1441
67875 73566
24687 32104
71941 13392
14599 35822
70279 43691
24995 12576
7251 71391
14425 37721
15913 50784
25994 7998
66396 3910
34826 45314
15059 62749
6324 12003
78240 18446
8699 78027
70852 51796
73706 65728
63385 50032
63445 24820
55439 39838
50302 59861
46912 22806
24665 76918
38123 53723
38336 41389
26844 26439
73727 57923
2394 77669
15433 30927
69697 72662
70393 58283
52590 48413
21802 19997
48038 37323
37136 77944
60902 36315
25045 32520
77260 54159
18549 31930
15549 58329
10874 78785
44445 45067
32720 34530
77866 45744
66938 2057
51737 65760
35987 25602
66720 29112
29990 42513
25002 528
6079 42650
57831 62755
2656 52106
19280 35762
16941 45075
57863 29602
19136 69820
71589 31809
11806 15071
31099 19501
32303 47442
71722 72901
71138 2750
21690 4101
28983 42315
16287 26951
32563 36642
12279 22789
76231 72737
55645 40976
51186 19891
5073 30388
61946 54469
72086 62385
31407 33795
51163 77372
38041 45665
26747 40356
38356 34489
62773 925
16907 32667
228 76112
66067 67601
31967 24473
23763 58479
65154 3256
52634 45905
22204 10409
7001 58781
4552 36996
7205 66540
72756 3981
49087 2254
13124 54909
3331 59363
51440 65415
64996 78442
59041 30596
52830 55414
75712 56887
43891 24451
57928 20746
19783 57758
24847 51184
21092 26803
24561 6960
27239 17612
74877 31528
32673 56737
65038 75176
49854 68042
52331 72459
16273 68095
11335 39154
58647 62897
29225 6752
25599 22110
40469 21558
66097 43576
39850 37265
64516 19975
29899 40959
34157 75715
20790 58022
14031 31010
63255 15037
6806 70744
13182 38945
69051 69962
12453 698
51467 458
71555 62091
16240 18046
18291 79413
79198 21793
36022 63156
43423 24945
3349 41721
26912 22271
26631 11438
67130 60410
7457 4381
42226 25340
39281 67034
54193 2907
41587 13172
43636 69522
34220 70840
5557 73629
48697 25550
51136 36752
18841 32834
46135 23961
20191 22924
52119 38530
56809 18448
71217 72120
21580 34263
70361 70006
64165 24885
51826 49555
70489 63609
7065 47519
50838 61359
67134 61002
5232 55329
28406 61998
55141 18674
23227 68728
63641 67338
41426 51603
5995 50101
11732 64748
52966 52844
63110 61959
19049 61482
78009 42681
19968 17887
67898 49628
39752 51145
3403 36702
43558 66646
79640 48314
58025 54332
74459 34237
38636 72930
70537 10522
71005 23212
26811 22935
21041 15698
49582 50350
11789 6481
18635 46757
4878 67281
25863 3486
23195 40861
70540 21295
14157 42814
64359 50604
47718 76752
63600 25712
72303 5404
59573 9863
23840 60733
17943 55160
26476 35939
45883 12931
61674 74891
76290 66671
45997 1228
65337 10543
37789 61355
4090 64703
73116 77856
35041 60668
62730 47567
1985 29490
49290 34560
76325 41331
57387 35552
71006 26783
78311 38766
62779 44310
44775 58718
53405 20712
68189 69921
75895 16757
50888 40827
21924 36758
628 43020
20432 1514
5735 40632
72806 51977
15317 74543
26249 16117
29197 36989
37475 13476
31571 71827
15225 27480
25020 73068
67028 64102
72516 56401
16385 79195
18907 73558
20866 42394
40947 33755
73556 59879
11900 76971
503 46719
9593 71792
60937 34573
45785 4781
4251 16247
32374 12075
70698 62447
70737 79317
4119 73452
53500 16779
27904 38574
54182 78131
73589 75013
3939 25299
2459 73050
6002 79065
42332 25843
74613 70275
35998 50692
41300 72207
11136 46721
21978 72300
25736 13142
65759 6999
15287 56583
30204 13976
46826 68431
9354 9226
55051 37661
78139 75526
37487 63947
60519 73000
29302 56830
75713 35441
8766 32121
60920 30827
62232 10409
64031 12816
36129 30986
44052 77804
25331 16280
58564 62014
21865 4247
57254 13579
76630 51909
45460 18379
58775 32906
72421 70922
58452 11575
14470 69224
72731 39748
75140 67490
15549 50903
16243 54703
51656 59644
23962 6939
7211 69352
36813 15111
989 33629
39058 34479
8798 6698
73252 77251
23211 38904
37459 32935
74983 1174
10242 38338
23253 54693
8328 27379
45447 64804
31528 34487
53786 21493
66593 38796
28015 27678
21470 36634
67852 23466
63294 33053
22897 19198
26517 42892
22108 53164
42706 19221
44629 72427
38519 37535
22098 76948
25029 15894
64604 75367
73189 47722
63721 72596
62247 56256
4776 44691
57783 77848
66952 79356
5843 39917
15121 61816
23350 65440
18913 71654
54001 44366
11560 23366
13532 3213
16404 76802
56889 55579
64110 33824
30506 54703
35995 70377
68566 72150
66317 31805
72288 7015
74864 56109
75048 68423
44461 47512
46376 15478
56658 32014
28967 6625
15855 41248
28162 52574
66554 74230
7174 3194
28724 9687
47448 7582
45907 37413
75901 46670
1518 36854
2346 62001
59940 49836
14309 33484
18157 46838
5705 67927
18935 58749
47759 78934
61154 78056
74168 61129
28237 58856
73747 47900
10991 28101
28949 75600
71838 8399
67452 16872
38019 13141
43011 28813
75676 47466
11426 27523
31009 65891
32427 45866
33328 68226
57110 29749
56962 54174
77461 37822
34051 46337
58113 50328
36453 40992
12043 49764
47302 51295
68900 71573
69773 49787
43062 31668
59425 26773
65064 66484
60938 6446
15149 74126
72086 16397
20334 37359
33054 78779
48412 1702
7190 73920
57359 11310
45008 21202
28329 48290
22498 76381
17316 65876
50003 14534
504 71548
74370 19119
51022 66367
53463 44015
45208 47486
28976 4615
25766 8131
16326 23917
7522 49615
33389 58901
7061 39599
12711 49803
76592 47530
37834 45250
69324 30197
21325 79496
54818 9199
61511 34591
52284 55117
11144 14742
58298 1687
17534 36870
59662 54721
17914 54270
32465 53491
13752 34304
2323 54778
19931 1377
48591 4029
70094 30253
76068 68200
28372 13536
76789 8164
43793 10710
66410 39565
10854 27876
66981 1307
43089 60156
32470 45433
65650 55701
33984 60993
66032 66345
2673 71607
67546 31670
966 2761
7159 67238
54300 30366
36374 39158
65024 7275
78702 20074
76865 21271
38320 23176
17640 55297
33896 12536
12847 76012
79775 45347
62455 22386
74436 7833
18592 77886
52422 31137
38805 16616
45148 57637
58989 60797
41845 30075
5268 7893
36344 79989
17311 31971
57766 79658
28660 11073
56235 23619
16624 15145
8408 8887
39430 9981
63332 59871
65047 16823
25998 2938
60812 61242
31053 25290
15614 79311
49912 71006
80071 62857
32438 69406
38990 75762
78440 21610
3311 12315
53026 78956
20865 30824
59454 74144
25670 23098
58856 32835
14934 38619
70571 3338
30500 6893
32570 41414
44623 75164
52560 70095
2763 62103
59113 12502
51454 61467
42982 75265
7075 78312
14565 6058
41658 74898
64935 1305
40174 19665
10017 13038
75078 46505
65395 70599
12252 51595
74868 26944
401 12506
64843 5030
2759 71295
11128 67395
50829 43790
54129 78374
6519 37095
1589 59064
79212 46789
18317 78879
11398 49954
39613 38742
28869 46969
47000 66939
6188 52779
19290 41833
29139 25667
37803 28692
35419 37466
7858 44911
29645 4027
6112 46441
44996 30616
61113 22107
70598 78995
64735 11324
7079 31470
7207 73885
24069 71140
5001 34486
77165 54693
