22222 222
4569 3052
16244 5205
6391 12846
19845 3201
19850 3392
6112 5613
13034 11302
7603 4163
1941 10364
4386 12345
6834 5602
4431 6853
21400 15550
22009 11513
19700 12659
15233 14903
3202 2332
16825 5741
19671 21503
8188 7493
19864 19246
3095 4918
20507 9880
21391 11233
3364 10508
6234 8039
4615 7150
12685 19065
7678 13209
472 10031
11663 2830
19784 17712
20246 20623
14428 16196
12860 11420
15938 3288
895 20121
5810 19618
16691 10337
16286 3033
12424 7714
6103 11362
4216 3714
3868 2424
19709 21248
10800 13139
17505 16066
1212 20437
18441 16726
701 10063
13469 18716
13513 12622
2136 20639
19911 14991
8689 3805
4043 11968
9000 4476
9315 14195
1303 6489
15635 4455
324 13472
11191 4786
21071 21948
15835 4893
18244 20377
3027 3795
2768 21217
11874 3066
12131 13986
15675 18905
21693 18875
3598 15028
15878 13178
19818 2603
10094 13341
936 15530
805 466
19449 20871
18404 19128
17697 364
152 9545
5802 12550
6341 18457
9903 9994
4619 6529
165 18931
5811 19552
11227 19159
20575 10345
19456 21822
15017 11416
13995 14663
18963 44
21397 12492
2744 19957
21474 14684
19296 17216
19202 1808
17345 1473
11417 5375
4044 4803
20951 7408
16950 19105
15099 11686
16925 19548
19180 2371
16275 14685
19285 11347
7839 1811
21217 6960
19001 13954
12048 9355
6639 2330
21145 21620
8347 17605
21815 7804
18260 4926
6853 11980
9145 8349
20839 6518
4254 17201
4193 20854
19413 3255
13897 15121
553 11921
2277 19497
18612 17105
18414 22193
6584 10999
19071 5890
12107 7190
14581 10327
17268 17678
12880 18427
12536 13153
15569 941
7906 1210
15841 8287
3585 20424
11071 13353
5779 7490
20734 13543
4733 2806
20522 10468
14 18519
13750 9449
21755 15319
19565 20900
15567 12456
11068 4108
15140 17450
6463 6941
17173 12502
15822 6841
14270 9638
5343 12144
8612 174
21901 2920
12799 2777
7486 10157
16813 21652
5933 6657
19642 10666
9201 13120
2437 2126
8491 10468
7399 13568
10110 3819
21523 11354
8641 4519
4435 493
5022 8168
12868 16659
7244 2766
14787 6717
5391 9298
17491 1435
7868 20104
13143 10313
21062 18015
1354 15933
20675 7581
7299 16891
14214 3158
16069 17178
13407 11843
15262 1881
19005 11075
20437 6623
20235 14993
19509 12701
4614 13068
12385 3708
2740 2192
17396 2663
18453 11636
7118 13878
8754 10715
994 424
18716 5780
9801 14248
15986 8001
12511 21190
9108 7364
13611 443
9875 20750
5617 16277
17655 13667
21208 14712
14105 17191
1503 7594
14803 19368
2487 3313
10732 12419
14480 10242
20469 20601
5931 19075
6900 5034
15954 1947
19133 3842
10954 13605
15529 2031
20238 5952
