22222 222
7333 21719
4834 5038
1350 5064
16692 11614
5579 5437
16897 1309
9972 14770
6468 5082
3754 11603
953 2096
9832 12062
18967 4730
12306 2877
13162 481
16781 6351
2009 18952
18531 10433
9387 4394
3957 21935
13783 12603
15136 15070
17378 9196
101 11472
17532 1460
5820 5816
3676 14228
9760 9001
11642 15468
9403 19653
19915 4646
16888 19465
7969 18361
17971 4059
15234 16619
18645 21914
12017 17124
13233 21366
17181 9882
13280 17403
15638 7204
19648 17355
1564 10283
15995 14987
3662 14495
14455 1786
3246 17358
5100 10991
8217 2190
17922 15107
16255 17585
5242 16686
20007 8528
18039 16302
15925 16356
16828 2755
4968 10882
7681 19029
9439 19460
13721 5148
862 8494
7127 13835
1406 16814
18471 21270
9275 10325
3525 966
16811 3894
6358 20308
3301 5582
3597 20520
4739 8647
8036 9500
21112 2129
912 21277
17105 6366
17244 3862
17903 8893
16379 14755
12150 6980
5257 19637
13841 21635
15770 6201
6685 1580
19788 21460
20374 794
9929 16961
17701 15930
11512 18990
5973 3848
21353 21225
2267 1035
21496 16345
9485 3232
7359 5496
21816 10612
2962 4435
7860 17265
12929 13412
20629 12783
14943 10973
3611 8361
8702 18866
20777 7446
9760 8126
8684 10645
5119 18055
11478 8717
21127 17837
8782 5330
799 7674
20598 1586
13762 6723
3213 17963
11621 6832
10788 880
166 1426
3966 16880
3468 6665
2899 9803
18121 21951
20083 20958
17966 19852
22130 9785
11745 10864
6901 13944
6964 21520
5 5839
15615 958
8474 3858
14193 21970
6539 13605
20304 1493
19463 1297
3211 468
12794 15945
12606 20427
1926 10210
13910 8591
5073 15396
9091 10593
18087 19508
10669 1447
5760 21138
13142 17330
16688 21221
11161 1413
12375 21045
19838 12918
9206 19436
6194 6467
6497 16799
11237 426
17583 19624
21068 16262
12508 6014
239 3957
7968 12533
4632 8094
17425 6511
17595 15354
8977 16430
11783 7860
7081 15680
6367 16284
2028 19608
66 18617
15397 4573
11875 16149
21449 17702
4375 7041
3007 8743
10892 11536
20804 5865
9692 9993
7372 12202
9453 11888
11109 22091
19116 19122
8272 12636
21117 229
3072 5459
4577 1663
19818 17236
11214 21714
9413 18288
20750 22197
5325 17474
9266 12262
19350 14636
1848 19762
2522 21346
21335 18296
7989 21634
21586 14393
16796 15049
16778 16795
1354 4105
5409 6530
10134 11087
21988 5466
2066 11619
588 20919
10303 4594
21983 21898
15995 4515
7602 20197
1078 400
21883 15071
19838 7398
9602 18810
4302 8077
10127 4724
8337 16722
13995 15676
13784 20076
11486 2086
16184 8070
12388 18797
16549 7949
15954 4437
3961 16607
15624 9775
15594 16388
11711 4730
