9791 545
135 3728
8670 6914
2291 5527
3957 3289
9490 7994
8771 2609
8673 83
9619 5817
6565 7479
5773 3626
9137 1198
8158 8645
8376 9190
6825 4468
3042 1997
7989 5977
2814 1108
2186 4043
6836 1890
1190 5340
2864 6714
902 2455
2272 4117
3787 4100
3993 2446
1616 2280
7981 575
2578 511
8521 9177
8674 7352
3734 5716
5639 1686
9508 323
8832 3446
8556 7450
2884 4374
781 2125
6905 2587
4641 5181
1221 5451
5480 6004
5934 8454
1703 385
5154 698
1535 5058
8749 6506
7343 5769
8585 9085
6006 7832
4558 4290
9018 3219
1742 7518
1473 7095
4670 9548
9693 8579
1611 139
5522 7606
5163 9334
2218 6150
5885 9045
376 9536
9288 732
6466 4767
5568 9210
711 3592
2375 2692
3054 148
5753 3423
3734 9740
5422 9593
9250 4967
5311 9722
6222 727
1774 618
8651 1402
8549 9704
4905 5900
3446 1208
8465 6900
2854 2587
6262 9607
6880 7399
9403 843
2679 8660
7472 5571
3860 7911
5931 4902
6925 7044
6451 1236
9769 1198
7348 155
6835 7104
4913 6445
2852 5238
4257 5690
9324 7350
7307 6642
2230 6438
7467 5360
9359 4739
2306 6794
8319 6357
8313 1081
3681 1282
9380 7764
6469 8854
8754 986
4964 6246
9572 3678
7374 6807
7309 4743
5033 8002
7728 5917
1442 3738
8398 5161
6805 3567
9676 4023
4048 878
7681 8246
100 9488
1625 4044
9163 7104
3608 1945
7095 3153
5149 9242
6439 6060
8384 8088
3813 5747
720 1115
2041 4323
5728 7162
6890 7780
9249 4546
7181 7815
6587 168
7908 2001
2965 1157
757 6566
8413 9761
3894 5636
199 5726
5103 8029
47 7510
9739 7794
885 4462
8552 4016
5944 1347
3187 1515
3585 2517
2601 9418
1862 6784
2777 8436
2514 8937
4909 2033
6070 849
1422 5655
4257 8103
6106 6200
8783 3927
500 3610
9587 6225
7706 2170
9513 9435
9592 7956
8915 1164
4558 5107
9651 9322
2216 127
9219 2651
7424 2570
6500 4098
2659 2822
1400 5965
8704 1005
9096 4770
1738 6030
1686 3101
8089 8529
9150 5577
1778 1652
7849 556
5839 7343
8855 7031
8522 5501
3185 8865
6678 6119
9078 8282
6499 7582
4421 7774
4930 2063
9235 5878
73 2954
8408 2820
1629 1678
4165 9527
322 7362
1554 2939
8606 2240
8151 3447
7216 9767
1511 3471
6665 2763
2990 2451
5441 1793
932 179
7289 1064
204 4000
5551 8245
9315 5419
5163 8467
5702 7627
554 3195
7976 4348
8999 566
4768 4997
2155 446
8112 1806
1015 4144
8111 5880
5074 5389
7836 2252
2057 2256
2828 723
4917 6486
3523 3907
8699 6323
4323 4735
4137 156
6614 5506
2854 5607
8229 9307
8928 5472
9281 3104
8935 7939
1266 5209
5306 4380
2914 9456
8335 3104
6379 4860
6110 2861
4560 3281
19 3706
906 2290
3879 311
1543 993
4491 681
8599 3478
2234 3224
1054 7033
7443 8631
6957 8098
4194 6421
3832 4282
1978 9330
4927 5196
4354 3526
3072 8478
4505 5710
4308 1113
5836 9719
8497 5298
4722 3918
9207 2641
8816 1626
614 136
6677 4382
2740 9050
392 1098
9470 8330
5760 4794
9451 3861
3024 2309
5886 2801
9495 9603
7139 2794
136 111
583 8062
4569 1458
1063 8010
5477 1180
259 2851
3431 7283
676 8227
3741 1039
5601 4302
55 2237
3762 5730
8822 973
7102 894
3817 4375
5641 5308
487 2989
8220 2876
1008 6173
3540 9372
118 2476
4861 5891
8506 9046
853 3122
1373 4967
2998 3235
8365 7931
5752 2651
5897 3670
2507 9200
6326 5827
8782 274
9371 7519
4091 8817
4861 9037
9333 5519
8964 9231
5207 4846
8332 8218
8414 2030
891 5893
7772 3444
5695 2872
2827 5118
4116 6606
4794 9475
5775 6054
5827 6111
9122 4643
8831 5384
3237 701
4445 5840
3881 2868
2657 9737
7367 6559
730 1778
2555 3609
3988 317
3157 6543
2053 70
9567 4939
4080 4545
1186 4711
9256 4746
5011 2678
7385 366
9788 1689
7507 1070
7378 5707
7096 4026
8372 4862
8638 8468
7817 4724
5450 8030
249 1798
3352 5675
9312 5348
7234 6467
5326 1483
3258 3940
499 7553
5915 3333
3754 2318
1761 750
970 9351
3248 4732
5258 7504
9680 9152
7767 1535
1759 6571
1949 2444
1896 44
345 1630
6992 532
57 807
8760 2953
642 8505
1873 5295
1527 4811
8001 4357
8693 9583
6171 4187
3236 4129
392 9037
1078 1051
9118 1514
8323 4994
460 1782
9386 5341
1173 3768
2403 8793
1826 8956
5019 5347
7008 9305
8685 8125
3510 6857
8560 7112
1327 1885
2275 8343
4422 511
7546 4741
6286 3012
7919 3946
1733 4726
7455 2626
872 8044
7508 9772
6359 4703
1442 9036
656 8613
6500 6880
8139 4885
8736 528
4616 2455
2918 4641
6599 7952
1263 8507
6370 4351
6520 2394
7651 187
2943 5346
3871 8213
4414 5909
4026 2204
5598 7652
8175 616
1263 6635
6477 3905
4503 341
5680 2710
8915 5283
2459 5348
3305 5564
3381 2822
3169 3875
3312 4940
5983 3562
3094 9091
3993 5082
3709 5546
3725 8427
1052 6602
9463 2160
8785 7229
5074 3962
5623 3333
2556 9054
4974 8753
2777 7163
2235 7122
5132 4429
3574 4612
4502 7484
2033 2634
8735 412
8802 858
6454 6387
7510 907
4276 373
5479 6824
4810 3497
7662 3898
4333 6413
9520 8770
9232 8354
3983 4551
4102 6237
5063 7346
2780 8034
4530 8926
8865 7499
3179 922
4913 7201
4861 6764
6942 6066
5135 8349
215 1702
5485 2054
246 9646
680 7055
3298 4384
4515 8978
8390 1892
2872 3213
8632 6258
9391 2291
6126 8150
3459 589
7641 6896
132 4659
7983 6917
6951 8269
1449 1828
2164 3179
5377 8772
3412 2712
3313 5071
5609 7051
4955 6145
9125 2252
1885 7428
704 2242
3251 7158
6631 7983
2199 1504
5083 4080
2680 584
4333 4848
7220 8511
3357 8554
1591 4288
9436 6908
8489 9244
2558 6574
5096 6317
9390 7594
5865 2288
8032 2620
9357 8057
1956 3348
1499 7056
5815 8695
7398 1601
3285 3608
6415 6021
3724 8250
6274 3868
7559 7447
7010 6787
668 6299
914 2862
1543 9687
1966 3351
2877 1864
3194 7196
1148 2433
370 7939
8130 8932
4274 2095
2656 6241
2441 2968
620 3140
5196 5751
845 6402
8627 3751
5486 840
5171 2968
620 9609
6287 7586
6411 1833
3321 5740
