78713 120
77627 12603
16910 51792
51973 73560
72532 1572
25487 41423
3379 360
49814 24136
27325 18803
53600 13186
6270 73862
76198 12643
12290 51845
73917 33859
970 46012
48241 17180
15250 19755
77036 76370
47342 8729
77029 55813
64208 7450
65827 51745
1436 7293
76239 26679
23230 48871
68410 17384
44649 70356
32452 63998
15622 38064
2629 33604
76114 78548
42698 48986
67390 58480
16334 65970
45459 97
50363 53878
21786 8414
72899 7699
39937 5905
43578 16454
21272 66870
77047 66889
8193 72713
71194 23388
66343 2430
29127 9892
4695 22739
27962 74124
72025 2834
41124 62491
47520 60125
29566 67728
57458 72185
13176 66853
56959 56517
38926 52635
4485 74335
14409 61880
54031 4341
36078 7316
28358 21253
8591 54271
23147 63278
27811 40971
43 47422
66130 32841
73652 45368
77903 75975
19803 12189
72099 72342
53195 53449
64321 42784
47186 14841
56914 44502
50855 51947
14995 13021
55911 71829
33573 24098
39090 13478
23508 58511
1386 44982
57172 15700
68093 4711
48024 29817
68123 63640
59855 1621
72269 37072
24696 44893
39972 41013
30896 16412
10652 74889
7815 60109
54564 27307
21964 60257
58250 46561
52357 58930
8533 48564
42408 60058
16280 59212
51213 52842
4254 40001
77589 73316
47359 65800
30430 37984
37960 78656
13474 10688
62071 63197
70230 50227
71002 376
2504 50488
64200 46950
50464 17941
57889 72272
27631 45699
43924 75093
28207 61950
73680 62910
5609 40967
56001 10759
3404 62625
12661 58123
66383 28866
