700 88
420 476
296 541
279 303
54 93
390 694
493 451
57 307
663 644
628 498
29 586
628 521
671 550
156 217
497 96
461 494
587 682
375 398
186 82
506 508
286 491
2 449
50 84
699 106
179 626
622 1
92 465
22 26
507 202
83 147
683 452
551 621
140 290
504 441
415 14
123 484
303 62
548 100
317 290
396 364
525 291
341 260
246 143
38 142
330 271
301 479
284 403
127 368
668 190
175 297
650 447
503 5
615 553
153 503
407 672
483 343
117 73
304 603
30 494
25 179
87 100
420 634
274 640
273 379
261 30
196 512
515 60
408 550
661 16
647 427
159 182
500 402
240 432
380 415
477 122
217 109
358 269
210 310
411 568
525 442
33 314
483 620
31 30
112 567
213 180
689 199
229 553
35 546
433 558
31 155
