100 84
15 2
46 38
94 32
10 53
46 17
69 94
79 41
37 4
15 18
17 67
24 27
61 85
42 16
94 50
51 48
15 88
71 61
61 3
100 43
68 71
56 57
99 9
58 79
9 14
27 35
26 20
91 12
78 31
90 14
91 9
15 80
78 2
48 88
54 9
72 82
4 17
84 77
36 41
43 5
71 85
18 92
63 3
17 6
82 18
55 8
23 22
34 76
75 69
12 87
29 76
51 30
79 32
31 2
39 38
38 100
87 68
71 81
33 25
36 87
52 45
71 38
41 82
34 21
42 84
62 51
38 98
28 93
16 99
83 34
96 98
24 42
17 31
66 63
46 15
67 41
23 36
25 81
57 51
93 45
20 27
27 94
74 13
35 37
95 66
98 71
