1111 111
113 115
673 74
1105 410
606 884
200 450
784 492
995 218
662 1021
225 218
126 209
840 650
591 854
93 231
14 766
552 716
452 162
909 856
1023 390
40 73
658 447
436 205
446 342
587 1058
101 24
339 43
950 390
826 646
736 167
174 233
1085 265
800 858
415 679
1072 681
869 319
343 924
771 1025
988 888
964 985
349 624
221 748
212 408
633 670
278 216
68 408
502 742
551 871
344 545
1058 747
382 742
191 267
719 918
12 1044
536 716
851 1025
883 430
426 569
99 913
97 610
133 202
742 614
685 44
935 739
175 444
721 784
734 944
472 8
256 888
42 975
818 14
717 272
1001 98
147 587
792 665
677 458
725 290
424 1095
668 902
371 200
622 589
294 921
1025 450
643 254
783 161
197 843
368 998
54 249
772 1003
976 901
134 904
1024 963
887 1020
508 1038
931 673
867 772
746 501
543 597
184 616
154 1053
393 1079
543 331
736 82
21 880
750 58
636 927
327 239
444 28
795 708
658 281
1073 246
398 314
839 144
203 485
