87461 1300
66775 3851
31920 3951
18956 65877
32600 11080
59108 21339
51437 86630
11025 15096
51286 67686
34300 22132
11461 46455
44279 20281
85084 16277
21408 86837
72325 56151
43838 73068
3629 1562
38590 23453
54364 74925
650 67625
85480 10474
27172 57813
64899 63956
24958 84724
20662 50678
9702 44005
62387 33209
36468 76367
8219 64539
52669 21584
74166 69583
72884 33997
73763 36501
31723 37447
52327 62005
9985 85156
29882 44532
25344 83102
70648 27502
87057 60136
21977 57992
86766 72474
64023 59778
14755 6045
7812 48148
13496 87035
35715 22641
84301 36517
29605 24239
15691 37257
15702 53499
70390 79287
65894 9417
23990 24341
10056 87394
58094 36889
17705 33380
94 39699
53848 64382
3813 30134
65489 26273
58192 31449
85446 71795
18868 20939
86844 80332
3501 53475
32714 7579
51030 72807
66069 44276
19467 68436
60700 38184
55300 23455
35686 24582
28527 20437
34253 10852
5399 28052
69331 28154
38834 64947
47152 18610
53505 20970
56458 30869
76232 35303
80722 46052
27803 20896
83462 7259
3168 70571
59718 67201
64794 24113
44180 26402
67895 53495
24535 68722
14377 65259
16330 85009
40011 21997
86166 15760
52708 17559
61348 38136
66412 21885
28727 59993
41673 27784
54361 15079
72530 40134
7697 19086
53939 78511
6223 7927
80156 50204
3342 18527
32086 16618
75204 15802
86824 77960
53770 62784
32136 86344
17189 15310
11483 50888
1301 40042
68841 5524
86755 25422
14465 86829
53317 68176
77566 49170
6053 55447
51212 75270
33413 19440
70267 41804
72416 26721
31966 61068
1101 27845
55571 60775
79001 71402
24943 71619
49429 74338
16037 20922
71981 9026
38108 82936
7524 32339
19139 5799
2734 71731
41647 55846
32174 16154
80936 78385
57116 29958
60040 71457
24401 38141
46053 28370
43305 67481
62254 3644
67832 33549
64127 41685
77948 67111
44916 39435
35538 31193
73716 39889
68518 57347
66247 28248
294 63380
85040 83794
37447 56723
7063 19349
44541 26010
52392 12803
54609 63742
6008 72151
59990 84442
75856 68036
24859 49019
28876 64204
7651 63161
49882 4548
39950 29709
7085 70854
64369 8874
65063 18689
32065 51133
69183 66493
57318 44925
65562 52734
50172 50944
34888 21444
31323 52528
41969 50706
54847 68581
76516 61295
45446 54335
78374 70463
25743 50235
86475 47805
17342 16647
69742 8388
46738 11679
10988 9681
4608 81192
20705 69623
21308 55476
57718 24720
3049 54417
11801 54469
47688 58781
57908 9100
3420 35081
86811 42394
42426 68227
51634 39369
35652 65158
24480 1274
59409 51121
27399 52321
61175 35366
24108 82381
57195 6066
53280 57422
64275 28284
11211 58247
51142 15686
18398 64862
48006 86568
85725 20445
34712 70175
57104 61711
28725 37932
11812 37363
7590 54706
12916 28494
85076 75464
17863 71965
72046 38451
53813 28642
29804 14805
42582 40152
80057 41153
77536 74829
86420 71646
2098 74819
38793 77005
16488 33235
63512 51167
45499 51786
59955 19341
45825 62177
43960 31922
84388 45583
58141 48758
34136 5144
3234 67691
20811 70395
59212 63573
7683 70676
73590 64816
40182 24057
52463 39967
67253 80774
53367 55356
33017 31385
35604 27919
23300 44725
39544 6645
11332 80924
5597 80927
15965 85840
77574 41571
32064 9770
64778 40991
59044 25490
57393 81916
58599 68992
31707 56906
18143 9008
11286 22823
49391 69027
33716 24080
82272 62682
16929 2707
59033 6621
40092 41591
74181 68587
31949 8170
23386 16679
59084 13653
78326 12642
64084 12582
40716 54100
34416 63004
48373 45886
85753 52395
80656 16236
73885 31424
41573 6074
82232 31819
58228 43791
86460 68570
18003 82326
60946 20595
80052 53940
43582 7672
38374 21224
59488 58787
36359 19990
72278 2202
69518 22223
2693 37628
13012 48854
35042 49486
28152 37752
20630 61263
63540 47811
24431 59076
17875 56117
62406 30919
49603 35169
18732 78617
51867 41050
47911 50916
829 70235
8461 1388
3198 80399
32620 50208
38911 72752
23875 70019
32110 40889
53967 40449
76254 69527
66252 31077
3080 3018
6663 59513
37681 846
44995 61603
13506 82694
49138 44670
9803 22904
12965 24724
3811 55973
39734 26223
36110 16646
65499 39628
62597 68642
6284 11023
13912 17787
67496 3677
43196 25432
65559 81654
84301 54551
11789 64479
75143 57886
77814 17214
70161 79050
17544 53092
37917 76827
21676 4870
17860 22832
41692 81198
64985 63548
11031 29608
48949 58567
6652 24441
35702 78186
11027 7967
83229 28429
11607 25903
50071 29670
66339 71629
52075 39813
82012 1844
27923 10693
37197 9159
61407 41893
44746 75713
78894 16613
34859 30794
10703 14662
68579 35060
80141 56827
62925 8428
46546 29871
44014 28152
38595 8760
14462 67693
23027 67824
40094 6836
50447 10966
15254 38407
81137 1139
56732 62224
31387 53645
85491 30646
34043 32655
17322 847
68208 13812
83765 6258
61092 71204
84366 49251
31917 74917
2509 26477
56456 59896
70882 23112
24656 56208
48530 22817
56921 68229
24416 51626
80375 77252
14247 68733
489 41682
1353 76058
51126 83429
44980 27488
20593 51213
54899 69886
41140 27859
1387 57652
69604 24107
18975 42442
73455 36557
80385 13739
58444 57145
48039 19545
26790 39306
62415 68377
49923 55675
57409 58918
4403 23729
31647 51283
33373 30617
14503 57692
29096 74930
78582 76489
12235 86263
36097 9947
9808 40730
84941 29235
27277 77428
85955 32898
71914 65231
3729 12678
77457 49918
47669 70707
4485 61829
61303 82615
16080 87025
47951 30064
15758 9476
8559 45231
26479 10761
32259 17514
15503 69747
34260 26058
33361 63584
61415 52053
18306 21732
68778 9162
38500 50014
17774 33086
20573 85707
77657 39648
21229 29670
77095 61831
74147 44495
74430 99
23612 36268
4600 71842
51018 6357
22488 49672
72885 60517
22895 38595
17220 41665
77426 72805
3599 25336
50711 70085
40912 16435
47801 3664
25365 72489
12019 63041
61217 25505
83234 2632
3021 84750
31150 39060
58426 22990
79115 41014
33450 56831
49232 25536
33499 15847
84286 26564
75459 21006
72225 33785
54412 62717
15537 35877
52203 24929
39190 78499
80746 59584
36235 40127
30862 76351
63363 75403
69563 30581
75927 71851
51948 5554
38226 11593
52422 38554
73517 40574
82586 82317
74259 26034
85857 69024
57594 6808
74025 64232
56577 69720
33465 21795
35905 34019
48970 1278
38857 48986
48088 75520
28519 28109
53958 4069
12353 68469
75163 24192
36177 77742
6560 21410
67441 20557
64838 10417
46397 64432
82786 32096
76701 21156
37518 59299
76908 15740
73288 38613
52920 34753
7910 76288
86742 54831
22044 33864
18214 30183
55619 30307
43453 5682
61644 21707
33182 84475
40048 40996
19992 67014
27280 18992
30932 49693
44696 20780
59671 68445
25218 43414
10367 22569
53556 41318
18632 61713
5848 51418
30379 21442
55878 43182
4939 36854
73756 18970
64302 80952
3911 65424
40694 82236
65178 21873
81661 77741
30786 16499
7672 29594
49980 19531
37326 85716
23681 62004
37668 79213
18986 20219
32298 29296
33550 36874
29477 28470
23907 75412
6582 84943
24331 52969
85648 54025
85180 42084
24319 32321
29772 54702
62626 254
66444 36342
75515 86306
13941 46950
36607 60962
80666 59230
15286 75858
57631 83982
70201 18507
62786 23431
7571 65040
77739 14268
23161 34579
48442 19417
76157 5108
58577 38554
74286 18199
9575 29525
74059 67609
3204 19964
66479 42848
52964 12919
14238 59433
67795 28863
47683 63429
45634 40072
43951 81141
16720 32734
3347 75779
20440 64723
31138 79576
27841 44457
9341 6276
48982 71054
79051 77898
35194 70752
58469 49437
85063 7553
40117 56226
19542 11225
69926 63303
84246 59147
46081 33677
85655 86448
34967 54876
24693 31270
25129 70833
26757 28755
15249 59312
67059 27316
85982 22746
10469 52433
37859 40326
21646 85096
29055 8637
43531 22002
68562 57830
44229 18149
86494 29275
10866 65805
56661 81500
44943 53849
79944 27231
73638 14624
65917 80642
11681 5063
37475 68300
8298 7149
50511 43722
31771 83206
74483 54987
14482 27451
41690 73181
87290 60195
76850 64618
50936 14124
7373 8939
67227 37929
13436 82885
56918 27610
61501 78538
66534 67654
17344 47099
38444 6987
83996 9874
9387 18671
83419 22463
4398 71549
48331 75112
68743 5544
21796 46230
76191 51
22313 48872
48665 71647
7063 13215
13154 67362
9868 76662
41654 67403
8034 14172
83368 5368
4538 63831
82683 39410
25902 55739
16685 34036
33647 634
39021 1645
28494 22896
51646 33749
4045 60298
69829 61503
32393 86602
22831 87277
8500 35424
23876 47572
67592 23712
24636 15867
74367 39803
58508 17339
38289 36060
51171 61309
34834 44218
61189 82403
64656 78477
53336 56247
48564 41236
61964 73981
85177 3741
21380 20139
25168 41920
77365 80321
83483 37515
51726 57265
61864 71126
84004 26172
64433 35567
77769 69207
21052 15206
46160 10281
53056 33180
22976 66524
79167 2575
55398 12762
75124 3258
23279 25603
5317 27427
82401 13321
56901 42531
35454 18497
47812 82899
26199 7587
28597 34938
56845 37341
10277 3544
49950 15162
70635 24721
50303 41434
76599 76385
53127 46428
61563 65571
75721 28675
45187 80032
20330 76463
17377 27632
26186 34261
2529 56238
76614 29449
86180 779
46281 52653
40798 20373
35191 47272
28553 55813
47198 67109
25161 9145
14722 39098
46042 5496
54584 77704
39053 18725
4368 28138
83060 37093
19185 56779
7738 27294
27387 42314
74112 36195
75857 56130
27811 38323
49410 56986
69804 77487
44361 23248
71746 76133
86299 49581
22264 40259
41436 46035
57153 85006
51333 59210
11523 51674
83091 21088
15168 11922
24828 14219
66021 62601
67300 46034
27523 71331
53948 30187
58883 75859
74292 64819
58225 79777
85670 8054
9318 9072
13246 49071
50504 22980
34153 37763
32503 72879
73401 54453
16187 83738
81579 59871
1714 14399
45834 60479
16746 15533
15408 54994
48482 12045
48303 72704
60015 4331
86668 40378
70099 32568
779 8268
77495 86334
76084 13381
47833 58686
50981 54658
25729 70338
3167 86440
51424 45060
87121 35324
74798 84184
83040 53563
6853 33653
41777 30293
24109 61427
52121 57770
24576 65673
58525 62741
24512 49936
69879 50728
31045 52453
3959 66503
7924 537
53715 83913
65852 42576
42610 18910
15270 84683
81925 46582
1864 32591
56453 10447
54623 13361
6331 3373
64977 62705
55749 31289
32131 27170
7588 56441
42833 9094
35375 49895
29492 33635
81368 41481
31099 36433
28534 47995
63757 73810
6271 1667
51057 3841
29136 8941
53510 86130
11114 14302
60688 30875
39829 54662
64404 78516
33254 73950
76761 52964
56889 82599
21659 59343
41187 17577
68152 84803
17113 13828
42610 14814
66300 60589
59859 21233
14194 17303
44456 446
71925 61453
8977 30719
24086 53619
7861 47673
32254 39457
72798 73173
5160 83339
58074 60932
71811 2568
23113 84208
17194 60922
78896 78107
54257 3348
71889 43268
27056 7046
12104 32636
20436 41918
57421 38876
25007 68591
5095 15813
34878 1593
77817 46833
8290 48108
60033 45296
69694 45067
34073 15682
27627 12951
68076 33835
47631 55162
76893 79816
40781 17217
18022 17814
1544 11147
7815 24232
9196 32727
38910 45539
38168 46313
31053 44960
21693 56797
28659 69671
16406 20624
24161 61848
16429 1638
55718 32687
67775 37416
8181 67904
69845 5396
53512 51969
44282 39156
76645 55439
12260 23263
39847 21868
37010 36438
84269 75803
39533 61396
30898 47721
71252 27713
84529 36999
58049 44935
13750 49959
75016 12023
85785 43325
2047 67736
9790 60133
21942 28018
24475 55022
9639 58710
47325 70110
23024 71576
35614 35350
28408 19391
25910 50191
73066 57961
77712 28850
63572 48227
16821 16322
3673 5842
28326 77918
73658 40616
50650 81385
16135 28771
27469 1489
60179 54816
82631 10288
67145 7542
86811 57039
46065 81260
12599 71888
52840 2641
70053 35984
7737 57715
43438 60037
59942 86575
41761 39842
7640 82077
16361 14272
2985 15751
47406 7858
16953 4618
74197 62825
4641 44683
59480 34664
1712 81208
36729 15500
20000 22841
81260 82708
2979 21138
60702 40756
38639 50462
39663 72715
35660 44282
40523 3243
83785 31046
78883 33298
53279 44503
13976 7768
34785 51407
78082 2864
64215 17683
26080 30209
51311 73465
35218 17114
23239 52905
69984 65671
15036 99
35749 13174
73572 27308
11545 44535
83235 29944
74526 63635
77068 38788
54022 9460
15434 2808
80893 82275
34208 50830
26186 17434
85580 6301
17210 2475
78301 72122
14065 72963
83644 68311
75399 69820
6485 16315
24838 10474
18757 55616
69099 7624
68694 31940
16701 8464
13255 61120
10445 52987
28056 12514
49622 13001
27816 81866
32724 59122
35322 332
82869 15402
14490 44501
11789 57979
12230 56909
69064 21537
2427 21231
19783 65216
23323 59018
84569 16751
2217 40719
4310 43491
73998 12039
65023 84591
34015 52282
48023 74434
83403 49775
58770 59989
19334 76052
60639 12532
8344 74904
31859 44512
77807 76118
20420 58671
26898 71204
8893 79798
49091 87385
31838 16382
25509 10246
43532 52237
25191 85542
79317 11595
69989 4249
87280 18344
49130 44587
46326 57955
78258 8523
21149 20409
28617 39959
71428 86800
9375 23686
56826 62261
78056 8613
33456 68367
326 24242
25223 75750
77668 36691
48504 13046
40068 7462
20964 52347
49798 21338
69320 64327
65554 43179
31288 10222
87098 63254
10311 79321
78378 25759
32708 3272
67003 79433
39902 38846
4544 48123
36222 15658
60342 76562
393 33329
56561 8555
61154 2728
73203 40520
38065 16712
49608 81247
59774 42033
81011 72318
62516 40346
54905 10534
84998 75459
34874 65692
25755 84949
29464 25548
3199 42181
28935 39755
57836 40122
68770 63497
13201 73906
49477 37772
36425 52733
3372 4485
10538 25951
3594 60023
35395 54010
58163 9228
77883 36147
75882 38841
76484 45033
49464 44941
48170 1428
573 26471
46405 19909
83990 19403
74917 84288
83729 82930
82516 14375
42606 10003
31530 17709
19169 14989
22778 80565
85573 50782
27731 13011
87348 38705
12948 67071
69406 84020
6283 41126
30257 33690
38562 27676
22938 73261
22760 72403
30998 83931
52100 32621
36394 16656
43280 57496
51347 59291
84798 15911
29287 44790
53197 22481
40870 60183
24884 5511
9612 87446
18035 39394
47680 63750
46463 62522
26984 23992
22369 30656
17885 6167
28495 63797
11621 28113
32030 15961
57024 58791
47626 67650
86697 34039
54755 6055
25325 84246
8891 214
54013 80544
63051 32705
16990 26529
13717 79880
802 36534
18805 42091
12248 82766
1743 66041
63136 48013
42129 70692
16662 46266
82386 40513
39648 58100
28611 74941
15572 61220
84234 21514
74636 24789
26708 12550
81933 82363
55801 44377
44528 31213
53840 72811
67186 54576
25209 5215
76926 44829
11427 12753
30864 2837
43654 24247
79966 10248
66400 29451
33139 80937
62931 3433
16067 25539
35571 4393
36384 68569
9059 26104
52694 13530
10755 83720
30441 50455
11374 25918
32190 9138
10793 53866
15838 9957
23691 53019
72114 32404
9803 13677
86427 81131
83251 78720
69278 54116
84588 78156
27446 72681
13827 56995
4483 85685
6247 21255
4070 73292
6471 71032
86110 3816
63712 75166
60019 74194
66756 68388
2902 24885
49088 80283
7527 61898
1505 28376
4630 65953
59946 34718
58995 21763
46340 41178
80672 82127
79827 41813
4195 36456
20232 62450
9531 16708
37336 42480
57880 12668
38164 556
84279 54932
31098 42034
50427 82994
63348 31209
14215 1611
66787 67565
890 60102
50966 4008
62730 79668
64039 41238
41359 64061
55617 16997
3138 58432
46664 85585
78307 82282
21941 11022
82395 75315
71383 13360
41727 53661
15155 50374
62704 28152
8178 34249
25486 21029
44856 87200
35640 50882
83650 15624
18314 1816
34409 1297
7866 14964
42817 14740
44894 41291
86959 77454
41038 48929
22430 17896
2777 43999
22643 41807
19193 48409
15750 19026
24500 65416
23569 27073
1398 27988
68148 25973
70095 79432
10485 12406
74607 85572
54393 29470
58374 50283
14037 79806
67339 32705
51110 61972
87288 80590
80602 54431
12735 23814
84407 81098
23229 75003
54170 62097
20548 56248
28977 50780
568 16061
48721 47402
40467 8291
29355 56760
31524 27445
40699 1585
80643 43038
37841 14585
53805 7928
66968 67733
38042 25527
44107 20019
56265 24546
83886 31267
60969 29554
35859 29193
1820 65557
22678 25
35582 30672
15827 72723
11506 6938
34375 29936
6578 10169
