20 190
16 7
16 8
18 4
1 3
15 6
9 20
15 4
20 16
4 14
16 6
2 9
8 6
2 8
18 19
10 5
8 10
17 2
5 18
14 17
16 17
7 19
13 4
6 12
19 11
9 3
13 2
3 14
20 7
10 14
20 8
4 5
2 18
1 6
3 2
8 4
17 7
17 4
5 12
15 16
4 2
18 9
16 2
10 15
11 9
1 5
15 5
19 4
2 7
17 8
15 17
20 19
3 6
15 7
7 3
10 17
9 7
8 15
6 11
19 5
20 14
17 11
19 12
1 18
8 1
13 14
19 3
12 8
10 6
1 10
18 15
19 9
10 18
11 2
16 3
12 16
3 8
20 2
18 8
14 5
11 3
20 13
16 19
14 2
16 14
18 13
3 18
17 19
5 6
1 16
10 7
20 4
11 7
17 12
17 6
6 19
14 7
18 11
19 15
9 5
6 20
4 12
20 15
16 4
5 2
11 14
12 15
10 9
5 3
19 14
13 9
1 12
4 6
17 1
5 11
11 1
11 15
3 12
6 13
20 10
12 20
5 8
8 9
3 13
4 3
10 19
1 2
6 9
18 20
6 14
20 11
11 16
2 15
11 12
10 11
13 17
16 9
10 2
7 13
17 9
9 1
1 14
7 4
14 15
18 7
13 19
6 18
8 11
4 1
20 1
4 11
16 10
5 16
18 14
1 13
3 20
15 1
12 18
5 20
12 2
13 11
4 10
3 17
1 7
13 12
13 15
16 18
19 2
5 7
17 18
14 12
6 2
9 4
5 13
8 14
10 3
7 12
12 9
13 10
7 8
13 8
5 17
13 16
8 19
15 9
19 1
14 9
10 12
20 17
7 6
15 3
20
10 17 14 16 5 12 19 1 15 18 11 2 20 8 9 7 13 4 6 3
