20 190
2 20
1 17
13 9
16 17
19 5
18 4
3 14
14 12
9 11
14 19
3 9
7 14
16 1
19 4
11 1
10 11
7 13
18 15
12 18
2 19
9 2
16 13
8 9
4 5
6 19
18 1
8 15
5 17
14 15
1 3
18 20
4 2
18 16
6 20
15 19
12 1
3 8
20 12
9 12
6 4
19 17
18 9
15 12
14 8
11 15
7 9
18 8
8 20
13 6
7 19
14 11
4 9
6 9
16 8
14 17
6 14
7 18
15 2
13 14
18 10
2 7
7 1
19 13
13 17
2 18
20 13
18 13
3 13
15 20
3 17
13 4
8 10
1 8
3 12
9 16
17 11
4 14
13 8
3 4
6 8
14 10
19 9
16 7
16 12
3 16
10 17
9 5
11 7
10 9
17 8
20 7
5 20
17 12
1 15
20 9
4 15
9 14
6 12
8 19
10 12
16 5
6 1
12 13
11 5
8 4
6 17
11 16
7 4
12 2
10 4
6 16
12 7
14 1
20 11
6 7
15 7
6 18
5 12
4 11
2 11
16 4
13 10
14 2
12 19
9 1
10 1
5 6
11 6
13 5
19 16
15 5
17 15
3 10
20 1
17 9
20 19
15 9
5 18
16 14
6 10
1 5
20 10
11 3
1 13
11 19
15 3
18 17
3 2
1 19
3 7
7 5
6 2
2 5
5 3
1 4
17 4
2 13
2 10
13 11
14 18
11 18
14 20
8 5
7 10
15 16
2 1
15 13
18 19
10 15
20 3
8 12
12 11
4 12
3 6
8 11
5 10
10 16
3 19
16 2
6 15
7 17
20 4
17 20
2 8
19 10
20 16
17 2
5 14
3 18
8 7
19
16 3 18 9 1 4 11 6 8 7 2 12 13 14 10 15 5 20 17
