20 190
9 18
18 3
10 13
5 19
15 2
13 9
14 16
7 8
8 12
20 10
5 6
3 7
2 7
1 16
1 20
18 1
5 12
12 10
3 17
15 16
8 9
14 15
4 3
19 14
17 19
11 9
20 5
13 11
8 17
9 16
3 16
11 19
3 5
2 1
20 14
14 17
13 7
16 10
3 20
17 15
19 3
14 12
18 5
20 12
3 13
12 2
4 8
14 9
16 11
9 20
17 16
6 8
12 17
6 15
15 18
19 7
7 1
3 15
14 10
16 19
18 14
2 19
15 19
3 1
12 1
6 9
5 16
5 4
2 11
20 7
9 1
19 4
9 4
14 4
4 15
16 2
1 11
7 15
5 17
4 10
2 8
17 2
11 12
10 17
17 11
20 17
16 7
4 11
10 2
10 3
16 20
14 5
13 6
17 18
1 13
6 16
3 9
2 4
10 11
13 12
13 19
15 10
13 20
18 12
6 4
5 13
6 1
7 12
6 10
12 15
6 3
11 15
4 20
9 7
18 13
17 13
8 18
8 3
12 9
10 9
1 19
7 17
6 19
18 4
7 10
6 12
20 6
12 19
12 3
19 10
6 2
4 16
16 13
6 14
17 9
14 7
14 3
11 7
15 1
15 20
11 5
7 18
1 8
2 14
1 4
1 14
11 14
1 10
5 10
13 15
13 14
19 18
19 8
8 5
2 5
8 16
8 14
8 10
3 2
4 7
16 12
11 3
5 15
9 5
13 8
4 13
20 11
5 7
1 5
18 11
2 20
2 9
15 8
17 1
11 8
6 7
10 18
18 2
18 16
11 6
20 19
4 12
6 17
9 15
20 8
2 13
18 20
9 19
18 6
4 17
20
19 7 15 8 20 9 17 2 3 18 10 16 5 6 11 1 14 12 13 4
