2000 5000
1715 1268
1703 1634
1597 353
1027 350
1327 488
1935 1093
1868 1767
1140 824
482 1920
341 356
1091 419
1399 683
1658 1900
1359 210
108 719
1049 450
595 912
479 707
1045 864
42 690
383 1408
1508 90
399 25
1906 1791
1365 962
933 610
1549 1339
672 255
731 410
644 120
1131 1618
319 449
1189 1215
203 1407
1676 1153
1236 55
476 1060
1386 501
748 1159
1384 328
781 692
191 909
1604 857
849 1079
155 1992
19 377
708 655
1078 493
1114 1967
1503 113
1295 387
1531 444
650 75
1133 1475
84 800
824 164
301 707
1195 247
1752 1005
1866 202
632 101
246 758
823 766
1239 363
686 1763
197 305
1487 928
1598 1850
1992 1868
511 200
177 46
844 982
1947 178
1697 1241
303 15
1461 86
92 503
475 1
1712 163
1847 1921
1332 1347
1653 13
1821 1666
1324 555
1522 1406
61 1181
1468 437
496 1680
316 428
1103 1589
1289 471
1496 1756
674 1801
1276 867
1752 181
1509 1407
338 811
1353 977
182 392
914 656
747 195
1604 1156
1157 130
1945 1022
1298 158
1051 1196
1050 305
22 353
1818 1501
1303 815
962 541
878 1077
1213 943
359 645
602 522
140 464
1496 1629
756 1907
115 1843
965 322
766 845
1577 1366
1659 1765
1884 636
1053 1698
635 1745
909 1490
1094 561
1004 13
6 461
938 810
56 760
1769 70
1563 1009
1283 1114
283 1564
934 1348
824 378
177 629
1856 1721
695 1742
1142 1088
197 1794
1609 315
1328 1638
393 278
32 1905
1490 1422
1052 995
298 1226
1120 811
61 1201
1560 791
508 354
1769 58
765 1141
787 1267
689 613
964 1365
454 157
1821 227
272 1586
255 974
1359 1328
258 1477
748 711
1196 1066
1383 100
20 50
1238 1729
1115 1641
1316 1358
1216 1093
890 309
77 224
681 1967
1397 1758
1341 489
1712 1384
206 1224
15 1254
663 1670
1715 1817
209 1586
1593 1640
1892 1111
676 343
1485 1133
224 1052
1618 1215
634 85
1011 456
1579 1113
419 1735
275 1821
1403 1449
1827 1979
321 803
1479 1253
687 972
289 677
1925 447
391 1949
863 591
1541 1036
1326 1465
1394 1677
1599 481
1879 1786
37 850
1062 271
333 1084
1151 1762
857 1189
1144 956
336 502
167 6
1516 185
1279 415
796 1401
682 1298
1346 1634
1360 1457
897 1248
1398 1112
1262 1306
222 371
81 515
676 286
1306 1715
1775 1384
1141 388
1171 492
1570 1619
1695 1641
1557 843
1536 580
1082 772
1271 470
859 182
1939 947
1842 1995
1268 1397
523 11
1419 1353
512 1907
1092 1244
1670 916
114 1619
497 1015
1944 322
918 1987
658 308
1704 1912
419 602
1572 127
1525 1774
1939 1597
1429 204
996 1281
1004 756
1009 1545
956 367
602 938
1816 637
197 1937
543 1518
1478 1921
299 1506
1489 1481
623 1492
1993 150
874 781
937 1525
1591 436
1626 88
1799 1415
1732 1475
1183 1688
1855 1789
842 1106
1330 799
891 1818
1546 147
1639 1203
1153 1895
1637 1864
1062 1375
1846 1551
646 1742
1910 1737
499 1682
1085 587
419 351
1935 1144
1617 1479
1964 113
292 1059
902 1168
1240 723
266 550
1437 1747
1487 216
1578 1679
84 1366
226 1296
516 898
815 1486
106 293
1960 713
420 1265
853 656
107 735
1522 1725
1343 1019
1730 716
1130 728
1157 230
1335 41
701 1260
124 966
675 720
1920 131
1104 1834
1296 1050
522 78
933 260
1484 1096
1971 645
317 606
837 1965
827 859
1195 751
823 1403
1515 797
340 1555
1231 801
603 487
862 761
1770 2000
1707 849
301 192
1745 563
1855 1215
1822 1387
226 843
1884 1608
269 836
1 522
337 200
1419 1872
530 1660
1839 1873
1043 1141
59 1822
1968 361
1046 1315
138 960
1286 1054
288 985
107 1496
1829 1720
1351 988
869 1396
874 1395
162 1651
1053 1793
1986 182
531 1510
1418 926
807 1707
718 1939
1707 1953
992 1700
370 62
1671 1948
85 1522
1441 1217
1706 1838
1863 643
724 1683
1068 1719
859 1144
681 59
1326 736
1513 461
1460 215
590 1476
227 785
520 613
1764 1932
416 220
540 1853
1889 790
325 402
187 1804
1286 987
1917 934
705 583
214 1823
1564 893
1778 1036
1447 672
1601 1171
1224 327
89 1385
123 1316
1608 1950
1685 1989
1259 1599
518 297
635 209
941 492
248 775
794 34
1620 951
118 1737
945 142
141 1067
144 524
1084 1287
1022 737
518 638
135 191
1025 1816
911 1593
1430 237
34 1169
266 1731
783 679
1937 838
277 644
1185 600
260 1889
1581 1651
1043 757
1344 1903
784 136
1121 1452
1707 893
1469 1561
300 1654
745 1095
1888 1870
1390 206
1477 1564
1378 1278
478 1748
1631 1483
717 990
56 904
1033 673
997 1877
1939 388
1710 645
51 533
1581 1099
841 385
215 623
422 650
1570 1588
890 1722
1818 1916
1894 1391
31 1083
1704 474
1499 331
1449 1772
1396 1551
972 1680
1773 1559
1825 254
1217 1734
1775 1011
41 1350
969 657
915 565
1001 32
1253 1286
1260 1453
1692 998
788 1433
272 98
310 298
394 951
1648 1391
991 108
1630 18
109 1770
1207 442
1540 948
842 851
80 693
641 434
1822 535
1821 1325
1311 1451
1694 1997
1472 861
490 452
1410 1107
1628 1643
1371 1929
148 1378
700 1926
1192 1723
1662 546
93 844
1003 330
591 196
1433 670
459 1577
895 1219
991 594
43 1519
1622 1133
1393 1404
903 979
454 268
373 1172
1746 846
1636 1775
94 391
1685 1947
1275 822
102 1058
646 616
1081 56
1503 415
779 1980
1549 1431
557 1204
418 22
1086 1776
1333 1391
976 137
840 32
1974 1552
426 483
1177 863
283 1300
1028 1437
1821 620
1336 572
77 1180
916 313
1127 785
1148 1772
1803 577
1234 123
1729 279
691 605
1129 564
1871 919
884 538
387 1830
1562 1693
397 1195
1062 1470
1881 839
1115 214
1138 1979
420 1219
883 781
809 610
1367 1671
206 1849
1014 1174
1473 874
1800 462
1061 1698
1142 1450
895 1087
138 288
879 835
216 82
803 964
1701 1827
949 1672
1174 140
1950 995
151 1202
365 706
382 550
1423 129
249 886
1738 876
1150 146
186 1338
1309 27
1695 765
1408 1402
1725 1581
272 800
1940 935
1106 1564
1500 1613
528 1922
1448 272
654 1663
1150 767
1000 61
145 1690
1135 1932
1351 272
664 1231
772 136
768 1196
462 1328
846 1868
690 1012
1056 1627
1050 1538
1628 948
491 45
1773 1145
1334 60
1790 1373
10 155
1129 1926
1863 391
820 1694
877 1356
1716 154
478 906
79 1176
416 1681
551 5
1913 1684
1074 900
471 1630
178 1909
98 1181
1006 1164
615 1355
369 89
1827 432
1720 618
174 1260
103 92
473 1450
724 1341
992 970
912 1871
822 914
1104 115
1887 834
1143 1056
1751 1649
1400 465
522 702
613 569
1804 1223
33 1275
1381 406
1073 1404
250 32
515 1873
1385 1063
444 1606
1064 394
205 1490
1279 935
1473 239
1561 1290
1907 198
1477 1452
1396 89
1621 633
1606 1305
145 1615
857 1336
1238 1704
238 522
9 255
834 65
1678 1276
1170 1855
1888 1157
1085 81
114 864
688 1858
1391 1735
820 1105
158 1390
1934 594
54 1526
1391 1673
706 1913
16 582
1631 565
394 1440
936 1252
1110 463
1555 1400
1430 194
578 731
962 1782
1738 1488
1580 424
647 1166
20 614
1271 1099
1345 492
1969 1372
978 1711
796 1347
479 915
97 1104
885 1912
1378 1219
845 1629
1533 1704
637 1052
1429 540
487 1926
2000 90
1509 1945
567 1211
998 643
788 1064
291 262
390 918
719 241
698 1023
470 964
1900 300
1061 128
1372 1941
923 1463
1863 1004
344 1570
186 717
800 870
1373 1403
1613 1201
1995 1902
238 790
1232 339
1768 1596
642 1732
1861 442
294 1824
1453 290
1096 1940
167 60
206 1231
862 970
1458 360
1197 677
1666 103
1950 1499
1992 1838
633 837
453 1409
1484 18
1388 930
33 1508
1403 183
823 1642
1338 741
1809 765
283 1272
1910 175
737 314
1566 1298
1373 307
1573 1126
1769 825
1692 1483
1146 1552
1516 819
728 1794
807 1696
257 1910
592 192
1165 1052
1317 1840
1787 800
1956 167
376 1162
277 670
53 1055
1111 1151
966 882
1863 1641
662 1349
135 1830
550 629
1548 1847
1446 1754
1003 616
1380 883
1219 196
1588 833
1103 688
1203 1714
1672 481
623 845
717 1308
1950 1845
1570 1636
788 904
1519 391
220 1214
1843 578
1640 874
74 255
1505 381
984 707
1697 1338
865 327
932 1298
1636 1620
1732 960
1816 433
1878 352
1506 57
431 292
495 1409
1787 552
1335 102
384 1574
1951 810
841 405
1156 1644
271 831
1804 1704
1332 542
940 85
797 433
1907 1869
794 1043
304 128
434 1239
384 1714
285 878
193 414
629 1578
845 1047
1395 181
756 1986
87 621
1342 1698
638 434
772 1339
1420 506
987 1629
1795 1661
292 1223
1395 1398
1723 175
1219 1496
1170 619
1784 477
1567 1950
187 1169
1535 376
1166 1318
845 1901
1244 784
9 1023
881 99
131 685
1320 1556
187 1213
1456 378
1895 1889
1495 1245
1050 581
737 877
363 1030
1995 154
106 574
1066 492
1335 784
1717 1503
978 1874
1793 1974
1326 1393
438 1468
1841 1109
122 1553
1810 191
183 436
809 437
642 1529
404 565
1038 741
1925 1067
820 655
406 654
1083 1853
1474 182
223 79
235 837
899 1665
1684 1409
55 461
1066 624
904 1049
383 1554
514 1097
1215 561
1440 78
1365 583
956 849
1183 1560
896 1023
909 1892
894 1430
1368 1491
18 1375
433 1018
1663 1762
645 1410
1425 852
1897 1529
1489 267
187 1745
1022 827
1640 488
1197 1659
1816 813
1213 97
340 1628
1243 1716
584 1384
80 751
278 606
244 1773
1762 597
870 1039
483 1239
616 65
1435 1973
255 287
645 1871
1813 1851
982 1025
504 1891
1578 718
1559 425
611 1902
1516 1127
462 1059
1613 791
1850 1244
1474 349
830 1947
129 613
1828 959
471 838
659 871
1402 1047
1010 893
99 941
16 1331
590 1446
48 561
1740 1079
1710 38
153 1250
1571 1044
235 970
259 1315
353 609
1038 510
184 740
247 1517
311 194
1125 912
820 215
796 413
1099 1591
232 1451
242 297
1110 725
1102 1745
1947 1941
1284 190
648 565
1324 22
208 263
525 1040
1952 205
1816 870
1010 1389
810 1947
460 1594
231 345
1201 284
222 938
316 941
643 1369
1770 649
1822 1284
1712 1546
1459 1242
1076 1849
748 197
806 1586
300 354
1698 1004
86 1911
480 682
266 447
1652 910
418 401
994 543
1575 1186
1776 334
1145 1741
885 1729
150 319
96 127
1417 272
1714 1999
676 51
1299 220
811 1638
1032 671
1647 207
1490 1175
463 679
1155 1444
1580 262
83 66
385 1504
671 897
1311 609
1494 249
583 837
1564 945
1575 1841
262 81
1592 1476
77 1932
379 927
689 1435
235 964
1247 1456
1704 1813
1541 248
1341 1166
807 1343
1335 1729
781 741
1751 835
1424 1145
621 1863
130 895
52 1251
1404 406
1478 172
1784 1379
693 48
1003 1548
1687 442
355 1734
1333 308
1544 1554
850 1801
991 535
1012 1016
841 129
1307 944
134 1629
1321 1908
153 1414
836 262
437 696
736 806
1109 1129
1760 150
567 1683
481 1514
124 651
244 216
1351 508
1073 1292
981 824
568 1779
1338 1645
675 632
1202 122
335 819
1760 522
1056 1218
1833 210
507 994
234 889
1914 1707
1868 1887
777 1739
271 1234
1225 961
1262 1342
1752 1662
1839 526
799 371
615 1115
559 561
1057 997
414 1359
1386 937
1472 632
459 234
1314 1421
1811 68
36 1490
1743 713
92 423
149 1298
526 433
886 987
682 860
68 248
1841 435
1422 96
1317 1548
1886 829
952 1798
522 567
1804 205
688 1292
1656 1089
1837 847
1826 11
853 181
1364 1993
534 1814
244 1037
240 711
25 1106
327 372
231 1032
1377 550
1994 1028
211 1118
158 75
886 59
118 1427
957 377
1627 1080
942 663
662 1454
1848 293
558 138
900 1827
1517 1090
1288 1245
424 254
534 1915
489 1069
1910 272
866 1913
428 447
1164 1581
841 1883
1396 1728
1691 705
745 1878
525 134
211 411
480 537
728 411
926 333
1028 395
1167 1225
249 974
239 305
437 357
639 967
219 348
1768 1224
64 422
971 1760
90 1975
179 1015
920 713
733 1609
342 1390
1115 1978
1332 1790
525 968
1283 1525
230 80
661 545
1502 35
348 1231
697 1437
1682 337
1941 1393
1449 1901
1353 1135
304 1723
343 1271
1787 1016
628 175
1346 1512
124 1862
1945 1729
44 1881
1380 1111
869 1770
204 1011
851 808
151 1207
271 1809
346 1293
1397 191
1470 1968
1349 1696
1350 1777
981 96
953 1021
1581 1252
1303 1593
1267 819
831 141
659 1387
1989 382
1762 1235
1327 1328
1118 207
4 110
785 1087
842 1955
1734 1819
71 1953
1961 1960
1252 745
1106 59
776 1234
861 759
1726 1239
41 1231
1853 1155
1195 387
1932 1526
1353 832
1189 1533
1075 1471
1793 1629
1022 1773
1125 242
1490 1479
1162 1218
1065 1307
202 1055
935 562
932 549
784 381
1550 1010
450 420
1807 1958
1556 1162
1763 1098
189 1821
719 474
809 267
1730 1945
1784 174
187 1060
1112 1440
1606 308
1206 1902
832 684
1336 1746
1016 1366
995 633
116 1744
1490 8
446 539
1279 833
321 374
1394 752
699 1262
1506 1323
1708 1590
1389 968
257 1786
296 1835
862 885
1085 235
1485 85
1970 18
781 525
1398 1988
385 99
1842 825
1308 161
854 312
1728 920
1686 1605
1564 252
846 1925
222 1324
669 1995
768 530
1172 1638
839 1368
311 98
1403 1207
57 1832
1400 268
326 1015
444 311
469 1157
38 1672
1918 714
997 356
1953 892
513 1124
617 1134
1987 151
758 1968
1831 1161
299 969
474 228
1711 1781
774 90
949 1131
1323 612
1235 1669
1505 288
418 806
605 966
829 699
1690 1660
1039 1588
501 1186
439 1515
1905 1463
116 242
824 1620
87 1270
1696 169
100 662
1667 1082
1226 1968
408 629
1141 274
368 1459
440 590
91 1880
1583 1172
1750 989
600 1983
1391 391
246 395
467 1912
1989 1698
250 447
1431 1039
1784 1117
455 1810
53 872
1666 362
1137 1160
1312 311
1529 767
657 350
1833 1186
1163 1053
223 1657
417 1690
1398 1727
1436 1650
1379 1661
1799 1870
1368 1505
863 1040
1609 1264
586 1750
653 1558
1429 141
1637 60
1279 731
1224 101
12 1048
932 865
1576 324
106 851
1090 1913
723 681
1159 409
1155 1077
1791 1901
1087 578
533 774
1713 175
1658 1186
832 1986
117 1544
1040 1098
995 880
1819 313
1905 1154
982 1323
971 266
1026 1576
1992 199
1605 105
1261 1966
1419 1314
1474 1867
1758 863
522 1470
705 1423
249 696
1321 532
1854 1837
1516 972
515 1994
1058 599
1904 683
752 12
325 1023
1898 1509
106 1170
46 555
1933 253
29 121
789 421
1796 515
1275 991
129 501
1708 491
1735 1634
242 542
1182 1009
1831 890
1897 1332
1756 1657
848 201
116 1082
1933 1611
110 891
1278 1039
158 80
1996 1267
1805 1462
1657 1340
1096 373
1466 857
864 89
201 1337
1518 541
192 318
243 540
1974 1325
1571 1247
1725 1393
955 461
1119 196
1376 1954
274 1958
804 1301
719 1008
226 1110
1044 772
1708 623
77 1460
855 505
1601 1538
1139 1234
528 1256
622 862
1088 1935
800 1439
741 60
1329 141
389 325
99 1214
544 69
894 1432
1083 270
1306 617
216 1920
90 1422
1256 1150
1502 818
1358 81
265 363
546 1361
1534 1642
803 493
1712 832
558 1916
399 989
1376 1269
211 1326
1927 1364
1149 1739
728 969
497 1727
1422 184
1183 1078
1940 1457
1002 922
1261 287
524 650
1858 1906
1541 776
1101 1705
1351 590
772 1176
418 1364
1673 1603
1870 192
574 727
32 57
762 310
528 1788
36 857
1860 1194
228 687
1511 511
1040 879
818 1520
589 1855
1745 546
169 489
145 1812
1369 1185
561 1770
465 339
913 1455
1723 153
1840 1123
790 624
1276 1219
1533 1639
244 846
10 219
1949 98
1731 1759
890 103
99 1738
1522 1767
1533 1194
731 491
1404 351
1869 1790
968 508
665 1553
1834 1909
1905 1175
1159 617
51 1819
424 939
1539 849
910 1144
1882 1521
1807 696
1769 61
1357 97
472 62
1105 1204
243 849
137 1396
1215 42
1981 246
1884 1963
277 369
632 842
650 1511
788 1201
1548 649
957 75
395 1443
135 1877
882 1637
1342 1855
1346 1161
658 1996
1969 1797
853 172
1431 183
571 994
1702 1295
1565 534
822 657
1521 227
354 1002
855 1650
1468 619
1173 1092
159 1712
649 1998
1250 1201
380 1030
47 450
1680 1832
1068 865
1738 638
1357 1756
1677 1339
1567 118
1012 1423
345 851
730 1168
437 929
572 1848
708 627
1228 1863
48 1717
100 1637
1176 278
1824 530
1245 1262
885 323
1556 1867
1405 368
105 99
1982 439
419 481
388 1315
1681 1226
1881 849
582 877
918 1823
654 418
1585 1362
1562 495
345 1188
716 1739
1805 1903
1827 136
1712 840
1266 908
1595 1198
1462 1824
701 459
816 410
286 1028
401 221
1613 1962
1334 54
231 52
581 28
1098 161
1441 696
1311 1228
155 1474
467 167
1116 877
653 661
1715 1564
1817 1888
1453 1224
1934 800
1179 72
91 168
1530 961
1709 1392
84 1776
1813 17
1299 1989
1091 1123
1429 1985
1016 1627
989 1429
1267 1310
424 375
299 925
664 420
1839 48
247 1930
1014 1251
808 1736
405 410
498 1442
1127 314
1116 698
512 465
962 743
913 404
1089 1162
349 457
809 1582
1256 412
1128 65
196 1888
286 751
1429 901
472 1145
193 1526
742 1501
1875 1469
1655 719
882 665
920 1029
942 999
1794 831
493 320
1119 1440
562 1546
1492 1182
1616 641
660 1287
37 653
1020 1493
1282 142
804 978
1278 1873
182 486
673 276
1443 1627
104 447
814 1281
1608 68
1696 1097
1845 910
724 456
298 986
935 166
33 1193
447 1153
758 869
617 1710
536 265
1468 1704
191 1697
343 1978
115 1749
120 1450
1138 983
811 81
387 163
170 527
154 1202
1399 1689
1053 611
1204 881
1420 778
676 292
1150 568
839 882
192 1844
1296 149
1933 1007
1195 1964
1447 509
289 125
1389 1569
61 1020
1212 1842
1914 1520
867 332
766 742
565 814
1437 1227
1372 1408
670 1356
572 683
1740 177
1051 57
582 1761
732 419
64 930
1027 1175
1237 1538
427 1245
953 1263
1877 922
1441 1347
1763 1599
733 46
1584 1172
654 1749
747 443
103 1798
1066 1292
1423 1541
1926 250
153 366
1107 804
1300 1214
1264 1920
1969 700
1633 298
723 1011
979 1476
1915 909
602 1296
347 441
941 25
614 922
287 1027
485 1587
734 1290
1721 197
511 1761
984 224
1454 808
956 1271
1656 343
703 304
812 1429
986 1254
1504 1447
480 1874
1714 1241
810 468
236 1712
119 548
303 1107
164 249
829 1745
867 748
919 968
456 1288
588 1582
1765 1889
1498 587
902 1047
1467 993
15 1138
1993 1923
1723 1897
924 92
1744 917
81 1897
422 136
1849 797
311 1045
77 943
769 890
627 1754
1556 1740
1905 75
1864 1225
717 790
955 1180
42 1512
335 1466
290 658
25 1220
1749 1964
620 293
381 388
680 79
956 301
262 714
1459 439
468 692
760 1206
1999 1441
781 1267
1219 487
752 798
1440 725
1761 1426
127 1614
1502 1829
60 1386
1190 517
1118 209
473 1967
1923 1551
1894 764
910 26
1895 43
1699 895
1589 64
286 1551
64 1034
961 970
256 461
1285 1152
1484 1569
226 457
346 1198
200 1687
643 1663
166 1171
1106 987
1193 283
847 267
1341 797
123 1148
1008 896
206 1464
70 906
1413 85
696 1991
957 1116
204 1820
1290 1170
740 1385
1322 754
757 1379
389 538
90 1360
416 212
1411 932
832 120
249 1216
1438 1330
1102 1849
260 1139
958 429
922 782
620 708
546 1560
1075 22
1587 206
1303 1864
1910 1534
1864 709
1568 1152
1406 755
875 1020
1657 599
360 75
72 935
495 331
1838 865
1018 308
511 1866
1553 1796
498 858
1649 1183
1803 467
409 475
1494 1938
117 632
1851 1090
282 1331
1662 375
1955 87
401 888
749 271
399 1205
1920 420
220 1212
1437 199
667 1974
1182 1400
175 1628
1459 809
974 1421
1553 1353
1844 238
580 100
625 1191
449 1347
244 980
1038 614
472 940
1559 1931
409 1779
390 1755
678 1078
1564 306
716 222
185 1303
459 341
863 382
150 1537
1031 1423
1057 240
750 178
1423 804
865 124
1173 746
1176 62
356 217
1024 1411
1917 1674
392 1062
536 1845
587 1761
1948 281
979 1782
212 1747
1210 1925
1166 276
1257 907
13 698
1950 1086
1961 261
1520 103
1971 188
1219 202
1188 1917
12 37
1009 1769
1156 1356
1581 301
1871 1517
684 731
385 157
1724 62
603 3
31 1690
897 1960
1745 160
1236 281
663 135
497 601
377 506
1119 1082
167 533
738 1350
479 1521
1230 1787
1296 1941
156 1755
1275 1955
613 814
527 722
1723 295
1459 960
407 5
1031 283
249 1912
162 891
217 1061
1596 1179
1329 970
620 661
960 1610
1158 880
1407 288
1022 102
842 1280
1683 599
1641 967
1635 238
447 313
1399 460
1849 10
1496 1711
325 591
644 131
771 889
205 127
1606 664
674 559
1577 1244
598 695
289 911
139 818
688 2
1294 988
272 837
336 434
1189 1190
1335 1860
1447 784
870 212
390 1880
456 462
1218 1015
111 438
1029 1481
368 689
1406 1932
188 1364
1231 387
1380 806
88 426
712 1843
1361 1469
148 1350
1098 877
1201 1764
383 1595
1437 663
602 526
1747 464
940 809
903 1333
242 1915
423 61
1178 1841
1116 1903
32 45
557 704
241 1279
641 593
1252 515
1718 1204
1295 1910
994 1390
606 878
1466 949
1714 646
24 764
1376 1116
1737 1339
1471 1733
897 1737
377 254
897 1644
772 641
1120 1397
1718 280
1274 1429
1292 1568
1319 584
782 700
1659 1677
536 565
1159 1911
1243 950
935 374
717 115
1283 1107
968 1440
1462 42
796 289
1456 941
496 653
1973 541
587 190
744 1522
566 669
1228 1895
529 1498
1191 773
1183 1656
27 1827
1430 1141
648 112
526 548
54 1798
552 828
1864 1828
1936 595
319 1425
1622 111
1539 471
952 732
598 1278
1930 847
1855 1329
348 1377
201 1879
1135 731
1805 884
1787 1720
1004 1139
1210 831
1145 287
771 266
1500 332
1699 291
1649 66
819 1391
671 514
837 1215
793 996
1173 1705
122 1767
1514 1288
1244 840
1338 1614
237 31
1701 1185
116 315
302 1858
1399 1768
1410 791
1831 1003
751 1286
728 1244
1757 550
1955 1330
46 1521
209 446
622 590
400 458
521 1775
931 1252
1779 875
1353 1648
687 685
289 1868
171 947
965 1529
765 1185
417 1261
1045 1484
865 1498
1017 387
1346 11
362 1723
297 264
779 49
11 1475
598 917
309 1184
576 761
424 1225
1698 102
215 1840
1950 1360
1170 441
463 1983
766 861
426 1606
575 1469
1403 186
1390 1030
151 1011
835 160
414 469
1922 1063
394 1850
1897 1173
1692 485
416 841
764 354
1147 1455
1351 723
1161 1468
1627 828
1765 859
1321 859
210 1450
593 465
1085 294
1793 1843
990 318
543 1336
727 684
198 1683
1696 287
739 1378
978 1384
157 1096
1980 411
1574 792
1436 1125
881 319
1765 1989
1911 910
1007 1669
637 1759
1337 1574
1618 1928
736 1101
277 1904
1957 1381
738 1649
1426 1312
526 233
128 63
958 726
114 794
531 488
477 192
65 1708
588 1652
1884 1945
684 438
1574 1629
1376 205
1537 1852
275 403
385 248
1919 1847
465 1344
1718 1161
1747 1164
298 889
415 398
1695 1481
1545 1680
1675 469
1343 208
669 329
1254 227
71 548
830 1909
276 630
1235 635
591 1528
1823 443
99 570
1252 53
1223 1419
1289 311
5 461
1286 1374
701 165
1139 873
526 1159
257 885
1414 530
1544 1240
1673 1548
1303 472
168 1927
224 1888
816 1317
973 308
1395 489
1598 780
223 1388
1270 118
1174 167
469 1542
991 1097
1617 174
1421 159
403 1929
341 13
385 1859
154 726
1571 1481
628 1628
1043 223
1787 363
649 73
112 1921
342 1287
2 67
15 710
1685 1316
1649 190
1499 155
336 1878
821 1260
1351 78
526 885
206 223
355 731
540 901
1141 465
988 844
1586 15
911 1943
171 132
590 1519
903 83
557 701
1132 596
1676 1854
916 1012
1263 681
1878 1116
1215 1527
1928 1508
1030 1379
1512 21
1100 378
527 1542
145 159
292 1080
294 1628
1437 1024
266 1873
1664 1781
1950 719
603 1886
573 400
974 607
334 1077
1023 776
802 754
1720 1883
597 340
135 408
245 1326
15 1005
1223 442
695 509
403 658
700 284
1845 243
479 431
1416 1419
591 476
865 1598
1006 1539
78 733
1104 1437
1240 124
963 1788
1102 172
1431 611
980 237
759 1371
1594 247
102 683
1862 344
199 1113
398 1994
879 381
1136 1037
628 1828
1766 1692
313 343
637 1384
1623 1149
4 14
477 439
330 1933
730 185
1376 1512
311 1439
546 137
819 1139
13 536
1740 712
854 1453
427 1806
831 855
799 925
1955 954
1452 152
1833 1737
1706 1314
89 1301
927 147
1601 260
580 1280
1712 697
1462 1696
570 652
109 1881
459 46
1489 719
968 1789
1463 877
190 916
1219 1298
1012 1900
1022 822
1446 1253
526 1242
1725 1092
343 1163
442 181
646 677
1732 37
210 219
781 389
1564 1988
318 69
1322 1810
585 45
289 952
1406 126
140 28
1825 1517
1611 861
1356 1778
1758 1965
749 1874
489 1867
1762 414
475 834
996 1404
1516 1012
1910 480
1765 1715
1938 474
63 1157
1337 1042
1773 1068
1901 956
647 499
1698 1851
590 891
1888 344
1184 175
95 267
1794 1890
1085 1426
602 223
1722 121
1910 1902
266 397
1852 1624
956 1655
862 179
315 80
1572 1671
1761 503
1748 1720
1705 1119
508 182
407 1327
1443 402
1683 537
698 586
1678 1278
123 628
1557 1132
1350 864
1235 1011
1807 721
828 1692
998 189
1668 573
1690 1617
65 1937
764 995
1027 862
451 210
480 115
1144 1327
1218 1044
708 691
887 408
1162 1259
200 1778
1987 1207
642 1004
1927 803
782 1726
263 47
689 786
1980 1290
1890 1402
1714 1062
1450 573
547 685
1468 1307
1707 1826
118 1748
652 168
965 630
1430 1172
462 350
1483 13
1850 1387
73 32
1485 403
146 650
14 30
435 1815
776 1158
1550 1422
1150 896
1562 932
1359 109
1777 1118
587 1578
444 1042
1059 1575
18 1201
792 1477
651 720
224 1031
1443 816
952 625
231 1840
910 1999
1934 868
220 831
1989 1509
820 66
1768 853
816 621
596 1535
723 1222
924 775
717 1755
1289 429
1148 1699
297 835
975 1398
1996 124
1667 1805
1863 855
1578 669
1768 1805
633 513
78 504
468 553
1713 1593
1217 1145
1560 1790
563 873
212 1499
1471 935
2 1044
97 1413
1946 1444
410 353
968 259
267 546
1590 40
1989 1746
548 64
1548 646
1379 1873
67 342
386 351
1264 640
849 1404
824 972
1413 1966
1561 875
1932 1180
687 1788
1005 671
1259 1660
690 1585
228 1344
286 1914
554 1554
76 1618
199 990
1354 157
667 753
1600 711
1263 1825
685 136
1739 385
239 604
585 1916
1551 1021
754 927
229 30
1218 734
921 1959
338 234
1970 35
617 1456
1467 1047
209 1531
1964 964
1840 1974
368 130
1090 856
836 302
910 321
503 1645
1914 502
1932 1806
1631 1632
1769 1042
1901 515
1497 172
100 885
1648 1576
1763 1970
303 642
1765 932
862 979
1930 1843
1127 372
478 1749
777 601
404 598
602 970
1772 1354
116 403
1202 1952
1920 1606
1684 279
342 278
1381 572
309 1568
1320 477
1524 186
24 545
858 207
813 1425
1773 1986
560 583
13 1765
242 1
320 281
1732 431
31 248
990 1375
479 1813
994 114
1372 347
956 456
351 551
1232 822
1341 406
1361 317
482 1245
338 181
26 1120
899 438
1833 1969
420 1739
1252 1569
1249 1630
1659 1138
451 1736
1917 1549
547 1063
1780 169
160 1902
628 1964
733 669
1722 1992
1781 284
1403 1400
198 823
101 533
1679 965
1079 1445
1786 1829
748 353
385 1963
357 1203
1508 1671
410 959
1894 1576
753 1752
809 587
410 1384
453 1554
321 944
735 1251
122 974
168 1990
1926 1315
1948 1144
43 1873
1117 916
35 193
120 1943
1860 1722
1931 981
862 1405
854 484
1304 1677
1635 1235
1969 255
289 850
792 922
1548 1514
933 1125
1737 1818
1389 1599
433 1494
1929 736
1642 100
1748 36
1449 550
1780 1969
1759 1058
1366 1057
960 1652
388 880
1123 974
284 1327
609 1358
1533 1182
271 401
1412 1920
736 191
675 124
1454 1520
1663 483
1136 1441
412 90
1603 246
1289 641
376 519
1267 976
376 1852
16 199
811 1376
247 127
1863 1900
932 1512
478 1921
69 79
999 1128
1038 1051
86 879
1122 979
1870 1653
1881 1986
1585 615
669 759
800 1859
384 654
83 1993
1598 961
1246 793
90 1746
728 1716
337 774
155 1637
1750 527
287 1323
412 1223
1085 519
1081 465
1136 610
1641 1541
1710 1849
1397 1878
244 581
204 600
1612 14
1353 680
1563 900
1556 341
1058 1725
2 1871
330 972
130 1389
209 1865
907 305
453 1497
1319 627
1609 1402
1078 1386
1327 1093
1049 1730
1736 791
727 107
1144 722
648 1425
1037 418
857 329
985 115
790 1376
1264 1455
130 1588
1528 1303
1743 384
359 192
1893 79
311 1313
1461 905
529 886
1232 1347
1617 1087
801 617
1383 1868
1129 186
1437 578
727 1846
1963 1235
677 1487
40 95
1519 102
610 139
1262 559
350 217
22 1561
1693 1869
102 1311
1706 484
54 1387
1546 693
708 1073
1405 426
397 303
25 1974
1410 1395
1065 1239
834 1069
1128 882
510 246
133 1493
177 562
1265 1647
863 1467
1568 1417
1974 383
1501 196
1624 855
1893 1037
559 1225
724 504
1667 346
1727 306
515 412
135 1091
1911 622
953 910
1192 968
226 819
1403 1265
1555 321
1837 1438
1145 1790
350 1474
773 1387
1672 311
1562 1736
977 431
82 1919
974 1581
1235 821
1677 70
629 1624
1887 956
829 1806
1077 1300
1493 659
1102 397
135 863
924 602
27 710
539 1922
102 1460
1138 758
1903 1037
1806 259
1791 212
199 1582
851 367
159 474
728 917
1578 522
1982 339
68 315
1220 1231
544 1373
1630 385
1067 87
944 1990
475 968
611 840
66 1390
1369 1792
70 318
1391 212
98 1663
730 1299
311 692
648 1691
1832 1218
1466 836
765 1826
1068 1797
565 1570
1533 838
317 1840
791 94
1668 90
780 1130
1866 477
550 688
1519 674
1631 1203
301 824
1745 95
357 959
1253 894
1201 1450
1128 917
640 1141
242 1569
1680 1293
232 950
1594 861
597 1396
1447 867
464 1077
324 1083
445 1539
1870 1922
1917 830
879 842
111 1857
983 1444
218 1134
408 359
1297 1633
1826 1143
1807 1005
1449 148
443 1399
1595 854
1903 528
148 893
759 729
61 1934
69 296
634 1778
1227 103
1288 1329
955 755
200 1361
1114 1337
1204 1665
645 569
1060 1895
269 594
488 307
1313 1661
1429 1842
283 575
1495 146
730 285
1009 134
1090 1796
1903 995
1580 308
1692 329
688 188
957 198
1288 325
239 1878
1185 914
1730 1662
1908 594
274 1341
1013 1033
178 1238
961 595
200 1592
92 1143
1479 1641
1531 1875
1553 409
764 143
149 991
513 971
106 1301
1778 673
410 1367
1506 573
1898 1144
1382 479
597 1013
123 30
565 499
139 1397
1993 1971
684 169
1548 805
1755 1890
704 35
1272 1386
884 484
179 1242
1804 152
1750 1250
19 228
390 1736
775 1895
1634 1477
203 583
1583 275
1628 1182
1784 1248
1853 1960
1531 1221
1569 5
1861 1952
1830 534
1805 1852
121 517
517 683
1725 359
919 1554
756 1241
414 655
1160 1244
1384 1799
1455 1439
1988 553
311 664
68 116
90 1675
537 830
709 1706
1147 467
777 54
1740 1986
1373 1766
1739 1893
1757 913
21 704
301 1885
582 874
1130 1860
1884 146
1780 1257
1547 137
1533 909
937 183
930 1639
867 1422
286 1010
9 981
829 124
1235 247
1976 1978
807 411
1442 1840
326 786
1623 1466
1922 1152
1567 1829
630 791
983 1517
198 1610
425 1408
271 1993
1097 214
1945 1722
324 831
1918 1143
751 1245
1238 1914
329 770
290 208
1779 741
82 488
1653 941
1356 1614
739 992
994 157
601 369
447 7
111 626
1956 1112
102 111
990 1658
536 1478
1829 1672
1151 710
1201 1275
1180 45
1682 929
1639 605
39 1683
698 1756
757 1372
294 1336
1593 1994
412 1319
289 1745
1105 902
1514 1851
1725 717
1502 1470
1791 1661
1103 1446
1046 821
266 1581
1973 638
1057 319
220 1284
962 1009
1158 34
812 1492
1427 743
1351 854
1504 1268
1988 1324
110 2
913 1334
1015 1147
1209 1926
228 1202
1523 1961
729 427
1330 1909
604 1313
715 781
274 329
1852 1359
1284 1686
376 1181
1746 1391
1661 1746
1019 180
1054 603
1795 1910
902 321
1167 1844
1970 764
1696 1924
357 1102
670 1434
1613 1065
778 1926
982 1193
1316 1150
1705 721
562 261
1634 835
264 1842
58 1180
223 1543
661 1929
1878 109
1233 722
1444 1148
1491 1093
862 1849
138 401
272 1262
537 1568
1605 218
1164 1654
456 950
853 810
871 1036
1093 430
530 267
1477 1528
1381 1073
1765 727
613 1708
929 791
864 871
293 892
223 478
1611 1279
1350 604
1312 1161
254 950
437 1828
1098 1344
1122 909
969 1123
1836 1455
100 1919
1406 177
385 1213
1439 1318
504 1250
380 960
1739 387
947 429
1004 1114
115 930
540 1886
1882 192
887 157
1675 1474
42 998
1445 1872
1907 1319
789 1584
1395 238
1908 1872
1694 1914
384 1214
1206 1778
1643 202
1289 398
639 296
1148 820
1411 1499
434 1999
1028 1463
297 771
855 613
1685 978
846 1589
1328 1259
1606 646
101 943
650 179
1577 920
932 197
1020 1297
472 1106
1964 196
174 608
232 1043
1223 631
635 67
27 1896
1692 622
355 1806
1659 1556
82 351
1747 991
1127 1287
203 777
1843 1155
1556 90
1823 1437
1037 941
1520 913
575 874
317 1429
729 59
1328 1132
1199 1811
799 217
1611 581
480 500
908 1354
1939 552
1918 1309
1675 493
31 862
301 976
1632 518
692 1670
388 944
623 1933
67 785
280 1055
1336 145
1025 365
1794 1024
1662 40
755 72
729 1783
1071 511
504 309
1872 391
1507 409
509 1642
1867 201
326 332
1260 1345
1821 314
45 56
1194 160
1271 1205
173 733
883 1865
1321 1773
216 389
1514 798
1095 937
102 900
1763 520
664 569
1476 276
1690 95
469 262
75 515
1775 1878
1633 1647
654 1873
738 721
965 1542
984 1577
1042 1826
390 1726
84 1838
1394 155
1792 1396
636 323
811 573
1947 1277
160 792
1253 504
1145 648
657 123
1267 660
1911 1825
1666 1402
1366 1078
1562 389
1419 871
824 1149
694 270
1808 1819
1367 855
1995 1668
1264 968
1361 1090
981 893
675 1810
1397 1850
893 995
179 1299
1550 118
248 893
143 255
103 466
1008 1790
1974 1655
1530 744
1728 44
1184 593
950 556
334 1850
700 1085
1643 1549
281 251
1482 1341
864 195
1289 291
1373 945
64 1833
1472 1392
697 1126
1514 1506
1483 853
516 1013
194 91
672 1247
832 281
495 33
1914 1020
740 1226
583 736
171 939
1107 196
1480 130
534 1054
1869 1910
1160 40
1194 1873
186 246
945 1076
570 1504
1434 251
1992 353
425 707
1022 1603
1396 1687
1510 1436
1942 1795
1527 1460
1351 884
1228 1825
450 212
295 1362
97 343
1839 1475
1721 641
1504 800
1174 1119
1169 1099
394 1767
918 1443
1930 1379
1016 646
548 668
1264 688
783 465
988 1355
1220 1815
1902 1719
123 1299
1486 1293
1548 1012
1630 151
1847 761
922 1660
1158 337
1446 1393
717 872
1087 881
285 1430
115 1240
1573 548
1983 1310
1722 903
1112 1400
1084 1436
649 1935
165 160
595 1759
1857 386
780 163
290 798
1608 14
71 1491
1539 1902
54 40
86 1545
807 374
554 1501
921 1413
1051 159
1371 1808
1217 661
594 1148
1762 1980
1412 1562
1073 1873
1715 1173
77 1900
1707 185
411 515
1407 181
1671 928
304 163
1802 568
1295 49
390 1473
1190 420
1089 1489
1139 115
1941 14
1281 422
372 1969
1732 420
73 426
519 470
1568 449
1622 1214
741 803
1404 1183
790 861
1872 1453
287 1868
993 1973
1626 43
191 1762
35 1344
558 337
429 1937
893 1999
1867 1179
39 1066
304 1060
1570 1639
707 227
1042 1374
1288 479
366 823
277 1190
1286 621
5 1503
373 371
1176 1873
153 1925
1514 311
148 832
685 779
1688 418
1132 1376
49 727
1749 527
960 741
1333 1745
1271 1496
745 176
678 1446
1426 1246
373 1673
1150 713
871 1368
1367 1825
1521 1221
1808 451
694 1247
177 846
1827 384
1911 1146
771 1590
923 415
1986 1591
650 1140
1346 618
1934 1558
201 1724
1033 547
1860 1985
1905 1574
819 1797
1824 26
1678 161
504 1239
1092 558
1633 1107
747 114
773 366
1943 1005
545 375
1682 1683
1285 823
1009 501
468 836
932 158
39 628
1040 956
415 1792
959 167
1614 1369
149 869
670 1378
1192 1914
255 1384
462 1610
440 53
168 1314
1253 1337
969 650
331 669
1056 1915
1501 1711
1668 1956
1585 1690
537 9
1035 1991
670 486
572 561
750 1011
1509 31
461 1328
1089 382
1908 1349
1445 1602
1845 636
902 320
1704 435
551 1792
884 1792
1755 1191
794 104
1259 1438
89 1525
1218 1890
918 974
1187 1494
282 1999
634 1003
505 270
548 1047
360 895
1797 1781
32 1711
153 748
1056 1231
1828 1610
1437 982
578 515
723 974
1530 981
1443 280
1883 891
216 432
358 1936
1378 1248
30 1875
1552 94
63 1259
1277 1093
510 694
1377 1336
241 308
443 1892
1357 1291
1809 1623
1866 246
207 554
1770 670
339 1699
114 1063
921 975
189 1081
189 1196
1370 912
1321 1377
1301 793
632 565
1736 300
795 909
283 1676
1569 1923
1133 117
275 40
983 1489
1084 1477
413 105
623 1659
244 461
1476 775
248 1021
1648 1849
1817 702
860 791
918 1618
412 1509
121 514
637 7
576 89
1170 331
76 303
1910 1794
681 1619
1356 440
1684 98
1086 1409
1215 1859
1891 1333
1669 1721
1549 1
1267 461
1248 745
841 599
351 332
1597 130
820 1292
1955 6
902 47
249 620
301 1441
900 1064
1024 1501
1901 1920
403 243
143 841
1613 1973
330 1440
490 1868
1023 1376
368 508
1657 293
782 1558
1729 1008
228 1140
1558 967
431 1291
177 1187
1139 1180
39 1518
1408 1447
1871 1188
1787 824
1346 87
582 1313
735 33
1722 1516
1944 667
1948 326
1260 775
1392 1126
1062 982
1276 1014
1119 657
823 470
1449 707
554 1146
1388 1682
31 384
920 1828
1290 1252
156 1684
1111 1896
633 973
794 858
1453 1315
1548 1323
550 1748
369 1677
1816 1575
561 1144
53 1083
1539 607
179 901
167 1133
430 913
1998 1573
1559 1518
1146 320
1990 628
1944 939
1551 1816
400 1205
1093 858
685 1756
189 673
946 1317
187 741
705 63
1106 1001
802 1737
871 1342
324 1066
795 1975
1021 271
648 708
58 1430
661 1721
998 1468
23 690
1453 79
208 1340
571 1222
679 1067
1857 1254
319 1051
682 1249
440 1626
810 1710
320 1746
1902 117
1389 1782
418 462
1715 1744
341 1124
1849 1865
289 1756
1105 1946
1899 937
611 1775
992 425
598 726
632 53
1535 735
788 706
1128 814
1840 313
1318 717
1205 773
373 1103
202 1045
104 396
1452 1057
469 1447
81 761
1943 1058
990 1552
771 1414
1686 311
1639 897
1553 1515
882 1551
366 1005
1360 1542
755 16
1939 6
733 305
632 529
1113 1520
366 1150
1662 1975
746 1854
1832 1607
1444 187
5 165
1110 1713
563 1051
536 1491
1945 1518
912 1855
1365 1981
1450 1063
380 30
1249 76
107 404
965 1134
602 1130
974 1199
1010 277
1517 1391
777 1559
226 1598
74 385
707 1021
1285 1088
1728 440
201 107
1637 600
301 252
187 931
27 1221
421 1277
355 952
216 1700
1868 1379
389 1610
1975 1105
1637 781
1944 1580
600 116
1489 1290
1879 1769
983 1393
1211 1445
1947 1965
746 1042
1994 1960
802 1344
414 1689
600 1171
1778 1293
1673 1014
1510 261
88 1908
1635 69
1701 1105
1638 1876
429 1331
282 1503
1052 1307
1676 358
1924 57
233 267
1306 1335
1715 1386
1881 6
1692 1803
648 1032
313 893
1558 136
1213 1909
1034 1007
684 2000
1474 1111
1822 425
1450 1565
462 1821
1531 298
1654 642
78 630
932 789
1580 722
1850 1101
1488 1820
1482 1705
1105 942
1595 1632
1112 1108
1463 1254
1808 38
1488 590
1513 927
607 1815
1890 212
1401 758
149 622
1035 378
1702 1707
60 479
1 717
1422 470
431 1402
835 394
1331 568
465 1036
731 1932
26 1420
994 1111
1387 1632
650 1852
1426 572
1589 1439
528 1861
277 494
235 779
1346 1163
1409 1749
168 1357
481 1938
1651 401
1740 1322
373 1346
450 658
531 1392
1182 24
1762 1389
1311 1343
1549 677
869 330
912 1837
1605 1088
1824 725
983 75
890 934
405 1697
1803 1063
729 1720
1228 1398
1805 693
607 1351
1971 1821
1453 1188
1966 1194
1387 117
1522 1371
35 1822
1191 758
1493 9
1360 1208
1411 676
508 861
860 796
1430 1988
1042 707
423 1542
1492 358
1409 316
1428 114
1310 198
1520 1304
911 1690
1564 1278
221 210
417 529
510 1370
1276 1208
1172 1381
546 1523
882 21
1863 1276
1568 1034
948 292
129 880
702 887
1110 667
466 141
517 1240
1828 242
1420 932
1605 211
706 888
1683 801
196 568
384 111
1514 1797
1617 810
594 498
498 1381
528 1538
811 217
126 631
1884 966
1478 955
729 1625
583 997
796 299
1939 575
1926 1621
1052 874
178 789
205 1819
638 639
725 884
376 925
526 500
1395 1765
271 1936
1238 1561
226 1106
1756 728
1416 1171
23 1370
1538 1290
888 664
1412 1760
70 1996
1216 1992
494 692
1916 1918
810 1220
1167 1387
1664 1562
807 1405
995 1701
770 1462
1763 1012
622 144
1967 1698
1381 1889
1467 451
1292 1709
285 553
1653 1997
1970 881
1244 787
1195 1605
75 6
1241 1870
627 1480
1419 679
79 636
1020 812
96 1333
823 513
1525 200
1306 1414
1210 174
1252 169
425 1813
847 560
1426 1524
1814 1285
778 1126
652 1332
835 1606
1213 1843
630 1406
1794 1425
848 1892
1780 1500
510 1661
843 1663
28 1727
162 144
759 406
1154 1954
465 510
1041 1523
1925 179
1718 1024
1083 164
1496 1930
175 1131
1039 853
1443 1719
825 1079
415 1483
1700 496
1354 1592
693 1655
406 1723
1844 594
1825 645
262 978
471 88
1162 8
595 782
355 1249
1646 1756
1389 274
770 1098
629 1662
1888 786
543 1606
164 1145
583 1528
1749 380
1781 1835
1303 141
830 1124
1531 765
433 73
260 240
1441 224
1955 1040
1844 1948
1026 1599
1428 1680
223 345
1494 1389
1413 1438
1390 1956
1028 1511
578 1508
1815 589
780 452
1695 1013
1182 1649
1113 1330
47 1468
1301 814
679 1284
241 322
1620 1350
1467 1828
1144 917
19 1104
1343 598
435 82
614 1848
1064 1600
1272 1887
1657 32
1621 639
1657 55
1266 1807
1609 1277
1537 429
1948 917
606 1651
360 1376
1934 1541
708 1701
565 919
1995 1260
862 1514
195 1968
838 1228
3 278
429 1135
1884 1495
1015 512
410 430
1142 200
401 1803
852 318
1742 88
1702 1531
1240 1020
832 1553
1532 279
92 1093
1187 1181
1455 1129
391 170
304 587
326 1001
627 1037
1855 1091
972 1368
643 601
1677 689
947 1330
1403 1592
1309 1253
47 805
343 861
342 1407
485 970
879 1978
576 535
576 657
1558 236
1275 679
1527 882
1168 1113
730 384
16 1827
32 346
370 100
427 458
1408 461
222 1964
9 511
867 803
1429 1810
1216 1589
345 915
559 517
1859 351
108 473
1059 482
367 1305
979 122
102 1320
1337 12
1917 1990
1876 1258
1773 472
706 1978
1366 931
1414 666
11 1881
1685 1851
420 23
1085 470
1729 716
1790 1423
493 1420
1260 192
1309 307
1400 261
958 992
157 1532
1137 1583
1010 1979
473 1338
806 703
777 148
516 476
1286 934
1959 129
899 1938
1903 1229
1219 884
1749 541
173 682
1583 1050
1831 1869
1955 1180
1258 1819
341 806
1344 1824
1297 728
625 453
1577 1787
1699 372
127 1283
1482 875
1561 1016
1519 961
1461 378
1022 1228
146 1126
484 1880
80 231
3 555
996 349
1051 1518
656 1373
764 1565
1574 238
443 573
1338 1681
1049 943
645 1757
767 512
1571 1101
505 802
806 660
1748 1448
785 1594
1491 1661
556 7
1882 1209
1994 3
841 1217
605 1737
1631 19
982 865
270 764
1684 1220
1680 792
1566 1997
513 786
1847 1280
564 44
1397 1897
1754 829
939 1394
198 719
599 1853
564 721
1647 1257
550 1747
1240 1913
364 882
1825 7
1766 699
626 486
617 930
175 508
1147 1327
1080 224
1835 1152
1505 104
849 367
652 1919
468 70
1913 1962
210 598
993 1406
1164 143
1181 1271
495 225
1634 878
443 1599
667 306
506 280
1787 1338
1728 1883
95 1196
857 445
1616 167
250 1061
1196 1757
492 921
1464 1922
256 1150
388 245
649 320
287 749
585 528
383 1639
1998 331
1712 7
1664 1422
1687 1889
1209 773
326 1834
1890 880
1472 943
185 1861
282 628
1422 1310
1570 1284
1164 1751
228 1725
418 513
646 1407
1533 49
467 1480
142 1242
115 1728
1528 1497
236 1788
1077 1862
1275 1616
441 591
1447 1092
602 714
557 979
838 1398
1949 1523
325 1908
15 421
1676 1901
1643 534
1938 1947
713 127
1068 1783
31 58
606 1052
110 455
513 1895
84 660
372 873
1030 1802
617 459
684 1544
875 667
325 939
946 2000
229 43
1535 1700
887 996
120 1476
246 727
1664 640
628 249
1872 1621
438 848
490 1610
1431 96
1959 1560
1616 1726
546 930
1462 762
1566 1379
1267 1509
1357 918
925 1712
1335 1904
830 1939
873 1094
898 1009
417 594
1701 551
667 705
491 436
1099 1414
1889 820
1712 1554
586 388
43 245
593 1092
1000 1268
609 576
182 1327
310 581
1907 60
1666 17
1489 451
1365 1493
1801 1637
682 1060
519 1475
779 1338
316 1062
791 894
913 1754
134 1881
821 432
94 1513
992 912
819 369
250 772
1945 1343
1569 296
1485 893
1196 1879
1019 109
1031 323
267 478
1284 561
1474 1150
172 1680
688 421
1216 1921
1376 162
717 1939
773 1523
624 262
1161 374
1327 727
1729 1577
1241 1775
857 1411
1014 1840
1728 1877
1902 397
1952 909
321 882
836 1605
1523 34
1139 611
1897 1970
1570 136
585 1808
92 1050
542 595
720 915
1149 1380
86 776
1534 943
293 1917
1567 1977
275 1914
1276 1447
1644 808
1860 75
801 866
340 1474
175 176
1831 451
1384 193
1861 858
1122 1228
1534 384
863 1957
569 1200
445 932
106 1491
345 261
1045 1281
356 732
125 1224
1096 909
142 1407
1364 165
1000 969
941 1432
80 1144
39 1481
1978 741
530 1380
816 1986
763 155
689 1174
1466 662
562 13
707 1388
1641 1130
741 1733
1004 700
269 1693
818 802
1908 1599
644 869
1326 456
631 1908
523 496
1759 604
703 967
537 1761
1491 1645
1008 1659
664 535
348 117
556 1232
1658 862
1543 1361
1906 118
1574 1376
1143 83
1160 383
522 1955
469 260
1707 780
199 1548
1990 569
1023 316
824 1888
983 1855
1677 1360
1742 1121
277 629
756 461
1960 404
1300 1395
1623 1951
496 1027
203 1029
226 1513
428 1235
866 1471
913 95
1735 857
64 1503
1502 1365
212 1662
349 1609
861 1765
1099 1891
1200 1037
1851 1906
789 762
1570 7
1650 975
1400 554
665 1493
745 172
10 1036
1857 1215
1126 1630
320 520
1826 351
1248 162
1561 42
1754 1212
605 397
1508 179
1893 1611
1396 746
604 464
588 434
934 1300
129 565
303 1497
1322 1156
1809 475
237 627
1327 498
1735 1621
1232 1431
1616 1018
1663 820
1648 1938
1970 1823
1550 1767
1661 341
1204 1759
1380 815
561 454
1455 105
30 603
283 1394
1385 1068
1455 972
1098 1565
1858 1297
1349 271
700 1531
874 1835
609 1863
1742 1912
1441 1472
71 794
244 1914
551 1698
1265 906
1456 1105
148 937
1937 1882
1891 1070
1290 704
1169 966
1965 227
1486 1253
211 1587
1298 551
937 1518
1728 638
1580 509
1669 1439
555 144
702 387
409 1193
1234 1512
535 1563
177 861
1558 1751
414 503
1732 897
1872 1800
488 840
1281 1839
445 1612
1202 596
1509 1577
836 1346
369 1162
84 1135
367 57
539 1163
377 1886
788 1009
457 1598
1113 1803
541 673
1496 1733
1294 1001
605 1947
1813 737
1128 278
708 32
1790 1935
1669 784
1844 515
1786 1202
213 754
687 1480
1951 850
1941 1758
1368 1600
1325 1719
664 801
257 326
1492 1922
775 1841
1751 1941
1664 550
1569 471
158 333
601 117
1030 789
966 108
1621 464
1560 1957
1052 333
76 1172
1145 1364
1278 1951
1948 1719
492 891
430 735
1534 612
793 765
1918 1637
1950 1673
1553 866
74 116
913 752
1611 704
1929 1008
1859 1857
1021 939
1118 1619
838 1332
1455 1666
1058 890
1260 1801
1219 232
309 608
1709 1429
1687 1198
1952 841
1157 532
723 1018
383 1784
1402 1898
491 1688
1613 1981
416 817
1465 124
1984 973
81 1755
608 1594
1815 528
1209 1648
1753 38
439 99
717 1597
817 1963
868 1498
806 1204
619 1765
1142 677
380 1574
1940 1931
1677 241
511 1257
732 1698
1984 581
1838 205
209 1202
227 1766
990 590
864 1881
609 1973
783 1651
159 753
926 1328
637 365
962 294
509 42
1009 229
508 317
827 1750
338 98
558 119
6 724
1628 1739
321 749
795 896
1827 1539
1708 986
1894 1790
636 1741
1562 317
985 1080
312 86
1246 378
811 503
1067 420
669 1505
560 1599
1603 1523
1564 36
1322 1967
1606 1115
1005 1351
1653 1473
126 1224
682 415
1478 1656
1001 1742
1148 1097
1636 1553
641 1601
1593 764
1823 817
868 1880
950 431
894 1801
1103 394
429 1981
1450 649
1780 1609
1843 1151
1200 1389
1755 586
1537 1163
213 567
1248 349
822 490
776 960
980 1148
1518 53
1218 560
1359 1665
899 1593
1825 1194
222 1147
727 1033
1756 1935
340 1719
322 43
601 1850
722 126
760 1102
934 1702
1480 397
1568 1093
1146 697
1283 536
1312 871
715 1512
1835 761
1410 1613
458 756
129 488
1822 219
30 534
1504 878
311 562
122 1216
334 1717
729 1676
1471 68
1823 1712
1053 208
1885 1797
996 981
523 1931
950 1345
500 1377
293 1710
1389 1121
932 1977
1921 32
1127 674
919 958
1806 740
1853 1389
1724 1728
326 1197
1418 1049
1673 828
1081 1924
1205 74
1275 825
1089 72
709 128
393 1142
1189 821
659 1607
168 529
210 799
638 1836
1439 45
1826 1232
21 469
106 744
231 862
1701 549
759 615
1558 1468
120 22
1389 1023
835 143
1281 550
1388 393
1746 1835
1198 509
429 598
1400 349
968 774
1717 150
987 989
788 1248
1358 1600
1393 200
575 1591
1216 273
1626 1216
31 496
1539 430
1165 2
1711 111
2 538
757 1606
733 1903
1502 605
1261 1272
711 1626
1826 122
1641 512
1948 469
930 410
336 1546
1796 976
1328 1492
1381 4
655 1378
159 792
1719 1315
540 757
1472 1346
1729 481
508 386
1445 466
1774 1464
1550 1883
1217 1570
1949 190
166 1493
39 1984
1866 177
1918 1012
342 439
1226 1926
1492 1026
1451 917
63 1763
1314 1396
706 713
1245 769
1933 1238
1114 571
619 756
1363 1152
680 419
331 741
551 1511
526 434
66 163
447 320
1389 1952
1800 638
917 431
968 584
1623 213
1538 936
1318 1809
839 1663
447 1475
975 547
1892 1640
547 592
87 1053
958 67
698 1850
299 235
146 505
199 1346
566 698
813 319
596 1129
1598 998
1860 930
1017 1701
1008 1013
113 617
20
1973 221 863 1758 1514 752 1415 1941 290 1397 798 1467 210 1406 993 1870 1799 1384 401 1965
