2000 5000
281 782
769 1343
539 305
1857 1302
1271 305
1573 831
999 306
431 362
1855 650
1012 286
706 609
53 1808
1584 249
1524 351
774 528
1164 1562
1999 1584
56 1210
1254 759
1355 1145
620 988
1987 841
297 1604
661 1802
1792 551
1256 953
1919 666
854 1608
910 22
957 912
361 423
210 121
145 1017
1285 1934
1839 669
1106 38
1854 973
1482 380
453 1320
975 1236
694 798
1377 1682
1134 1487
1938 1980
314 1675
566 1141
235 1974
1718 1518
318 553
958 1308
285 1271
1783 1076
1466 1810
501 1740
1582 512
902 1595
318 1791
1683 785
871 1067
1281 319
1061 1705
953 945
252 1451
188 1905
395 1057
1817 1873
1698 1607
798 1825
1517 1829
450 1726
598 563
748 524
17 1355
565 447
714 382
1024 221
863 359
1439 1061
1389 1443
987 902
99 311
600 1581
1100 1941
1982 269
1528 136
774 1541
144 813
85 1931
1306 1352
1655 101
1427 1209
1796 1381
955 1003
253 1041
282 489
1886 903
1883 1573
1809 418
1230 58
299 1766
1897 1290
247 1805
566 1781
267 39
418 634
566 1395
1080 628
1794 858
435 567
859 1377
481 57
339 526
42 518
1567 1204
1065 1850
586 567
798 1026
241 1384
133 103
999 518
1135 331
81 720
1688 102
248 1241
243 1434
590 501
1738 557
974 111
612 980
1731 595
1108 1312
588 809
1773 1957
406 1995
1558 1613
439 1910
125 1244
1502 685
732 374
1658 739
1932 1385
1753 1114
992 1892
1833 1679
83 1229
332 1109
173 1804
624 1256
85 660
1058 694
1405 1634
316 530
1978 1032
1658 360
1217 521
491 9
365 1984
1527 579
688 660
726 1145
792 1143
194 791
626 156
1697 1414
309 791
847 1226
1715 1736
1737 1604
1502 1620
1821 636
1051 325
1148 886
1200 16
1131 1748
122 60
1777 30
703 567
1895 887
261 400
1523 1013
633 250
358 416
696 634
457 1480
154 223
1039 1518
63 984
1528 829
1659 1398
35 415
1032 527
1040 816
575 1368
1455 1643
733 1256
1146 1168
204 378
761 1956
767 1538
1400 717
108 1484
1096 1918
23 1421
1411 1721
457 157
1562 776
129 819
289 1710
517 488
502 416
392 257
391 1595
274 1502
1608 1494
538 789
822 496
47 1624
565 1854
1718 822
361 1853
346 1312
227 1241
1475 463
1873 603
1548 191
72 737
241 1287
848 1841
722 530
863 208
670 650
601 463
1930 709
636 120
901 727
1811 194
960 1587
1321 1895
33 500
1920 1018
1168 876
1061 1938
974 212
1722 724
1060 177
1431 535
582 1971
1937 843
124 1991
222 446
109 865
617 1006
661 988
343 524
314 851
526 695
550 614
1458 1900
1410 1816
1315 86
1735 1579
1159 1575
1236 870
876 1845
71 1426
1580 15
1270 539
1252 1725
489 68
833 535
931 1571
1574 793
780 956
1140 1680
652 139
1932 187
176 685
220 166
67 512
1898 1372
1115 1759
1744 1515
87 1537
559 1206
1798 1702
1222 840
238 693
1292 1136
1648 1836
1563 457
1200 1826
462 1994
556 48
38 136
678 428
206 988
844 1225
989 1117
1004 1680
1200 890
837 115
789 499
1976 807
870 1312
1984 964
1104 807
555 754
136 694
250 1750
457 985
326 1138
1773 1316
813 1870
450 509
1516 70
1129 135
1397 519
1088 615
874 1147
306 954
369 850
286 794
1108 1678
1333 159
345 907
1251 1514
346 1256
1723 944
1436 1843
422 1539
95 1282
580 248
832 1823
559 1255
1035 871
310 1372
159 284
1329 1283
1720 938
980 414
94 1979
1406 79
1858 1593
1884 570
1491 1595
954 345
1976 1666
273 649
721 262
1473 975
794 362
1814 1847
468 515
1916 635
939 1692
563 623
834 331
341 1447
190 1878
1702 1372
804 1890
1763 1602
505 1994
1894 1258
154 1520
1101 1783
730 280
1384 995
1921 35
662 1460
283 861
1999 204
1365 1419
1861 1956
1157 857
273 13
464 706
267 842
430 1525
1289 432
1688 178
1290 1122
141 433
817 535
674 1440
607 1674
1807 1190
743 1170
804 1683
1061 1060
1664 1880
1386 82
1483 1219
1200 1155
1600 531
422 456
1270 872
1499 35
1525 1509
346 1477
1581 623
1026 1906
766 1325
1659 137
1186 1631
553 1201
96 1117
1732 980
1568 465
427 1015
1708 1193
66 1613
504 1899
180 463
778 16
1347 1415
94 346
139 1913
1072 186
1426 1021
1677 703
1702 679
1250 224
370 867
1337 119
165 20
1145 171
1430 555
1386 59
945 1787
1525 94
1589 189
758 720
1854 171
767 962
1706 467
1719 1092
1774 1662
1759 218
159 1298
183 713
282 1570
1257 1837
1158 394
1905 1587
1110 1031
1977 142
1055 1453
1023 438
229 1552
1627 1712
853 1363
1848 170
1847 903
370 1001
1877 192
113 1773
401 310
929 1574
1601 232
86 947
391 528
268 1766
1735 1177
60 620
1035 989
1712 1694
1947 1610
1360 1131
836 1318
1718 478
1581 880
1700 1016
645 1122
934 517
1072 1630
904 1200
1172 1151
1617 1756
768 704
1489 1972
1578 1981
282 1177
1760 848
458 609
307 1493
1742 354
844 312
1861 782
1682 464
572 1850
823 1419
1109 1546
633 1923
870 719
1279 409
324 1015
773 983
1297 1183
1898 1998
99 683
66 868
903 1151
1101 132
385 853
628 280
623 722
908 1016
1617 221
1258 266
1867 1359
725 1087
1015 1842
134 1115
1841 940
116 852
1239 1554
1353 614
480 55
1927 1831
1615 671
1652 1643
544 1682
436 877
1025 733
1903 77
895 13
1747 1988
259 1796
1546 733
1685 1575
356 1722
378 572
1176 14
384 1209
429 1097
522 1107
598 109
1904 577
1835 457
1106 950
1146 717
805 172
782 1675
262 463
1240 875
527 310
301 535
691 1577
868 647
1818 969
213 987
25 853
691 1711
321 1210
1565 478
1008 1482
1120 1307
595 1939
1475 1527
57 181
1306 1789
1302 514
484 1376
586 911
1312 1516
125 1162
313 1270
656 502
710 1900
1913 1993
1994 635
417 1700
573 1235
1273 570
1668 750
776 437
1069 159
1501 1458
974 1769
80 658
1173 1381
1757 1978
595 1096
564 1422
476 1081
1232 930
113 1082
249 48
1184 1522
543 508
1768 411
1934 1658
1495 1012
1312 629
1507 1310
1320 946
1049 44
570 909
551 770
1185 1592
217 993
1820 1333
420 1449
295 363
1092 1570
1907 1807
1349 16
1324 674
1472 1931
1242 342
827 419
1252 1894
67 1250
223 424
1923 70
1825 1578
746 908
325 1069
246 12
663 1123
435 1097
574 784
1612 1597
41 1150
1378 1377
313 301
468 673
399 442
142 1578
426 1852
1764 1244
984 306
297 11
7 383
697 634
1372 1442
136 222
1788 1940
186 1858
511 1284
248 523
1627 1435
1667 1266
1276 1499
336 567
1336 577
405 151
89 1983
499 1757
96 324
1726 1452
1926 227
1452 1147
775 1767
388 1354
823 772
1583 118
1487 927
1229 624
1915 1959
333 499
610 284
1174 810
776 1105
776 870
261 1428
441 207
1155 1172
251 1646
1586 567
1762 399
1475 620
456 908
1370 807
1484 1781
1362 1889
954 1681
1538 898
899 1649
1486 420
823 1259
1423 997
362 489
913 123
238 1376
1987 1768
1560 1241
1915 1827
724 1482
613 1082
1028 924
1405 545
1819 65
1009 379
16 1736
987 1345
1857 1119
1733 1867
923 1273
979 1750
1236 1185
362 1041
155 952
1408 1105
335 129
1147 99
315 1299
1098 1958
31 42
1676 987
1447 1997
4 1137
1701 1243
1266 1796
784 218
791 1851
1047 625
1462 336
174 632
896 1200
57 792
1649 1470
1847 1154
1339 1627
1016 55
182 559
279 1557
1072 330
1659 1871
420 436
1771 819
920 803
796 906
1454 254
709 1842
772 782
145 1557
1335 49
289 1840
1195 1069
1345 283
1859 1908
1123 400
510 1002
1299 1006
864 409
958 1563
331 1239
202 621
1535 1281
263 1201
178 1673
435 76
46 1654
157 668
394 1811
797 558
190 1653
1813 974
1552 507
1587 12
555 595
919 396
342 137
248 1824
890 1938
127 684
993 1177
1953 1382
1327 914
649 1708
925 437
943 1563
536 279
1323 565
146 696
1875 1223
600 432
728 470
1848 899
1705 895
863 240
379 279
1419 553
59 167
1451 1200
583 1090
11 783
1189 216
1067 1054
702 514
1075 650
601 821
705 1263
796 999
1879 581
607 1769
1074 329
1107 1837
1764 771
1754 471
538 342
101 1129
637 1590
1105 283
1409 511
787 465
414 934
900 1171
1715 6
1523 1551
864 1863
760 334
1989 769
429 1801
1300 1329
1076 1856
1729 1140
1000 603
753 1253
445 401
262 1263
1375 1351
1198 1928
1596 739
1982 776
492 76
1084 1928
247 1083
626 1704
112 48
609 172
1319 1874
955 1091
1741 729
967 1374
660 97
578 400
560 1855
1849 1498
764 236
1232 1798
1845 1573
959 517
63 522
1506 1007
1627 827
553 744
1193 781
1026 274
1588 977
1101 176
1433 71
1897 797
1158 961
398 1280
78 49
1780 1705
637 1867
1053 50
1457 1249
1624 605
299 751
853 608
1073 901
1548 966
1640 611
409 1913
1761 96
1733 1487
414 362
1531 713
1186 1905
106 1037
1684 747
476 321
403 577
692 755
1759 371
699 1156
122 992
19 578
282 1201
216 1539
1090 1371
559 1318
1665 252
825 1627
881 282
212 826
641 868
1579 1885
1993 353
1312 685
1295 1584
1367 1535
1198 1710
1723 1038
1211 1252
1179 1365
687 1482
1316 1425
38 1976
1564 52
823 1510
818 251
663 578
1366 1019
1972 362
1862 1816
111 379
167 1355
1129 410
1009 1050
575 1717
1512 1644
96 238
659 1685
1596 1897
858 1399
846 364
1197 1558
1473 1009
1555 1539
1855 1813
1744 520
1397 1389
773 1587
1184 446
277 117
696 367
229 707
69 724
1388 701
1315 367
1525 1205
1865 823
1393 1327
846 2000
1564 1994
154 843
828 1710
758 1709
1877 929
1795 1938
1537 1994
796 401
21 1892
1397 441
459 321
1451 308
1806 1929
165 1852
1664 361
955 1487
1427 1530
704 1719
1503 1328
547 1300
259 1066
272 478
1353 704
1636 1011
560 422
104 398
376 1022
1719 1069
1478 1468
1174 1031
1688 1471
995 1371
1682 725
1070 1988
551 1776
1782 715
737 956
550 1028
526 1853
681 1477
239 1417
1944 374
662 915
1636 1666
1441 1224
153 1459
1386 1469
1048 1706
1638 1730
280 97
1583 236
196 1413
583 1903
1157 382
855 676
168 1181
1522 616
1954 1585
1498 1872
1304 808
212 1389
500 361
669 1127
1529 419
1729 1935
1556 1919
1882 406
859 386
87 1085
721 868
1098 480
1310 217
515 474
1322 372
621 343
1106 982
1706 1387
804 1898
1218 467
318 1981
1482 431
1489 1755
1965 1047
68 1358
86 1320
263 205
1291 1736
1637 1159
1840 1586
1561 1106
884 489
1923 1830
214 356
998 546
1825 1184
1038 1844
284 1313
713 1515
1108 1178
1156 96
1017 6
852 1531
519 576
469 786
1604 1583
1810 1332
904 1670
1572 1921
329 459
1415 238
1402 167
700 406
727 758
269 1818
1656 414
883 1660
1634 1229
1432 1199
1626 152
1002 177
1887 877
437 134
353 1783
1897 1264
1406 1760
377 777
464 1902
464 1778
339 1995
1805 1206
1536 920
1661 309
1776 26
1388 538
207 349
1288 785
1801 1809
858 183
4 1650
1353 712
1619 719
205 989
1090 946
261 454
1926 830
548 163
1263 1154
1927 107
1949 1408
337 388
1707 61
294 1672
1897 1910
1154 1143
1650 1926
572 1
1447 894
1008 19
1541 261
1777 1429
1898 188
1215 22
358 428
1741 1420
475 741
1783 558
870 662
215 183
868 54
1937 1785
827 653
938 589
355 1437
885 1628
429 394
1218 1086
1122 1407
392 1073
11 447
1400 230
1066 1419
1777 743
1446 1070
1040 844
785 718
1260 1642
492 169
1941 815
378 164
228 1491
426 1591
847 455
5 1796
1672 1025
1744 1141
1557 1558
157 1457
411 1750
629 1880
200 1957
512 1943
1539 230
135 1956
486 1774
252 1877
421 205
131 786
1323 1959
1124 859
1400 1346
579 677
1948 1898
1834 732
931 898
1503 1244
793 718
1895 1724
360 1555
1154 1015
727 1905
449 1204
730 1215
1344 59
139 1773
1930 523
887 1200
1093 1511
906 1982
1503 1274
653 1008
242 1177
1974 1565
1358 1746
1208 1363
933 509
303 969
1964 512
1339 1151
1277 627
1733 680
1955 111
841 1166
258 1387
106 76
1430 1138
1864 1621
1963 1775
644 603
765 1543
1277 1816
1603 629
1628 742
774 636
1720 1156
600 825
632 947
1849 1440
347 1884
1341 1864
409 473
737 1428
842 1741
1581 310
1316 827
1067 131
1803 1520
1380 1834
970 848
333 301
1002 1128
1959 370
888 1085
1723 400
1008 1242
24 1286
1433 1457
1525 894
1579 1355
1103 1344
743 1090
1983 506
1675 1653
1245 1725
1676 905
349 110
627 1794
1288 486
690 115
297 1883
1298 1056
134 742
678 84
678 1726
688 440
60 1133
913 1969
1558 1100
820 1884
1484 1778
941 1327
1587 1821
597 879
565 794
596 919
1258 744
1693 1750
1230 1680
87 625
1054 216
1540 1380
460 48
405 1631
1613 806
442 1612
1357 1622
1947 1206
1226 894
1881 1026
735 1981
474 455
841 221
1894 1334
476 452
1685 1424
369 318
1826 444
1817 375
485 1825
1813 554
1374 855
399 892
1032 840
798 1486
1088 565
748 610
325 380
792 1960
389 742
1577 387
1756 1133
1630 1830
125 1856
553 844
507 738
910 1844
1183 681
1937 24
872 914
805 713
1367 447
1814 243
891 1024
925 1438
344 1101
1135 1647
852 1334
1800 843
209 818
855 1754
1648 1122
1054 1003
1287 1666
1841 1941
1137 314
79 1619
198 1552
784 1478
541 1328
697 1599
752 1415
696 213
1519 573
1176 1129
380 1109
1054 227
1463 1422
1653 500
1231 1118
1448 347
1647 379
1354 1755
1068 381
1305 767
1946 1767
81 794
673 1757
655 379
1498 1280
455 1691
109 1299
1168 997
1694 147
1345 603
173 535
736 1612
1997 1037
1274 349
493 676
333 761
1046 611
1031 503
25 1957
1970 965
444 584
765 1345
354 335
1011 445
1564 659
403 132
1989 1095
1157 1755
430 861
875 962
110 469
1302 1010
1680 1830
1717 1083
768 1538
899 746
897 1380
1007 1507
1348 178
1829 1694
1261 167
1192 132
502 1950
1893 1010
1638 1790
467 2
451 809
1735 1414
578 861
1141 527
1227 971
1273 114
863 1946
277 1565
1117 206
1717 1210
1106 1088
1050 1894
1492 1526
201 329
1422 695
480 1430
1369 1067
164 953
695 1193
1958 457
137 675
313 374
1205 5
1269 375
798 468
1745 1479
1820 170
1829 209
1035 1197
266 1806
1429 555
1733 1977
1004 1956
1953 1444
414 125
1772 1417
960 1403
992 291
654 2000
410 89
177 898
1 72
343 1089
1449 1464
1980 247
1305 1683
741 1869
263 667
279 430
521 670
374 192
805 1849
1348 1097
1409 743
1610 1239
125 984
1875 256
1739 1006
1775 1387
442 2000
703 1955
1800 879
114 52
1517 188
1689 205
705 1230
1365 1495
1478 1276
368 1105
268 1571
831 649
1334 569
953 1128
283 1016
438 816
1642 1933
571 189
768 93
1006 764
1388 210
788 814
1691 367
494 418
946 673
701 428
1976 722
1447 1423
239 449
1018 559
874 814
1018 1675
378 496
251 1004
193 924
15 11
1533 1340
555 274
1631 10
1412 493
1697 1289
12 1662
1820 766
196 1882
1056 757
1776 1895
791 92
1948 1703
1656 1648
379 1736
905 1606
214 559
1869 1987
393 1153
64 1027
920 1247
411 1810
1554 739
1654 1244
1879 217
165 574
1321 1308
1165 631
127 1445
94 1698
1032 557
127 799
1496 1565
313 741
1059 1047
1100 665
1494 1734
954 469
1073 719
336 1669
110 1962
769 720
1001 624
785 1126
743 1153
1412 1140
1335 1902
31 1239
1463 1870
1478 897
1112 574
868 553
924 1348
924 1169
552 1062
422 271
705 1190
205 701
1144 390
80 1715
1736 1462
1491 339
193 393
686 1555
333 344
1652 818
1306 47
98 880
676 298
1765 26
1638 1710
675 611
54 314
128 312
696 469
797 1197
633 1301
605 190
1276 297
878 700
1243 1720
61 193
1665 488
1829 33
574 1197
1372 111
1649 392
220 881
237 1275
1661 265
1450 687
109 348
804 1783
1109 1576
254 660
578 1137
1717 1755
854 813
73 1266
993 677
1966 1503
1315 286
468 723
1568 1120
730 1210
1402 866
1536 335
554 1538
1684 1483
1305 1200
701 223
1270 1690
1094 490
533 1566
1963 1500
1562 559
1923 1524
1096 1769
190 1244
980 1905
1943 1803
735 1574
1702 1315
1648 420
1313 891
662 226
332 1461
844 1801
1288 1021
888 190
1342 1486
1250 191
141 1763
1929 416
945 1675
626 129
467 1940
1911 1877
1794 1894
1273 885
766 842
1636 695
27 845
833 1892
37 104
1812 849
283 792
72 70
1682 1084
99 369
618 960
845 1703
989 108
1057 846
590 1396
394 327
1544 829
950 451
407 830
908 322
1955 567
1306 1370
527 725
1152 314
1314 1474
1245 1999
1428 961
1352 1463
983 1961
1575 1785
958 717
1982 1962
197 373
1263 1944
1811 286
235 1708
275 797
592 282
106 1538
1623 984
1777 1641
1554 749
861 1793
621 222
491 1559
109 916
1816 292
1264 1843
1133 1139
978 1644
293 1597
64 705
632 213
1216 175
535 1177
1743 782
1397 1370
489 247
3 724
664 1916
1708 773
1701 105
1689 652
822 1755
1517 1097
695 1643
1907 1734
1193 1100
1971 949
865 1700
1487 424
1825 332
1912 1521
1709 1357
482 442
1662 864
83 180
1179 1235
1201 583
205 984
1179 171
1477 106
450 1330
65 820
939 1424
1387 1642
1511 1556
1555 589
302 101
414 852
877 438
1009 1574
1331 78
954 416
724 1875
1695 1726
1592 1772
728 390
1995 1891
1545 350
32 1808
366 1431
306 1514
1149 87
1847 1425
1204 1494
1252 1109
36 1200
1844 1678
156 1457
1836 1340
228 615
686 1587
973 1203
492 1581
767 459
250 943
369 886
1415 334
1149 1096
1654 1887
1078 1398
371 1044
594 1259
81 1088
1532 1418
879 785
1861 1677
1101 763
471 1592
1315 455
688 403
1323 1036
745 1556
1707 728
214 365
1088 431
876 441
987 1312
1436 1447
614 290
330 1165
1282 1448
160 557
891 555
1869 38
1550 1219
1303 736
1153 899
585 1955
1319 93
900 1775
1735 106
826 1769
896 29
1117 1726
1052 403
1309 1893
21 1827
339 1543
1426 1149
828 347
452 1950
986 37
1337 732
992 293
538 1837
302 721
1296 1657
132 1380
1228 634
504 523
1441 1392
1382 1202
366 1688
950 1598
838 1657
46 1892
1403 114
1263 78
1177 1671
313 1110
301 1505
1040 1417
1493 1935
1897 849
1720 289
337 1210
265 496
1742 1189
93 1151
737 506
1559 822
1011 1938
1950 1594
928 936
639 349
36 1736
1528 135
789 1401
279 1045
451 1983
1269 596
1666 1277
1073 312
940 1920
767 1080
693 736
837 1680
899 1136
1363 495
220 1995
675 1108
1054 1319
1711 1216
968 468
520 285
882 1159
1461 941
1559 1840
451 1789
1259 61
229 1621
288 319
379 1532
1306 1323
1999 64
334 1786
652 1099
762 716
1040 1663
1059 84
1175 908
673 228
441 1351
702 1705
256 331
1131 157
945 51
270 1757
1036 1999
115 11
923 538
1376 117
1272 1884
29 474
1987 677
1826 1676
1794 254
374 382
1800 1931
519 907
927 615
1354 834
1550 1389
353 312
581 1120
220 1764
922 1051
822 768
1263 265
227 979
845 517
249 47
1185 1633
1852 161
428 953
366 1361
462 1359
1288 1715
581 297
965 974
414 1992
705 513
987 1214
1871 1876
415 1314
418 1101
191 948
3 312
831 1722
1893 240
1922 131
971 323
49 1351
1939 1944
1135 606
1966 362
1739 1421
1490 156
1363 428
1951 1344
128 355
1067 456
1341 1531
1537 1681
1575 1311
1122 1841
955 965
1122 852
477 10
157 995
775 884
1141 1121
1929 1430
1076 1294
893 124
397 232
382 1762
1725 1280
1480 1022
1582 27
1782 1781
1951 254
280 1965
1553 35
261 1711
710 76
684 1481
797 103
996 148
1444 1712
1369 403
885 636
403 155
1306 1763
1906 686
41 621
1737 629
731 769
375 1397
1493 1819
100 629
1674 1323
1410 792
494 203
102 1124
912 1395
1406 1307
1742 1139
674 842
1832 125
975 1404
427 865
405 956
431 209
744 1038
1527 483
1520 1352
1486 1429
1400 1820
952 1110
761 1245
301 592
1457 983
1819 189
646 1071
982 1859
1933 1699
1887 88
903 1263
484 1308
567 1253
1413 693
693 1797
1763 638
552 1598
961 1717
1638 1401
367 519
1917 442
75 318
1042 293
851 757
324 279
405 1382
439 1306
1543 1809
1672 273
900 100
1282 1950
253 1288
582 1005
1623 784
1949 1710
1308 189
1372 1863
1429 1484
1841 165
1506 363
1465 982
849 1152
1014 1668
257 438
1332 1541
1880 1971
119 1300
1889 1695
1755 1619
1643 1147
977 957
1952 1853
188 988
323 494
1382 1801
312 1520
733 563
135 356
1585 1272
1363 860
810 383
218 1022
1895 1279
1517 1177
126 728
912 1061
1693 681
1060 323
783 615
1140 1985
421 1759
751 1232
1924 1292
889 597
1631 1097
509 1516
668 574
1391 632
1264 1089
313 452
1701 347
1521 878
870 123
1750 245
81 1965
569 1182
1989 1504
746 1277
996 764
995 1769
458 1915
390 1328
630 375
839 1108
1705 470
803 1668
576 1086
1689 424
1780 622
660 1360
153 540
961 770
968 676
1286 1885
569 675
846 1832
780 1041
321 784
234 1939
1124 1827
340 1306
951 1466
1318 271
978 556
667 1058
722 560
1081 296
1413 1166
738 35
1367 1673
745 1392
1340 1361
163 359
1689 1847
1604 1731
1687 1813
1331 1191
1265 1521
583 1123
1228 1318
1573 745
852 1493
971 713
1195 799
1877 1377
1596 627
1872 1411
95 1927
717 1502
1498 8
622 464
628 1396
1028 1458
1157 1212
1430 659
526 897
652 660
1450 913
1727 1385
573 1832
275 802
1626 82
1316 526
371 326
467 1184
295 1968
1392 1091
1254 373
84 929
556 1988
1478 1502
1302 590
1640 1573
538 1673
347 356
1215 596
354 34
955 1105
1704 497
1506 1606
1709 80
1964 1997
1173 437
962 545
1573 527
467 1100
721 1273
92 1492
1064 1806
1583 1082
1304 1216
357 1416
1771 116
1994 1198
1626 971
1072 1533
72 1081
905 122
133 887
814 750
82 178
800 595
145 1836
10 584
1393 127
1865 1806
1720 1739
1081 449
452 1268
579 8
669 789
37 1229
1280 1703
326 418
1786 621
1853 816
71 495
972 259
1803 1267
1735 537
358 1632
378 702
619 1492
1925 1426
830 1003
1983 1099
1780 1599
1414 1769
179 866
1278 1298
1144 275
62 180
71 811
1277 298
425 1115
1118 123
18 1792
1667 1442
1400 1860
561 1183
90 961
175 853
163 1975
1523 1023
1368 1517
1286 1128
1743 897
1131 668
656 698
1121 1652
1933 335
1551 1980
1093 1622
1966 1892
77 1597
579 378
181 1991
1501 46
560 14
148 867
592 1934
286 1778
593 1102
1814 167
1268 1380
1952 1926
1931 229
287 1121
241 1228
1867 1131
1357 1053
1100 892
564 1819
1592 424
1970 1428
1890 1358
1187 333
1762 570
727 1835
863 1170
1780 502
1781 277
1085 1268
924 864
128 624
43 305
460 1860
1569 1843
572 268
1235 950
1285 937
1446 1507
1910 1723
597 210
793 1384
1545 110
1449 1748
300 766
845 401
1105 1945
1898 1203
121 329
1836 1661
1800 998
1756 1293
375 233
1753 1388
1384 1356
1289 1085
647 1673
784 139
1575 1594
133 1922
596 1199
760 1336
1218 138
1096 1950
1425 1570
758 1381
427 677
960 859
401 1079
436 505
1339 896
1638 56
1727 364
1653 244
1149 613
234 1547
1603 1103
81 342
1307 836
609 976
1685 1935
1208 350
795 1228
63 1467
905 106
382 1232
1792 1520
1174 1475
613 1356
1604 640
919 1639
1875 204
1935 1198
274 261
1524 688
80 891
1915 305
1839 1535
537 178
616 856
487 49
1591 876
593 459
1638 1828
721 458
194 967
161 1056
909 1495
321 1441
325 1237
828 1133
637 1184
831 1346
724 1564
176 1012
1738 823
1202 1705
918 535
1500 1518
168 1290
398 397
906 382
468 1724
1521 1916
1328 1635
1854 1403
297 156
976 1766
1376 1504
480 1214
512 154
1557 1259
1286 1606
697 341
475 149
601 959
476 1533
1547 1770
1121 792
275 155
415 1611
55 291
487 436
870 273
1445 429
1499 1834
471 17
491 1944
699 1833
1807 827
1319 1969
1061 816
1910 1811
1621 306
1718 1888
59 1569
1889 470
296 1077
525 841
652 943
1250 1781
1251 920
343 440
320 4
1010 556
815 1740
693 1662
428 158
563 707
599 1865
1898 1974
442 1333
113 780
959 1990
1360 812
1647 270
1914 1131
1684 1895
291 1866
612 1413
662 221
1217 710
317 1521
1049 541
1495 981
393 974
1744 1160
886 46
292 1438
313 1128
935 701
1269 63
1838 1529
1428 1108
1540 189
787 866
1119 602
1800 236
1040 960
273 955
254 1614
887 640
1068 720
1460 1868
818 1797
611 1002
1723 988
1038 1760
1665 215
25 182
1607 175
1926 867
1041 1178
1747 174
1365 665
934 259
11 646
509 426
241 1124
1622 736
845 1225
1633 1239
1051 535
429 1999
842 372
674 216
1404 708
1490 187
276 330
393 1057
878 1182
1365 718
1619 461
300 580
1489 778
1053 1504
1514 955
1180 1804
332 1534
1353 1887
678 1394
1430 1943
1112 954
1973 292
1007 63
228 1269
669 897
377 1455
517 1023
822 1533
617 1430
1844 965
491 708
9 1436
888 1649
1705 302
798 276
295 432
465 1998
1297 1740
1117 1206
237 92
1345 1814
294 373
1932 1983
1944 1445
1589 1097
1456 340
56 1562
1723 1418
938 475
162 458
381 344
1793 1797
115 1540
6 92
878 544
1399 432
850 1209
1423 1753
152 53
1583 1237
337 1596
635 1324
561 650
123 1272
1711 278
1642 1036
1649 154
1436 997
377 1392
161 1880
1490 354
1221 1969
1326 1664
1809 1804
897 240
1129 1562
1020 418
1232 1415
1131 1025
556 740
911 1122
720 893
224 1909
1939 849
1438 882
1896 1051
507 1247
1463 915
546 1159
1069 1207
640 665
1588 195
24 1791
1251 563
1913 79
1930 1669
499 1151
1313 1196
1871 159
148 174
613 1818
1879 191
419 116
447 1879
1635 866
460 1800
188 324
1648 348
179 1545
1306 1364
1300 1535
349 770
1390 40
1835 559
576 1146
821 559
741 1128
1728 1472
142 643
1830 1034
1208 1765
1363 1265
1321 562
892 615
816 1980
1278 799
1853 1230
1589 1771
321 1163
264 1813
703 355
918 332
1779 413
1095 13
388 1846
1922 456
1266 589
1743 555
44 1828
1176 145
1734 1460
1482 1329
1435 235
1697 1517
1875 1853
1471 551
1749 1847
781 85
1182 1168
1405 798
724 792
1692 653
230 613
1342 807
1378 1009
99 1490
1021 435
210 188
1650 1234
121 863
1442 1606
1944 452
1701 271
1078 1126
1470 431
1455 1397
1940 703
1302 1027
1577 68
1260 1086
1669 1405
944 301
536 781
1493 286
1186 1697
211 14
1834 1239
1660 1571
1683 24
137 1159
990 466
573 1603
1296 1007
1365 1003
962 784
1697 336
1164 864
1366 1659
230 333
745 1819
923 1019
1790 318
781 840
926 67
1078 755
1888 477
857 1311
962 293
1862 1916
1550 625
32 1774
1155 1748
465 360
1566 481
17 980
755 1149
503 354
475 1930
1313 1665
107 653
214 1494
1434 485
615 669
1349 980
1958 774
243 1753
630 1106
1633 201
97 485
1237 1968
1872 1169
1720 1614
940 666
808 1224
1193 1990
699 586
1821 7
220 1444
405 272
510 1578
989 393
342 526
1380 1478
334 792
1188 1762
539 1172
1997 327
1031 253
1020 757
931 364
1767 1690
1916 1268
28 1237
633 318
1017 947
615 293
881 577
977 1894
1513 1732
1346 1033
936 384
1054 142
876 1480
1195 1575
1761 1778
1426 128
1068 1815
425 225
1772 933
466 702
719 353
958 1757
1320 1951
1835 1475
1274 1399
1768 463
1059 1842
357 1301
1668 1319
1746 1227
1365 669
1950 246
1736 86
1682 1261
680 1760
787 163
1212 1591
734 1022
608 611
952 1498
1750 1962
919 35
1468 271
1032 1536
413 572
105 293
1160 937
545 267
1541 1551
462 1330
1554 857
1886 1193
268 1258
565 1159
947 1054
1972 638
94 1140
1665 1003
379 684
264 985
478 1921
1920 1835
818 35
541 1093
743 1014
896 1784
93 1613
833 107
1986 634
1764 1992
1788 1433
164 689
138 394
773 517
1135 1142
906 350
1758 354
719 1823
1949 1193
529 259
560 874
1579 1405
490 642
104 1657
1089 1693
225 710
1510 114
1201 1277
1550 1814
246 1016
724 426
856 275
198 1054
383 1923
398 1710
1859 596
1422 941
1748 1578
225 1011
118 398
1226 1728
103 1975
1619 513
1821 1541
290 1249
289 1697
1615 1215
415 479
1485 222
1487 1847
619 1432
1944 572
1944 1033
85 219
560 713
1397 1471
1756 296
1896 565
957 1507
1908 788
857 146
1283 1090
1301 1656
1298 243
855 803
141 1060
1470 1644
1810 112
509 1361
186 1879
187 533
634 260
1756 8
1279 1294
1125 242
1348 1994
433 1674
1061 773
28 643
448 374
1001 632
1413 363
1586 677
1636 661
212 1443
415 1496
1491 1754
1862 151
804 1921
109 913
623 707
208 111
1729 27
463 748
9 1054
1372 1556
1917 961
34 30
1157 1149
378 1560
804 1043
1830 168
841 1039
1497 1466
1488 125
1436 1577
348 383
1687 1344
1522 202
531 1634
938 1284
29 1347
673 793
1309 1836
1643 1081
1136 1836
1818 372
218 839
460 1777
1944 829
1594 439
1963 510
890 1937
778 1323
918 993
201 1471
1923 1256
1351 1100
903 997
1926 1903
192 579
1807 1905
1649 104
1553 1734
1452 396
946 1321
1041 1885
895 1729
1009 1415
716 1252
1859 1684
1421 166
722 1539
674 752
1225 177
500 705
14 738
998 538
1891 828
1170 368
898 966
1824 1534
1101 1595
333 455
481 165
831 599
494 1512
1973 1908
1393 1285
697 757
1148 1836
378 1161
981 402
1362 143
1714 1218
1660 1343
1806 1541
1613 1302
1921 1021
868 862
1054 1848
68 1278
1234 354
621 566
1400 1131
1971 73
1976 1225
1593 1720
892 320
567 1784
449 1759
1574 322
716 1249
472 904
1364 1625
250 1505
1594 1610
1888 1701
1829 1092
368 212
341 259
1918 1730
61 1918
459 1549
1640 585
1286 1622
140 1960
1866 363
342 618
413 1466
1970 1726
574 1059
1837 623
919 923
118 793
1044 565
147 1992
1601 713
1761 1178
234 658
1199 1253
441 773
582 1717
54 705
205 654
1039 1438
945 1646
380 1213
1416 990
1117 960
407 96
1864 793
640 1831
839 793
1516 1322
1444 146
1310 1346
1484 1458
594 1493
1239 451
1406 687
726 932
1681 1653
1765 1619
1456 596
1691 1302
21 764
264 1423
104 1487
1122 1395
1006 1341
1378 543
86 1643
1123 1691
1882 1571
1480 67
719 499
1792 1733
1392 887
1761 732
716 900
362 1369
171 1183
1576 1466
786 956
1188 197
1495 1780
1157 24
493 1976
568 1593
1344 1374
583 224
1451 1462
1069 1031
501 295
581 365
488 1875
703 1216
599 419
1710 1435
312 1758
889 870
577 1072
553 151
1184 371
1073 21
1985 1864
1882 827
630 1166
632 59
945 1932
1303 201
465 1371
758 1311
471 1772
1321 199
1742 1376
82 1824
918 1869
1236 1509
615 1444
1541 1225
1618 1465
609 1005
515 1020
564 986
1565 1544
449 380
3 979
1431 92
1048 784
1196 209
1764 1090
104 1643
1750 1547
100 1260
1305 30
1966 248
1698 1400
1396 1235
523 1154
1302 1353
608 1072
1121 1516
505 951
482 1056
410 981
322 361
1963 348
1394 531
1640 450
335 1112
1674 1013
1311 721
970 1658
1960 1979
1031 65
402 1469
1086 1171
1738 104
277 1752
1597 222
1462 1108
564 1069
1066 1104
1631 1367
128 1026
1216 763
461 1682
194 1584
339 140
1325 145
824 203
456 1505
1222 175
1906 348
1704 1445
195 467
892 1994
709 832
438 1208
94 1991
97 1748
1813 1666
699 1028
321 1058
1340 578
1648 403
1905 1937
788 1929
1848 213
1301 239
149 1864
208 1955
1862 1396
1566 1200
1492 155
1378 1050
1811 1777
180 1510
1078 1842
313 1201
1494 106
775 1218
1959 1477
145 1627
649 491
213 570
1409 531
1987 1602
1580 39
660 753
403 468
895 1674
1098 401
719 543
900 1752
1441 167
388 1734
1780 564
1720 1820
77 397
1535 20
1666 1298
1011 1051
389 309
1539 767
1821 254
95 752
542 1282
770 1486
1451 1438
474 977
436 913
1915 1385
1101 1333
1484 1318
1416 115
1147 1440
6 312
763 74
767 445
593 178
1493 1314
1226 1209
1668 1861
196 905
177 821
108 281
809 798
1536 258
322 297
1476 1131
1559 1295
1406 962
1184 1933
1827 474
934 604
1068 1536
687 179
1132 775
1577 972
321 1000
615 1872
1240 868
1807 1699
513 655
442 1498
385 557
24 1115
317 93
1587 493
1985 1780
1768 1922
114 1988
1821 1310
1480 1819
573 362
1507 919
1371 1291
545 284
800 14
44 971
258 1283
1206 1518
1092 239
1412 38
1258 1068
1367 1960
877 1755
276 1361
1255 1671
527 93
506 783
62 1671
938 649
1198 1387
1690 600
121 1727
743 1260
56 1690
190 580
361 1430
1438 800
214 1974
1599 1575
264 1072
45 1256
1358 759
1241 550
449 1281
79 1301
408 1253
580 849
1148 726
74 1006
1292 838
942 588
134 1619
1470 1916
593 398
788 344
1867 354
1055 1363
1722 217
1813 451
488 1360
360 1488
283 1313
1396 773
1115 1951
1508 439
859 1531
546 258
1025 881
952 889
1183 1808
585 1649
236 384
330 1890
1601 1254
755 1750
962 1866
597 333
1435 771
882 522
17 1898
157 1117
986 1421
1265 858
887 1081
249 198
654 1321
1863 1606
251 1517
883 132
113 1553
1406 731
1046 288
1995 366
1514 200
380 1616
1840 1193
958 747
12 594
1077 789
1721 1994
1050 1288
1974 1296
788 1604
1847 1360
1870 1169
589 426
1736 429
548 110
189 540
1550 1355
1778 796
968 1441
1749 638
57 1935
327 628
1021 631
1740 25
1257 1169
825 778
433 881
412 636
1690 328
1471 578
362 513
36 319
1740 730
1126 1807
270 1880
1957 369
1905 1339
1822 1653
510 191
650 1441
133 1639
994 691
358 1839
1695 1982
637 1050
360 1966
987 643
1777 699
455 1314
1360 948
1131 1996
1977 1363
67 518
1344 1387
1438 1668
235 372
9 74
1702 802
1635 1676
1711 1715
1220 1878
1715 1242
564 468
681 1182
1368 719
58 1896
804 72
417 179
370 1540
1429 1621
59 166
400 218
1697 1322
1104 867
1431 1575
389 1302
1986 139
1534 305
1605 1289
1984 257
818 1877
616 1285
177 1841
279 1424
1073 2000
1156 1109
1540 719
1417 353
1189 1639
1500 245
1477 759
1611 19
1926 1988
349 61
1910 1000
472 778
348 766
938 129
1025 965
1645 752
1064 332
715 1115
667 420
1319 1537
349 1234
1171 956
1921 1605
205 1810
1020 989
1837 1647
1940 875
1587 587
1895 1482
1107 1063
120 1974
1079 1655
330 533
268 373
1760 553
682 984
426 1893
727 853
2 1444
1237 1530
1502 1469
1064 1871
980 654
1499 1877
1978 1519
1085 321
1610 425
1334 1660
1849 1468
825 1843
1699 1558
1117 1100
1873 579
1024 1840
871 1313
1919 1928
1966 1410
222 442
804 624
996 820
261 1173
787 515
62 1951
39 1132
843 610
1636 520
217 1101
104 457
1987 207
1353 127
1009 1656
1413 61
932 1908
26 1029
373 1825
356 1783
1970 526
1944 792
1951 555
1967 759
643 91
659 164
975 304
891 707
880 1745
234 53
1181 1818
1578 1539
221 88
841 713
702 1522
1429 927
18 1772
1564 202
392 460
672 1039
1373 1938
480 831
1805 700
391 1541
919 936
525 85
333 26
1196 1137
1158 1778
1699 898
1082 1243
1120 1061
1233 457
786 1711
311 470
960 1438
1191 1234
903 32
1747 1042
53 1445
999 1247
542 382
1958 1099
402 958
366 1885
1661 1552
285 857
1381 1160
1866 1764
845 137
1690 1236
1839 857
1026 1882
1028 349
1726 977
782 221
821 1680
116 1255
1770 734
1287 482
1036 882
111 179
864 145
1157 156
501 1508
1050 915
260 291
1067 1577
1151 1165
1753 1789
1616 1268
1878 1125
585 11
443 788
1596 1452
1157 344
1981 955
1955 1176
1769 823
511 950
761 241
19 954
595 644
426 1141
220 1411
349 1604
1061 897
1596 1756
1208 216
1547 1568
947 1458
657 286
1721 1169
1925 1797
1468 1834
765 616
1247 794
1479 1098
1329 1107
1672 1194
1276 126
1054 824
1696 204
103 1070
1169 1316
1451 1132
479 1634
1510 188
1562 653
576 111
1082 1030
155 1956
1773 1311
643 1009
1219 1460
1793 145
61 147
184 1160
1798 1376
243 1685
464 1227
1605 343
1409 1053
6 495
1890 1603
363 6
698 429
1816 1553
1411 1727
1991 1389
1428 1786
991 1749
1440 610
1765 1389
766 1856
1424 61
362 129
1862 1841
987 1119
1771 194
1773 1217
1797 1959
632 1631
1413 639
1987 667
1684 494
340 797
772 1409
1380 1377
1708 1666
1916 1438
1767 1945
469 1546
1840 842
1239 1816
1303 316
1848 184
38 1563
693 1617
1229 143
1659 746
499 785
470 1380
1421 58
705 1757
1736 1768
1528 972
1790 1009
1272 1890
1214 1762
237 1178
1501 394
604 363
889 1773
1037 1998
77 514
1678 660
1666 1466
1129 1175
687 915
329 8
319 673
258 983
49 1353
145 1088
1184 827
194 1960
702 229
1005 1291
745 1530
1340 1995
1170 1703
696 1581
772 175
562 1287
1584 176
1416 1252
553 641
1791 1225
1758 1729
1624 1094
910 1412
92 970
1489 647
630 720
314 1044
1305 1073
1369 250
428 124
209 88
400 1180
1250 119
1152 279
1406 510
1128 605
1007 1570
1546 1280
393 1041
1535 204
688 1899
525 1351
302 1089
1839 1848
1251 1484
956 1243
1313 70
1426 634
1068 1797
528 1593
944 284
1646 226
1568 600
216 745
94 339
932 1547
479 1616
429 564
589 1127
1836 1744
1747 1096
1618 1390
329 1488
1440 1910
730 1519
1620 1687
1806 1056
1721 89
1476 817
648 706
59 1592
86 797
618 632
1854 989
359 1859
583 703
99 1978
1977 1042
620 1925
932 1300
1717 1917
1898 1313
6 1560
1592 1741
52 864
634 1289
1988 1903
968 931
6 1139
741 1439
1616 1743
439 999
785 642
386 1500
1849 320
1573 1301
1185 1614
1446 132
1163 1790
1763 754
857 1198
152 1411
1719 772
1644 1829
388 564
718 1580
1964 1720
1010 1227
1439 11
26 1593
1984 1233
443 11
1167 82
410 366
1099 250
782 1964
992 202
779 233
1585 374
1664 1077
1149 1464
1527 658
11 1071
1607 317
563 1365
105 973
658 943
188 622
1786 1505
1675 1025
567 1158
54 1748
942 1043
733 1431
423 74
622 1953
1919 700
859 1606
62 391
1951 1087
202 1747
1855 946
1608 1308
276 197
1236 1146
306 1265
630 949
84 1669
297 1007
698 553
637 339
655 423
442 8
1511 1418
1240 765
287 1996
416 516
1188 1691
1973 949
786 1787
1634 243
926 901
516 1890
12 441
536 1087
1065 1345
491 357
1137 1898
336 446
507 671
286 1863
715 454
482 1653
1994 769
1738 999
1955 163
1158 1577
1708 48
322 812
923 1218
1 293
460 724
1103 1809
166 614
1715 1569
341 555
1732 623
1580 89
1418 480
1022 638
549 474
277 1339
1210 470
153 1639
1032 743
585 1379
1664 425
191 1342
1737 1805
26 1653
578 873
524 40
968 457
414 981
1986 600
1567 678
1960 1181
1843 1978
1824 1448
880 752
1140 637
406 827
529 1316
709 1784
1494 758
1740 346
290 634
1621 1283
277 1981
417 630
828 46
1991 78
1674 1138
99 1541
1485 402
1632 926
53 109
659 499
634 1256
53 1063
765 1619
705 1428
711 1570
263 18
566 1635
15 1247
1232 1731
313 731
245 1254
1197 1767
581 1890
735 991
1541 200
405 628
832 1145
345 1804
899 342
575 1114
1463 1398
1667 672
1893 310
1650 1110
1990 1357
1915 1604
420 422
1374 1774
1998 515
310 1226
912 1275
1138 325
282 769
1372 906
1183 483
891 1278
1290 941
403 844
68 1417
57 1645
855 152
804 223
1291 1436
1675 1424
1328 1343
570 1885
917 198
602 345
1138 1585
1891 600
1001 1514
175 1025
387 1642
737 715
740 507
437 332
481 1211
1252 1835
1684 1657
705 936
1596 727
1119 1888
1013 50
1932 1426
203 520
531 1134
1182 596
625 1096
404 1542
1330 1253
1529 930
179 1433
878 1416
1786 183
780 1621
685 1469
768 788
136 133
1557 739
638 904
529 1457
1177 652
1494 703
1232 305
972 1170
1021 1368
717 338
1470 295
1203 481
965 1466
1115 540
1631 616
120 1718
8 1767
1862 439
903 875
1050 618
1637 1443
1224 238
393 34
986 1108
634 179
1105 1711
276 1041
857 370
894 316
1157 242
1052 654
1592 732
132 16
1993 1854
1196 1936
1285 577
157 1616
1007 1112
459 990
1366 1754
1914 222
1015 1272
862 1495
1758 1157
504 1455
1619 609
242 205
254 859
1379 1108
1242 1132
1792 733
1675 1553
1553 1760
1653 1185
1870 1622
1369 1902
901 1479
685 1784
1548 1829
1552 145
1222 205
1144 632
1371 312
939 738
327 913
330 607
1329 1834
833 1920
408 1914
1059 1424
961 1851
1576 810
1755 289
328 831
658 669
1881 1004
330 1299
592 666
837 1586
7 1400
521 1107
313 867
1734 1053
8 1454
285 1868
606 374
992 1444
1632 391
397 212
1442 1860
1960 1957
79 1443
365 523
863 1519
937 1406
1210 1325
603 620
1597 859
919 472
1163 1475
575 957
114 1749
529 887
1603 1670
207 1348
712 69
1760 177
277 1154
1944 1207
299 1524
394 1201
1611 802
654 601
532 739
752 117
555 297
853 248
444 1681
824 1163
1451 1210
1313 762
554 1386
442 534
1481 622
1357 1080
49 1797
665 810
1533 631
96 18
1359 1577
1843 845
1374 719
326 1817
59 939
1922 1540
1358 212
1612 1318
1434 1364
511 32
1954 999
1209 461
39 1101
1993 1841
1323 277
480 663
1200 535
581 241
1967 1867
46 1728
1742 1172
1622 1907
1868 1049
1836 294
1478 225
74 1000
1635 1062
1534 1940
1537 1711
1567 670
1614 723
1563 1780
1347 565
627 1634
1696 1074
856 958
60 754
1462 580
1066 808
190 182
1099 599
8 890
620 1773
1091 1294
1145 622
462 785
689 703
870 439
790 621
1184 1488
225 1124
130 1393
1583 1134
731 1113
656 1777
349 1013
1025 1363
1980 1659
1250 181
1497 67
1420 600
1592 696
681 1826
38 205
210 628
885 1296
948 1578
1774 1060
263 495
1303 1138
751 1689
127 419
307 1802
298 828
1355 1027
693 111
473 1151
1 821
1251 1693
1510 842
1889 1166
1809 1840
1796 1827
1310 1323
66 457
218 1975
174 684
858 1711
1165 1156
555 1535
1255 322
1127 421
1500 1291
452 81
671 1762
292 1011
1685 145
1537 1238
1884 1619
850 1749
1120 180
35 1279
936 1460
1682 417
1692 228
1153 44
96 1365
960 1205
1283 185
967 974
688 1339
204 1222
1955 527
1024 219
159 688
809 1488
1185 1586
1257 445
1752 484
1423 1437
387 541
1561 1562
1372 1622
1138 1238
1661 1357
1741 197
576 1172
825 973
1352 420
513 767
1685 1336
1288 616
1947 1230
705 1781
734 1328
1872 767
1073 862
530 1571
1780 46
1973 1098
990 978
1944 63
758 643
337 1060
871 1779
1253 931
760 1735
1280 179
152 601
15 1136
769 1809
1148 1136
704 1221
1092 55
228 659
557 369
157 1227
1481 1912
1534 293
218 468
510 1044
61 1767
839 348
1283 963
813 240
273 1562
1356 58
462 1591
877 1874
1559 1529
1848 1278
1594 69
1790 831
1109 451
700 242
719 469
728 1323
616 1236
319 1332
742 601
1905 1474
1960 751
1081 237
641 1891
1922 857
511 1721
1977 668
604 56
1330 976
1 308
122 190
793 1390
802 1843
1565 705
743 992
427 296
705 447
1068 526
487 1420
271 1088
1671 1923
1468 87
911 1257
1296 1445
1534 1777
385 977
1485 509
1335 1844
1177 567
761 725
1800 238
148 667
1476 1328
1995 1727
1160 113
559 1324
1682 236
1508 947
351 1786
1528 1338
764 1971
1890 514
909 874
531 1706
1924 57
473 1546
659 1267
489 1282
1151 1937
1539 1731
299 583
868 1047
1975 1663
1047 1385
518 283
1576 611
1924 908
566 1691
338 71
1663 658
193 900
693 1627
693 1283
1842 1033
301 1760
439 1409
1369 1093
1079 1012
1504 1627
1629 1271
1387 1765
1893 1684
1665 88
702 432
1893 266
1242 1634
1833 571
817 863
390 1496
391 1015
787 257
418 1575
1479 1458
439 1858
655 725
1278 880
1303 1385
332 1092
1770 420
398 813
1671 1358
1777 1668
468 807
727 1413
292 1776
545 1693
1810 878
873 476
829 753
920 1315
916 1157
1543 1528
1285 1418
906 1798
1800 195
1140 84
576 1862
1346 261
1139 548
5 154
1087 21
558 1290
964 213
353 561
1901 830
657 1113
30 1439
1010 661
1249 1797
1800 907
664 1415
962 1655
770 1054
151 1640
1801 520
1035 368
91 849
1099 1991
100 737
1350 1605
496 371
709 350
522 599
158 602
334 1224
1833 1111
1494 781
705 1917
390 802
1272 1200
1003 601
547 1678
324 256
1529 1006
429 1919
1962 608
1677 600
1104 977
1020 598
727 6
1538 583
1570 1742
1660 1981
1710 1266
1945 1144
518 1520
350 1593
1325 1759
1938 1314
435 866
1966 63
81 591
1 1639
197 101
906 1983
1307 478
1504 663
1823 1283
1105 1863
1874 1786
870 529
1279 1887
657 1982
1168 1885
847 1037
992 153
1652 856
1210 1296
911 537
1901 1802
476 845
948 532
922 1726
1255 1426
1716 1055
1298 1494
1471 1268
26 1367
607 1304
1786 1916
1196 342
575 1800
1179 1087
1 1591
1320 1585
1597 614
1136 1480
254 1829
1472 585
983 1881
845 1641
972 1051
786 1341
579 1275
1997 1305
229 554
1373 927
1907 276
719 1983
1773 1017
568 1470
191 374
35 1614
1991 12
1482 1074
99 1214
375 761
1262 969
1726 686
197 87
1980 634
25 1464
1838 1614
247 300
1754 368
524 1110
481 985
1737 1110
1170 470
655 331
1495 1832
388 76
183 1839
746 428
449 47
1925 684
1762 1084
1089 383
1048 439
1488 1346
470 430
1470 1452
214 1184
1754 770
515 1573
532 52
1541 408
1416 1669
817 542
1187 795
776 841
182 1036
1537 1375
680 953
597 285
1316 241
1001 307
34 203
1531 1192
1662 632
1275 640
1025 1886
1968 1523
205 183
677 521
992 930
1735 906
1723 1015
1509 614
1133 308
1910 1660
1382 1943
1805 1372
968 767
928 517
1184 1777
362 1259
1870 1763
1215 1933
393 1263
1042 418
191 238
1371 1374
1210 1186
948 1225
1384 1412
183 1763
1487 748
326 225
1102 950
226 1460
216 1968
566 520
630 1571
1703 1758
768 278
965 688
186 1273
405 621
493 1138
1649 1284
1530 1647
1298 1299
108 1262
1702 139
1386 1359
1305 1773
1573 1587
500 330
1585 1239
44 41
7 31
1672 996
570 1686
483 1751
954 1490
599 510
381 18
965 1557
120 1532
1441 14
960 1959
805 1354
756 1379
894 1331
231 1280
507 1323
1902 159
1935 1797
1342 1865
518 596
1810 470
740 1226
1616 127
126 195
1430 1759
799 1971
348 1500
1914 1594
1014 1671
293 1932
40 585
1311 369
123 1157
1758 1445
240 1236
1503 1150
637 1646
1456 839
1163 1397
362 1476
1802 806
117 903
979 171
1433 1217
936 1974
388 887
786 1667
457 129
696 94
1356 864
1704 1635
505 1958
336 156
1257 707
1390 758
293 799
1914 1869
1450 1925
779 1785
953 1440
611 378
527 192
1457 1706
502 234
1238 1521
76 713
1772 1040
479 100
432 734
38 732
632 1402
370 1261
933 1621
996 1639
905 578
1962 1812
972 964
675 679
43 866
69 1827
1096 1909
339 1247
1859 1305
731 1823
1832 1872
791 512
1542 477
1274 1152
1213 401
512 1156
180 1950
858 987
1248 930
2 180
221 375
546 1973
1956 1224
1061 1853
1921 424
951 791
401 1570
696 1105
402 1346
11 850
1383 1568
351 951
1705 858
1417 689
1765 208
1361 1317
754 31
1256 916
1648 76
1399 1118
842 316
1993 338
692 1560
132 1799
1831 1661
1119 217
1210 639
51 742
152 1485
1024 3
936 777
589 819
1216 701
1687 1821
463 1024
1654 524
28 561
1232 1261
784 791
1459 659
1424 897
663 416
152 467
1274 750
981 1472
867 1902
1720 1330
1085 996
448 886
1543 1200
773 1672
1814 928
612 506
1024 380
1605 1643
618 1618
1293 1380
1436 829
582 929
1653 1292
1860 1530
706 201
497 668
1830 144
407 1359
1604 1027
282 1291
1501 1438
793 1521
1392 347
14 874
1183 1446
1199 528
220 687
1667 1367
1095 447
1901 1399
1336 1330
142 214
1042 1150
591 1585
1342 784
1721 1751
1567 1625
243 258
894 1577
895 1593
1279 1373
541 1052
1232 856
1013 1258
887 142
690 976
1497 1874
917 587
374 53
1890 140
1053 904
601 1130
1146 460
175 446
640 31
1033 444
1160 337
1191 222
1840 1217
549 1758
782 491
1418 367
1941 847
1021 263
1634 1879
358 666
1031 468
1485 107
1459 115
1165 1997
605 835
85 1626
856 1259
761 599
1067 237
2 1750
1309 417
644 95
535 203
27 175
1277 1648
1575 1328
680 988
1023 985
1424 663
363 1579
415 612
1866 1592
777 1332
710 1979
1974 757
1151 722
1807 1522
711 1916
140 1739
1749 1664
1668 1517
284 1402
943 925
168 1698
1368 881
648 243
1515 782
1326 1901
396 276
1073 1517
1097 1797
1225 1239
285 150
1374 1137
530 1583
1350 1610
1248 934
1019 1304
1804 1196
46 293
1590 1407
539 1920
1209 1462
1961 1464
526 1512
367 1974
316 291
326 784
252 558
709 192
893 1505
1128 1248
1352 1200
1349 676
366 881
958 1986
810 1598
1127 790
1524 571
1081 1526
1716 720
1137 1545
17 1774
339 1912
1734 977
640 295
1665 72
1756 765
329 998
432 551
338 907
1882 1730
1843 23
673 78
1093 169
1350 1694
1692 1236
814 641
735 66
1761 903
181 1290
1333 1939
390 1522
1871 974
170 1972
163 882
1126 1623
1263 551
1175 1230
1007 639
1067 1686
497 1305
206 1049
1593 1526
1559 481
970 807
1368 278
1167 1011
819 1074
108 1840
865 1588
131 270
1227 454
569 1265
1687 1362
1935 1342
1546 310
108 304
1603 1517
681 1010
283 236
663 1349
702 791
76 756
1504 726
233 1164
1501 1937
1365 969
1535 1763
1659 1443
1935 556
1702 194
1514 520
954 1188
1256 1930
1445 1793
1276 1480
716 1828
1147 1228
155 1744
680 1030
1381 369
459 1432
1945 118
692 1564
3 1227
1406 1670
1753 1893
1618 960
1488 779
1603 1063
1304 321
1874 624
1918 1703
1031 977
214 198
1952 45
1923 1800
1401 827
1304 174
838 284
1354 1793
1437 843
835 1122
1969 995
27 1432
90 1291
1680 215
1730 153
479 1674
575 210
430 1343
1735 864
393 1701
912 1725
1980 1024
1601 573
1412 1963
535 1176
212 1847
1705 1473
1592 312
114 1615
908 1637
483 299
880 892
1220 1727
838 1889
799 1801
1108 1136
1066 708
306 111
1925 1857
945 111
663 1000
1503 1178
1284 336
553 147
1984 793
1575 1779
904 1040
816 414
89 916
1313 1319
1082 85
1333 429
518 1079
1740 1085
1579 351
1009 1856
1949 1372
747 1833
1181 291
1443 1922
576 175
1568 367
704 1326
1176 1480
376 347
270 141
1866 837
1410 605
191 1185
1219 1599
1038 805
1582 346
208 164
961 1205
1464 1808
318 568
805 96
237 812
1866 1295
86 8
884 1079
246 1565
1509 965
482 1097
1540 1598
655 1542
303 1781
263 712
1285 1686
714 233
497 1797
970 1382
120 1455
1511 1621
1717 333
641 278
1295 520
290 1312
969 1502
684 850
561 1707
1857 1792
1312 1878
1599 1735
328 1755
279 1299
1050 412
151 567
1286 1588
788 1535
1736 1793
1881 956
1148 1123
291 330
1131 77
675 223
1872 680
19 1181
640 1194
1534 1607
18 406
546 1666
226 37
1050 142
1394 715
1271 1939
1352 1287
50
518 195 580 1726 190 1128 300 248 701 930 1215 526 1800 935 1859 1588 444 467 1456 1269 1695 965 1593 1182 1537 1970 1462 788 1208 1982 596 416 1889 954 1545 849 1929 934 709 1430 350 126 1681 1248 1428 906 1806 919 1653 1199
