2000 5000
726 24
867 627
1029 1405
1666 1086
869 178
603 412
792 839
1786 242
1271 1832
1562 855
599 1733
1303 1165
1267 390
503 1106
1015 228
1066 423
515 1628
1456 661
643 210
239 293
574 1670
576 1276
558 495
1410 1407
1530 1835
1171 161
1275 943
1425 917
1605 795
558 1875
1708 408
431 142
1062 1714
12 526
1402 900
1870 991
1023 1805
739 539
1584 263
1649 558
1716 94
624 764
1531 240
1925 321
443 388
562 203
95 326
11 233
421 865
868 969
31 673
252 1674
930 1205
1066 489
447 267
1476 801
1702 1582
1018 766
1697 631
405 623
1063 714
1080 158
547 586
1148 1496
247 298
775 1511
1625 1421
1039 966
1071 166
1334 12
848 609
1215 746
1008 787
1167 544
962 1238
900 1465
1332 1906
337 1011
1564 1220
1378 998
164 147
186 1361
522 1723
122 912
1835 492
46 1618
754 1383
1902 130
390 1066
237 1326
1472 1579
1674 598
668 1622
614 1251
1107 1239
279 399
1866 669
632 1855
1448 253
1049 1043
461 376
1938 463
152 1949
1044 156
1377 533
1494 1716
1843 1898
929 439
65 33
1402 629
343 144
1014 1899
492 114
556 810
671 1100
1959 87
356 83
1143 592
1978 1510
391 81
1513 64
971 826
271 1891
342 451
1412 1474
1493 1398
102 95
1673 598
729 265
1594 681
1296 254
316 225
886 1921
733 221
548 124
356 619
1288 1464
158 60
726 183
987 3
1088 536
624 1357
792 911
1309 1651
1979 1487
1278 841
930 1998
859 1195
1226 1390
323 1963
1752 1762
819 53
1679 1683
1088 94
637 778
1615 381
946 1183
1073 1582
562 1450
96 656
25 1823
786 633
289 1463
542 991
441 87
1653 137
403 1098
1747 1302
1737 687
732 1045
743 484
46 49
31 1689
1311 1049
1298 1133
811 1633
196 1758
1012 536
1611 1443
1371 1646
786 1649
683 1666
1378 1408
672 284
1353 328
634 790
1014 1047
712 1822
234 857
1299 1182
1543 1656
684 1486
335 405
473 720
1856 233
874 134
1481 1494
586 1424
1732 482
1413 999
1666 118
1406 1373
349 1982
434 721
882 119
1944 702
1879 336
928 138
1215 1673
1606 863
1485 1000
306 1985
58 63
1444 1478
1334 764
824 541
283 1394
1561 1512
671 1727
498 1102
1474 1502
736 1826
163 281
1090 441
1780 338
1483 558
1627 45
792 1099
1712 1374
1009 572
1046 887
1137 1460
493 1373
1165 297
325 1395
1470 1671
576 544
994 920
1757 808
440 1681
558 1142
955 1921
1007 1689
1633 477
198 1579
1943 1906
1748 1150
1147 1033
1238 660
1308 336
686 1413
310 32
1493 787
826 1360
1359 357
644 394
1320 1772
674 410
225 1386
1029 3
1471 1282
599 314
1835 371
1896 1841
1437 603
317 1231
1172 1209
82 49
56 1158
1543 1217
1061 916
641 1014
331 263
1484 715
108 1305
38 71
1754 1201
1368 1358
1818 645
957 1933
706 257
1543 364
1584 1592
1190 1434
822 1039
1402 1091
1388 389
113 1347
467 260
1290 1864
466 909
1794 516
1929 1534
1791 836
1136 941
1386 1702
81 416
780 273
1474 749
1379 1904
1131 323
1668 905
1049 190
678 1124
1534 1228
1293 294
25 1705
1712 464
651 772
1785 542
301 578
1014 891
680 962
57 791
764 235
65 1668
22 1964
659 306
1711 1895
1361 1088
778 812
381 978
1341 1121
49 315
304 329
1345 1770
984 1818
1824 1821
1867 888
1884 1246
728 595
1612 936
439 284
1692 1928
372 529
1091 1069
127 157
564 999
522 1922
976 294
328 1863
427 1857
1871 1464
1289 173
99 1333
1101 1090
1268 1518
305 321
1491 1901
1370 316
554 1124
16 1279
430 872
632 1289
589 40
646 554
1808 1683
1479 1104
1531 18
1642 1121
615 1148
849 1695
802 761
1025 1632
18 1408
1173 1358
1795 1454
408 245
369 1469
1388 821
1328 1544
33 703
1604 150
244 1238
1410 620
1799 1278
1773 296
474 329
880 857
642 20
467 1395
1515 1606
1337 1495
1597 1974
108 1725
1237 625
616 112
1084 614
1515 97
154 1803
902 689
1010 617
921 1822
1385 1642
1422 1359
427 646
507 9
84 549
987 1100
1518 247
92 676
1745 331
1788 228
1596 1017
363 901
540 1080
228 797
201 1650
1189 1286
23 1900
1002 1406
493 919
234 172
680 1725
921 976
232 567
1016 1114
1939 1610
1974 483
997 93
1929 967
723 1709
150 391
1329 1238
235 791
120 1529
67 436
881 1658
1836 393
697 1096
1198 592
455 711
365 294
1682 941
1641 1938
1752 1140
803 194
781 74
105 1587
211 364
561 1546
959 850
424 1956
125 876
1333 38
1157 1342
1148 313
860 1349
552 142
507 1158
1963 199
1585 1946
1889 1172
1290 852
1794 626
1132 929
808 1800
1897 1010
378 1586
1408 1533
1373 1806
277 561
1258 1736
1334 714
1650 1006
685 1607
1357 1528
878 282
289 181
1789 1955
1174 561
504 413
86 345
1737 285
808 472
1157 1120
1827 641
389 414
1561 114
644 1879
675 1013
1236 1001
494 203
1868 1011
1728 1778
788 83
122 1148
1816 531
872 202
91 1133
394 1149
1202 644
257 1001
1467 422
1494 909
1979 1056
950 1954
1822 1431
1768 860
53 97
1000 815
1587 1219
91 520
1457 652
751 304
675 1641
1479 1161
1472 1478
511 1206
1548 1584
1594 1283
423 1962
1183 175
556 774
217 990
1453 1458
166 1919
815 1126
391 1389
1590 765
1670 524
1074 567
8 980
1268 961
203 1226
975 1762
1787 381
1160 778
1591 595
198 1008
1078 1137
1295 394
1604 1012
1723 1264
1812 509
953 697
343 90
175 1723
167 794
1217 1327
1585 779
760 1170
1877 48
244 565
1622 281
1702 84
1527 176
754 1756
166 1591
1134 1929
1735 1440
703 519
849 1411
1297 1882
1398 973
553 1419
580 648
1345 783
122 865
288 702
1828 852
1969 408
1390 1206
1852 1547
1205 1086
1391 902
1355 1487
1247 1212
387 900
324 541
1784 1553
1662 1036
1288 1306
1188 357
1511 717
1167 1327
590 1034
590 613
742 752
1108 265
699 1364
879 616
1798 968
1295 673
1659 740
1893 1489
1550 940
726 615
196 1119
721 1953
1266 800
39 980
64 1515
394 1548
467 1709
212 862
1861 1266
801 1858
245 619
305 1630
335 1495
510 1734
549 1606
418 984
149 1765
212 1159
858 622
1416 210
52 167
82 1849
177 1854
1988 5
971 422
204 1402
1800 1552
1400 303
663 1212
1913 1794
127 885
937 729
1959 31
1176 70
343 1101
1195 1755
1651 118
1972 24
460 157
1912 782
1321 358
391 702
1523 286
1262 1576
933 977
1250 1185
1621 1246
869 521
886 844
1747 832
1239 1035
480 8
400 1592
1408 847
1844 44
380 1749
342 1936
1001 1583
1487 1221
175 735
1051 1853
509 809
16 273
871 169
549 1561
288 401
858 690
357 369
436 1870
1398 5
415 529
1092 1233
1400 1484
1513 1743
813 1017
1028 461
134 413
973 256
1322 1019
191 853
1941 506
1172 299
1955 1735
1937 1513
900 1885
538 829
274 643
1558 555
1756 1120
1641 1419
1985 193
179 913
1216 1440
461 1804
325 1042
700 1289
465 229
1851 1129
1891 1850
1526 963
1013 742
1878 912
1247 1953
1970 1971
554 930
222 394
1587 1376
5 550
164 97
1910 127
1544 718
808 864
627 1821
55 1751
279 414
305 1454
429 295
331 199
948 611
1850 1746
1428 1635
203 1716
174 1753
612 979
1427 641
1392 579
1618 1367
921 790
1483 268
26 1656
1380 581
432 238
1734 923
1131 765
709 1243
1609 1807
293 852
476 148
1840 1377
1646 706
730 699
233 1637
445 1758
948 601
837 988
597 44
1931 669
864 401
1662 1726
163 1204
1033 1864
94 1353
1691 1313
1362 131
865 1487
831 761
855 1487
814 1287
259 1607
1412 675
980 1809
1655 315
299 375
1718 330
58 1294
183 675
1882 1210
1206 55
46 1085
1979 1124
528 1074
1029 1968
1957 399
1801 1931
1640 1263
1241 1784
91 1927
476 517
1483 746
1867 1000
1801 866
1303 1710
891 1541
297 1958
888 769
892 963
15 211
791 275
833 1244
1457 1190
1025 444
1157 1942
1742 79
1312 402
1533 1329
621 856
708 571
1692 1907
517 1967
82 1450
1842 1229
1429 1496
352 1800
639 927
179 1346
761 809
1262 268
404 1612
1729 1345
255 1660
1716 824
562 1202
1585 1111
1188 19
619 791
196 1200
339 1565
804 916
1219 1644
465 1198
387 1165
1767 1991
1994 443
1371 854
1984 959
1758 765
1824 431
1047 961
768 1382
54 53
208 1009
498 445
1984 1515
996 615
1526 526
1268 862
957 1555
1622 1044
229 785
1002 1814
1151 1294
1229 1000
7 1867
1618 1456
1954 114
1661 101
1427 1159
1746 1770
621 883
1486 1300
1120 59
892 1721
986 1702
1608 1789
1856 1598
1763 119
10 268
1429 1657
1110 1321
1570 277
1521 1629
824 1193
329 603
1146 932
1261 17
1013 257
309 1473
526 1519
1997 1811
488 535
599 282
738 252
1545 1209
943 1484
1173 645
1807 1874
99 77
64 1242
19 395
918 1114
615 832
549 1711
1235 953
966 506
169 1609
299 1585
1824 1431
1601 1964
215 884
1975 1875
1855 952
99 467
1808 854
1588 1451
627 817
721 803
1099 633
269 931
2 1742
1971 1905
1324 725
319 1071
252 55
1874 1767
827 413
1866 56
1633 1322
1135 38
1049 251
1041 1436
1595 1420
1197 734
1287 685
1685 159
960 1801
1277 923
151 678
154 1092
1479 836
985 1853
1602 232
1327 694
119 746
1540 340
633 87
720 1471
746 1762
1362 1998
419 1039
1630 1263
1807 1483
679 232
704 174
1539 134
851 1656
60 853
1817 1247
687 1537
1597 4
535 35
1217 1451
1910 871
415 1497
936 1017
12 1795
1034 416
1468 1706
52 648
1122 1481
1057 258
1727 1656
518 482
1852 1181
828 853
33 277
911 1944
1889 811
1757 380
563 1241
1836 485
33 634
1760 992
1126 191
1630 1872
1120 1917
382 1337
831 909
1083 52
964 1636
1085 328
176 1422
1975 283
465 22
1195 1286
123 600
1399 1537
1182 296
657 1976
1237 206
18 1831
1064 1382
856 284
1932 143
701 96
1163 1757
1691 1790
1544 1660
1342 1795
245 777
1314 578
1677 1075
1136 86
748 1027
1554 1305
1683 1250
1979 545
898 290
1524 1472
841 656
173 1096
238 471
445 1551
1711 385
620 1328
260 686
1172 779
327 819
309 1197
1770 1560
82 1277
969 404
177 1140
1379 612
634 919
1756 699
953 533
974 672
1132 51
298 696
597 1443
1208 1975
154 1708
354 369
1446 1760
1955 1930
1434 1459
1507 847
1939 844
1301 632
488 1542
694 621
1618 38
1412 1971
1566 848
1575 1558
450 986
623 482
1151 1030
1463 1757
730 1427
154 883
1905 79
826 1262
224 811
1413 1681
1836 189
783 1531
329 825
1431 890
1712 330
238 1292
890 586
1966 980
1848 1880
1070 1858
1221 1355
1627 1034
860 1969
1470 384
1979 104
991 346
1098 1570
1716 491
21 1376
634 1594
1247 214
1331 139
1683 1895
181 851
4 33
978 1008
50 785
1237 1068
1004 286
1580 385
1454 1773
1095 107
637 237
1069 1424
219 435
620 686
1302 1060
1783 344
1628 620
1391 1519
990 375
1784 1435
1935 147
180 884
992 427
20 1616
613 1210
296 1561
765 453
1523 184
1572 1279
521 263
231 1480
9 1395
452 1854
1728 504
1778 1153
1348 1902
1639 1320
481 388
186 634
903 509
371 729
866 1952
1427 761
414 449
1621 950
604 585
789 1659
1636 862
768 968
1651 959
128 237
135 576
1651 1810
835 51
840 1158
1054 1633
1295 154
1866 154
1463 1855
1642 256
150 463
964 1916
949 1822
1360 1961
883 1190
868 162
620 840
876 1572
1006 208
940 1839
1600 643
583 1289
1464 335
1713 543
36 1233
1174 1716
891 1903
77 253
773 492
1318 1828
62 607
635 847
241 575
525 915
242 481
720 1260
1870 1253
1903 595
1321 96
543 990
1042 1326
1268 1672
1114 1572
745 312
330 286
802 885
1348 916
1201 815
821 679
1510 550
187 935
617 1514
1809 1936
1888 1301
1809 1853
769 311
984 695
463 967
1425 776
1440 334
124 665
785 1491
1136 953
534 1658
682 1003
736 1375
508 414
1063 327
40 1044
1268 1829
1870 715
1226 1012
1181 1297
773 26
146 857
4 648
1143 975
1470 624
1674 1691
985 4
360 7
927 1198
1414 1973
1207 787
1109 728
1662 595
625 944
262 1395
1418 347
1764 843
834 1527
982 1386
488 212
1961 1873
956 1154
1415 24
430 1994
1157 157
1966 1732
1795 395
1895 207
1150 1234
296 1141
1374 612
1828 514
1800 752
1261 373
290 59
667 223
1826 821
1796 1603
816 1179
1787 1504
1770 292
1335 1663
640 1070
1296 1206
1224 1588
1634 8
1966 1065
563 1307
1696 251
1067 1374
1801 61
1268 1734
732 1233
1571 1116
1001 1922
1515 862
821 712
919 287
192 188
1511 1720
1945 1902
1334 1355
621 356
1589 1308
1199 1883
1709 24
1858 936
1667 980
816 653
93 250
1899 1118
82 152
1199 1282
158 749
1820 1041
1150 1675
399 618
434 437
1970 1546
1955 653
1911 766
350 834
523 152
1081 535
1228 1947
190 1751
932 78
1662 569
429 1938
790 31
473 1186
1845 657
1829 25
1098 1603
153 565
711 1171
1034 496
1867 123
1522 1000
1541 424
1986 1971
1310 1070
975 818
1471 627
1406 34
1115 783
1853 982
582 1042
737 463
456 1321
1431 1845
15 1446
154 1730
404 1236
483 642
493 1825
200 1303
1353 764
713 924
136 809
55 131
871 1829
160 1969
1932 1167
1061 84
1025 1126
1070 827
1601 1477
198 1883
70 1640
791 868
1009 1827
1103 1562
1288 1018
897 1369
1780 1775
1797 1298
1248 472
845 651
774 1384
1615 177
487 339
250 812
527 1690
1949 531
1701 1595
905 1608
1287 949
1847 680
1273 961
742 313
480 1277
1497 662
1725 386
1265 1836
1130 1668
750 1894
1653 1354
20 800
1297 146
845 87
1282 69
690 986
4 499
200 1498
710 1811
668 579
1449 1549
1116 827
707 59
898 1362
1659 1948
1450 12
1060 810
652 1549
1399 624
198 1343
666 546
864 1195
930 1415
730 36
573 1959
932 1998
1472 1829
1978 1363
1781 1274
364 1014
737 1747
1660 401
1408 458
255 538
850 1251
766 406
1632 1829
1570 1310
1393 602
1871 596
165 415
86 296
818 261
533 965
383 104
1171 929
1067 445
1234 310
1917 1008
1210 459
296 1465
1828 743
136 1185
1558 1846
81 1411
903 1665
382 1588
1273 923
87 1084
212 1815
1323 621
485 1514
1543 1540
1990 1701
341 1424
1715 413
90 755
312 1704
1703 1976
375 399
807 369
467 1674
676 1611
252 1230
1829 1664
435 1914
1569 470
922 1614
543 1269
1464 320
1738 205
1652 526
1560 1183
928 798
1223 1707
745 596
1941 579
86 1366
311 948
559 799
1271 978
304 1625
1761 206
1890 1863
1485 883
1176 766
1518 1237
1180 22
1026 813
1028 465
441 1337
1247 131
1246 1273
297 192
374 287
940 652
1884 1435
1625 1217
1703 668
529 427
282 370
632 1474
897 1068
1085 1935
1576 1066
1645 1583
1531 748
392 926
1508 645
1621 306
1205 188
1732 1501
616 1059
728 1370
1850 1825
430 905
709 1206
236 1908
477 1434
1012 560
9 1953
132 767
1027 1543
1098 383
917 1523
956 1474
1023 250
1309 1588
221 1781
88 407
140 1753
923 1327
1509 1898
575 1825
1792 1834
1366 1939
770 1619
1214 196
341 19
1984 1114
551 1824
1697 1922
1750 520
124 1477
811 1135
111 540
1198 987
1857 1549
1290 259
527 1770
1199 1228
1419 379
873 910
6 1189
182 1733
267 1425
1199 1766
1915 499
1681 1778
954 53
1861 1330
920 1115
1338 243
1899 1700
1742 928
47 5
1690 1201
482 1592
823 433
534 1425
1222 1788
1160 515
1369 1476
119 1053
1132 4
859 1261
1073 381
574 1280
1753 800
228 839
615 515
695 1580
659 310
548 1905
742 129
1119 1441
1140 414
1489 1750
371 427
334 337
351 525
89 393
134 1924
755 1019
60 1764
1233 1868
731 1272
194 521
1870 15
1069 916
861 1013
377 1621
1588 1836
372 1497
1198 673
222 1888
1766 1701
1976 1011
774 702
13 1468
1123 1662
1738 1445
906 1932
586 520
1373 404
582 113
118 499
231 1472
635 1400
1077 1703
1741 838
1413 1604
1472 662
800 1968
793 28
468 1801
846 497
790 379
245 1150
1785 961
225 401
1744 969
1202 1118
63 1806
1892 1568
1760 35
1429 1624
62 1927
1328 1433
1419 685
1732 1402
1044 1719
597 809
1617 1878
182 301
39 503
1187 15
1577 616
1520 1008
681 194
1350 1559
313 2000
424 1853
82 555
1251 54
903 411
1604 1795
1694 460
133 1179
1594 657
356 337
23 487
162 761
1988 1576
136 1561
1793 1391
1759 496
1764 859
808 594
386 1984
907 499
876 629
1957 1252
213 83
1223 1690
1052 994
1913 1836
1377 221
722 435
1731 1344
253 162
1044 1194
1282 1941
690 1307
1669 624
947 1311
1302 155
1285 1725
1768 1478
777 1908
737 539
432 850
797 231
1089 937
1172 719
38 787
1078 1713
384 197
955 1968
1410 862
1632 1418
487 1698
758 539
458 1774
1568 163
1286 1166
1389 115
557 528
1384 1320
1854 950
1171 992
1232 248
429 1001
1889 837
694 1552
1833 1238
1065 1514
881 1079
1795 1529
1049 1364
1668 1847
323 677
696 874
357 25
428 842
1480 1092
848 1434
1990 31
1373 1009
1593 1277
1967 523
646 1120
60 1916
89 406
1670 117
1055 1046
701 1801
863 198
226 1191
1643 1995
225 815
179 958
1621 1815
211 1716
1856 1571
521 159
1180 991
1302 645
1611 867
572 1661
166 249
1547 997
1003 1469
179 1814
543 1039
40 500
536 1270
1366 632
1495 755
1138 447
1956 1034
1291 1763
580 393
281 1059
1409 1901
1079 1848
1646 1955
886 1585
1078 1676
898 1252
504 795
1116 868
449 499
1219 893
917 280
1971 1285
1004 1300
1950 1687
1696 1898
1411 281
331 888
255 1252
747 1845
816 1321
1610 60
1627 1025
161 999
629 143
1260 102
1249 985
669 299
1484 1859
651 276
1906 215
1504 1117
723 1721
1281 47
263 1266
1618 608
1164 1079
990 222
397 214
1415 589
1265 818
1658 418
1216 1865
675 1722
191 410
1592 1563
1309 65
1881 466
298 1368
772 87
1539 747
817 851
629 1703
691 963
838 465
448 547
1770 1779
1651 1830
1270 704
977 1991
164 268
1398 1289
1256 1032
1041 790
336 1808
1320 442
543 534
1401 1636
530 442
1449 1975
959 403
1653 1368
450 56
966 421
1629 1652
1682 831
591 166
1914 1849
128 612
1510 521
1625 1509
1147 293
1096 978
1281 459
545 261
1478 948
346 1024
1911 1313
1177 1594
1103 1579
1496 1243
624 1464
661 1229
450 757
382 1654
1260 14
613 390
1558 1542
1096 25
1449 562
1050 1290
1150 1537
44 494
1623 1531
1575 720
1924 1375
758 225
1384 1190
42 89
1633 17
1647 375
586 1066
1646 144
913 1379
1623 1749
926 75
1814 207
554 1038
451 945
1438 800
52 938
670 1192
176 1684
1495 318
467 1561
890 35
1346 743
1962 1306
1681 1109
66 492
80 767
1135 821
499 1150
972 1242
283 663
1186 1804
575 544
621 1663
52 662
1286 702
997 1202
297 1082
1576 211
1350 1500
937 1200
1374 514
64 1183
1565 1805
726 1312
1494 835
191 416
160 576
1336 237
752 1630
1844 196
1390 1033
1388 889
694 431
58 533
1575 1958
525 818
1256 1268
590 1161
236 415
1724 451
516 1883
1562 817
1229 1359
1710 1880
1854 1013
1608 259
153 476
1074 1197
378 535
1763 836
1073 614
1830 1187
195 1939
840 89
86 1553
613 1828
1284 1150
1842 1020
1492 739
1565 1941
1115 1298
1391 708
75 771
126 1202
980 1845
1861 1698
1817 1471
537 138
311 1587
1959 662
711 1612
1469 1459
468 532
1165 403
1319 1202
761 1640
1528 1385
355 317
1571 1426
1429 1524
1755 1877
302 1442
1522 978
1025 1831
1287 711
1216 1489
191 1087
1587 1714
1970 1401
867 973
496 682
1252 1903
1111 1334
1784 263
247 137
773 559
305 1384
65 596
115 1025
1877 1764
1665 1252
1747 51
1103 1462
1181 317
873 1514
1443 1574
806 325
654 1332
1359 1
1472 585
249 671
823 1334
717 1130
249 975
1005 30
849 584
785 670
976 1612
1958 240
931 1183
710 1842
1929 1605
335 1456
1571 673
634 462
1709 149
1958 699
89 559
32 1549
1794 628
1738 1900
1375 338
611 44
1634 584
1582 1455
1516 1241
1993 124
1092 1574
413 1543
894 1854
703 1294
441 1669
88 837
685 109
1843 1223
457 960
1797 23
184 1342
798 1448
1079 1021
1249 342
805 187
412 611
613 1811
1396 1020
635 1888
20 1021
1582 425
710 902
1043 1370
847 113
1741 122
662 1920
1815 1611
535 725
1170 1634
433 1789
692 418
143 1003
922 844
211 1191
762 687
113 800
1232 1919
41 755
1021 1564
1694 976
838 1975
1849 1640
1313 1558
1533 798
644 410
57 122
449 1350
669 1544
920 50
1116 1873
623 310
1822 681
104 651
1911 1183
1462 195
66 280
1331 390
623 1049
1824 1922
1317 123
623 541
1547 1989
984 532
1989 1172
1225 1431
1568 576
1825 540
488 587
302 1849
1561 682
911 1436
1628 1076
337 1825
1879 1013
932 847
1249 1612
755 142
46 1498
1573 1478
328 1600
1110 1908
1983 1948
1641 1369
486 991
1083 1613
1209 1208
1436 365
1782 202
53 374
33 1906
350 1851
253 1348
1816 1081
289 182
90 772
1922 1197
65 1948
238 346
951 243
64 1459
1560 468
645 1695
442 1153
241 1013
1250 1294
1789 448
1018 1683
101 1323
959 647
642 753
378 1123
1217 1041
781 73
1708 83
1957 339
1909 1267
1863 563
1181 1396
878 103
207 563
953 1687
727 1120
1460 51
1170 1275
136 270
410 170
1023 1485
1937 881
1140 307
1446 297
1097 465
37 343
1348 1250
1292 615
1375 1045
960 1061
106 793
1185 1074
503 1391
1447 210
1525 642
1880 492
1509 297
605 1804
983 633
1156 1716
1494 1024
1595 448
1616 1154
493 313
1212 1998
1986 283
171 638
714 440
1134 1806
543 924
564 728
326 658
1793 1095
1582 98
954 887
814 828
283 256
1687 1009
1678 371
1436 118
696 1161
1977 336
249 283
1685 899
1279 670
1249 825
899 1614
1404 553
458 1625
1327 1844
84 842
1424 36
107 1618
334 961
326 1419
847 1727
1173 1338
1861 1613
101 204
805 162
688 1644
223 515
1955 1592
1689 397
780 1055
305 1195
436 1174
833 228
59 63
754 190
1361 101
1680 1368
640 1714
1008 11
1001 486
128 668
342 678
1545 1029
1662 317
335 131
930 1545
1069 135
944 1830
1227 98
1547 1100
789 18
590 1884
1931 1558
470 1702
183 1989
763 1484
1329 1610
1931 771
177 151
1430 1594
783 116
839 1111
366 1866
955 497
1315 997
306 1342
1684 110
1345 518
353 1056
820 1698
1551 1991
1387 257
620 1935
592 920
36 1653
774 518
1331 605
196 1443
56 746
583 1909
1608 557
825 129
636 1782
1978 1701
1332 177
716 1020
568 1793
451 1462
1924 854
1070 646
144 882
1130 1067
1261 1812
1209 1246
827 1637
565 1995
1789 1703
1030 313
89 1508
390 493
416 627
303 68
1558 772
664 773
1501 410
1447 1708
953 1551
1958 1344
1824 1071
715 1290
14 1763
1833 542
31 1410
722 1074
537 1378
349 1483
528 476
1342 569
295 1029
763 733
1238 680
1701 165
1859 1435
362 62
398 81
176 152
175 1772
755 453
790 386
267 1369
1996 1126
1508 789
552 1403
231 1519
878 50
286 1614
1966 1963
1799 187
978 1007
605 1629
1962 1658
254 725
1324 1020
963 1866
57 1569
474 855
409 886
166 1589
931 341
1324 1611
1196 803
819 737
1858 1870
567 1324
317 148
387 468
1054 1269
1367 561
217 1997
1610 353
1768 616
1808 1085
556 1433
1489 676
1287 1242
284 346
374 1195
67 978
1588 969
959 1024
370 499
993 437
1014 1486
1377 82
1956 117
1019 1625
1612 580
1482 357
83 1160
846 185
1745 921
601 970
1523 662
1088 1137
1693 839
744 1218
1364 1086
1423 1300
2 1018
234 1270
27 1509
514 1116
1897 1276
1066 52
277 1941
444 1610
1089 1232
1058 790
549 1799
1734 211
749 1568
809 542
183 1799
1326 1964
1844 564
936 231
1900 908
603 213
416 1202
1544 1385
1315 813
718 1691
1362 600
1103 1437
1187 1859
1038 620
1321 351
1963 488
1614 545
1006 498
1393 1108
753 418
1193 838
869 1921
1332 172
1621 1660
258 1679
774 1071
1865 629
1960 182
68 1614
792 1559
1437 269
727 1700
474 1989
936 643
52 322
1854 958
439 1228
525 1463
291 596
243 1228
311 1454
1809 1864
1446 1945
1015 1449
105 644
546 1812
1397 1084
1610 1676
1264 704
1573 1946
1428 919
735 1178
851 448
98 1862
577 1011
579 1516
1433 440
1228 1882
1361 1849
1992 1925
1357 1558
1629 1885
1431 1379
132 201
304 1659
592 1829
1469 225
1509 1376
316 1051
1657 1819
1325 1128
198 356
1334 1851
684 1535
1211 1718
1907 1574
1215 1027
1455 1371
331 1854
422 1452
295 1843
1957 413
1824 1916
1621 1556
1910 1976
1477 1850
491 1249
1155 765
501 349
987 1923
758 353
649 754
1989 1686
1389 1179
67 1628
1568 1776
1583 229
116 389
431 1972
445 896
1173 908
867 1467
268 260
1627 1550
780 499
828 32
1022 1410
1939 728
1010 427
509 1188
1762 698
1314 1862
1761 1974
1602 1194
977 162
1954 69
269 1811
384 1788
222 1442
1293 937
1328 319
868 307
997 657
182 121
1826 683
325 1144
44 1238
231 476
747 352
765 686
1130 957
98 185
1114 1871
615 420
854 1485
120 724
233 1601
1947 959
768 584
768 369
1215 1802
524 881
813 1008
1500 1361
1917 1222
856 1008
214 1935
88 38
471 549
1740 460
830 697
1687 1188
1778 70
657 1595
120 1986
1897 1903
1133 1771
1243 152
345 1359
1900 1634
202 388
812 305
380 268
1826 59
1819 808
621 1835
1763 43
494 197
1583 272
552 1341
1457 1590
1753 1298
1987 1416
1152 1675
1394 1220
465 1225
1949 6
1089 915
1757 1752
881 934
1144 1227
413 542
1925 918
1437 1182
1129 1238
882 1383
157 134
586 668
1995 1962
1588 1678
536 1503
645 1659
1750 1640
1017 1885
630 1444
1345 1620
1552 960
1172 413
832 1461
1056 995
1921 591
1326 1195
69 624
846 1525
1156 1177
1388 303
111 220
1346 746
1056 1376
7 1132
1264 1565
1705 932
1671 1564
1673 9
1208 461
244 687
906 996
552 561
719 111
1776 273
747 886
641 1332
642 894
1286 1734
1038 1900
1986 336
1618 1665
1959 859
576 543
1431 1420
1084 1321
1165 395
1436 355
373 763
1765 417
1939 866
235 1205
242 1285
839 697
1178 539
1862 1803
1184 1859
1474 455
50 1365
1876 1865
1850 1275
1682 219
922 1381
468 1890
666 1601
1734 1551
914 965
1739 1370
596 253
826 1270
119 1187
204 1450
121 441
1957 1716
629 115
1039 507
1347 1194
483 469
1548 723
506 1114
327 229
1594 1933
259 953
1949 1436
1568 1692
881 871
736 1698
191 1815
436 1065
1505 1435
1165 1951
156 1408
1227 139
732 555
1482 1994
1815 1975
1069 1508
859 575
568 1048
1154 1515
939 819
839 1748
4 70
1811 1775
1045 776
864 453
1363 868
1321 506
1275 187
759 525
1901 508
328 1828
1670 1088
1641 826
418 924
1494 226
1403 937
553 205
392 1746
746 157
68 165
351 1114
1591 254
1089 1980
1126 1435
571 1550
578 311
541 1682
510 1646
1925 1602
1349 138
1375 1597
1257 432
840 85
991 941
809 606
1432 1342
1629 1897
39 1844
1218 872
1869 44
1113 516
1006 1075
253 1225
471 1107
1535 806
1837 155
1923 444
1117 1954
1009 1358
1074 1857
81 217
689 317
1898 1377
559 1211
675 1713
267 285
902 936
410 1368
977 1444
1259 225
104 74
1392 1200
1969 529
865 1119
822 1399
1237 1563
334 227
342 1589
1441 865
1610 1370
1677 193
612 763
395 622
34 808
157 690
1396 324
1014 720
874 255
586 884
1427 1730
587 1295
242 1636
621 1511
365 846
610 589
967 1795
1398 92
1316 1022
114 279
161 1703
624 1818
1637 851
1613 1878
932 449
349 36
1660 1520
912 1207
936 1014
1810 500
441 1804
1330 499
1179 41
1085 1513
1241 857
580 1768
1423 1267
632 1516
1361 1397
817 625
817 1646
1904 741
657 1188
713 999
1217 1966
744 1720
1297 1949
1876 758
1637 951
423 1771
712 93
1092 660
1101 1428
278 1790
1372 632
650 939
1816 1001
710 233
140 188
1337 1639
575 117
302 486
989 822
1623 826
1772 1364
716 483
811 1987
10 1962
795 1484
1111 1269
145 1316
100 51
146 1277
265 28
304 145
1826 137
281 12
763 1008
1159 496
481 225
528 1252
879 1733
351 198
1556 1255
1877 42
1216 369
1018 196
81 758
1213 1892
325 836
360 137
1564 149
632 461
96 1336
205 1072
709 1268
573 1928
3 269
851 426
1888 1969
894 530
1215 628
430 272
650 556
1137 816
511 1687
562 1759
1199 956
796 716
895 1533
1364 885
728 809
1398 1238
244 1507
1890 1614
1602 1325
1543 1120
467 922
510 398
1124 1408
1 55
293 1357
1757 1332
1687 1787
218 1601
1041 1957
1449 1760
691 1510
1535 1404
1973 432
644 443
9 1681
1401 135
308 1965
165 1363
117 924
1643 1968
1315 592
1739 538
660 633
1364 711
1827 1006
949 996
1576 280
1361 1652
1395 1613
315 1901
682 84
49 953
1043 208
124 1139
158 469
1360 1953
31 843
200 199
1214 729
657 732
607 308
573 605
1400 349
747 1445
883 1644
199 375
1085 1344
1324 545
445 1037
1999 593
1594 1952
146 1812
1854 196
341 1342
1601 1513
1491 97
390 846
612 1311
1829 1028
938 1605
1867 1333
1776 1387
808 1112
659 468
558 1991
1618 37
93 29
917 726
1414 1649
587 6
1307 205
114 102
348 19
482 1903
352 461
269 1100
744 1888
1129 342
15 740
1717 136
590 1109
204 480
1772 104
1781 1590
1141 1966
498 495
698 340
802 1588
1634 1142
1560 1377
1340 104
573 1788
1507 592
401 800
1994 1171
955 76
891 251
505 1710
270 1428
577 1212
1368 108
1703 1379
234 1441
1947 1015
599 1787
1214 1464
668 1267
425 834
831 1371
1043 1408
640 1449
641 840
1427 755
110 845
1547 1368
1433 1695
225 1757
40 1717
1264 1124
1299 786
437 280
552 1165
1945 989
1514 917
1331 335
731 269
1957 363
731 1396
451 982
1156 825
189 1492
1935 1718
1520 1280
11 1343
1734 15
576 1770
1925 403
1410 1965
456 1231
1954 1706
502 1760
797 160
174 1649
102 1026
772 474
947 699
1094 519
1853 1461
678 98
1948 41
585 874
1802 1103
357 121
638 999
1798 1538
1128 131
1443 751
1249 336
112 900
1018 541
35 1895
56 1047
100 1448
390 1535
120 1548
1032 1507
1363 759
1291 1589
493 1786
1554 969
903 252
488 861
1815 1688
1721 1051
1931 1243
466 643
1226 1275
651 1361
620 1495
872 1363
1136 1129
435 356
731 1602
860 56
1864 1024
174 1648
142 144
80 841
1863 972
1352 1942
1958 520
1497 840
143 1017
1730 482
1291 1298
741 1196
480 1106
253 36
1626 1403
358 1213
675 20
502 116
1502 259
377 1893
1186 1913
863 1882
787 1271
978 323
1581 1562
1577 885
1507 1292
1395 48
146 1318
383 1341
995 423
1608 1838
415 1035
1448 1941
221 223
1856 1679
1431 247
1608 1990
1192 861
341 1069
149 28
245 1865
1194 1501
762 505
255 1437
1028 1577
750 1462
822 1936
1711 534
77 548
770 396
308 249
1231 192
358 1904
51 1509
1479 1679
886 1521
783 1565
1390 1323
1679 1580
1936 321
239 1801
1498 527
1202 1261
1156 1813
946 698
186 744
574 228
814 1911
315 785
612 1516
121 666
50 179
802 1142
1013 686
359 1148
1158 1341
950 1059
1833 770
55 673
136 1221
1453 828
299 128
1147 1426
201 853
1075 90
1381 1889
1693 392
55 755
469 595
690 100
1634 1163
1590 724
198 558
369 356
124 939
1356 914
1005 1294
1439 685
1516 623
1647 1947
1526 734
1244 998
3 101
1268 1689
1808 241
1249 1680
918 1035
969 1898
590 1309
1125 1642
756 577
183 402
1657 1632
360 4
563 699
1616 1106
1733 1275
446 838
1303 305
491 662
305 777
1239 1233
964 1061
1995 1580
1025 803
1696 1984
703 1836
1322 585
9 1398
1595 608
450 72
39 1139
508 1922
1531 1042
1095 923
655 1765
1829 988
593 505
804 380
5 1066
607 1833
357 452
1265 1423
1616 66
897 1754
1590 17
155 1571
1129 938
669 884
1822 1857
851 301
1606 48
1491 1732
1574 824
1321 308
419 1008
1894 1394
1735 1509
1841 532
963 560
718 1807
946 669
697 1810
283 733
322 1107
54 1423
1259 478
1841 1940
1122 1014
1204 1490
1169 1297
519 23
797 1240
363 413
1475 815
1879 1764
1026 935
1523 1524
1834 660
1237 878
750 339
1161 749
1130 1462
651 1181
1898 1889
355 1590
1236 1196
1368 79
1902 1656
1283 353
52 1475
1432 1767
9 873
288 317
1032 253
1664 460
682 67
470 1438
1125 887
1023 1591
449 526
1634 878
66 1780
1868 1746
1623 1659
1770 1071
1194 164
1171 450
957 1538
545 1783
1234 972
195 1685
1826 1335
1215 445
1309 923
1473 567
1113 933
426 813
968 366
1701 856
1090 1203
1060 811
249 147
526 1909
1911 618
1228 1637
142 1078
1371 1743
1699 992
204 967
1980 603
1814 613
1815 780
1653 520
1441 1104
169 1017
713 191
1553 902
58 254
343 1245
1038 947
671 1955
1159 136
1814 1422
1752 1959
1884 121
973 1430
1616 121
1065 616
752 1834
348 1722
1290 802
1306 1830
1354 1071
192 1821
221 1720
1969 20
464 276
1806 1329
1 195
1162 911
232 379
392 1164
1212 868
523 1021
643 710
767 1574
677 1389
84 562
1333 691
1105 968
601 304
265 658
764 168
666 548
1524 598
1544 560
1058 89
29 663
284 776
1177 433
895 232
631 1143
889 989
444 1873
1173 46
60 561
714 6
922 1460
1396 267
212 940
1859 597
751 322
1825 1359
422 725
1964 1383
1759 937
1022 1963
630 1621
719 1587
787 1802
841 1012
123 1123
1918 559
444 1724
716 831
258 1242
1490 403
1842 858
820 1392
138 1176
1323 974
39 1303
316 672
1980 1168
1112 1027
265 1172
300 769
1670 1469
927 1614
1943 35
662 1273
872 784
1458 1955
714 241
1059 628
1271 195
1913 27
107 1089
1601 1074
1132 997
1359 1033
1879 727
507 121
1622 1487
1449 1650
1544 1146
1736 1050
566 435
300 537
568 342
878 1182
1007 1319
233 720
171 1205
1075 1980
550 1604
229 227
584 1365
1685 1270
1805 1221
67 949
1513 292
1766 841
123 1579
1425 432
1664 1385
1260 1770
871 1639
1314 895
979 1925
1975 335
1829 1274
552 1568
1761 518
1561 1383
1693 95
622 1356
684 937
408 1412
985 1785
103 346
1957 854
18 513
847 183
519 411
459 1132
989 829
1149 847
1347 595
812 842
221 70
63 493
1943 501
715 1867
1814 917
1339 207
797 105
685 571
1475 199
1071 864
607 851
1385 1877
1388 1498
1050 1474
1012 1324
214 699
42 904
349 1089
1009 1106
1681 134
283 1517
110 1906
1412 1447
1810 1872
170 784
710 437
1999 34
1788 335
395 1365
15 601
266 1039
882 219
525 50
232 1304
1418 799
281 1106
1285 1885
1096 738
1527 1977
308 1175
84 1705
150 36
1424 489
1352 1563
985 1117
893 368
607 980
1550 33
469 785
805 1726
1659 1398
390 1231
1582 1317
158 784
296 1184
1222 708
1601 1541
1136 536
1726 1776
686 1512
1452 1082
407 1695
1982 79
1519 1928
1079 144
715 1529
184 560
349 1946
1550 730
9 1320
617 112
1172 773
888 1723
1845 1617
3 292
1118 606
445 1105
1752 450
1898 594
1283 331
334 1717
517 67
349 895
739 1797
673 16
364 491
1247 470
1832 1043
76 482
1928 744
1857 1784
1818 633
1958 968
3 1194
600 1507
1042 926
1868 774
493 357
704 1631
918 1399
54 1820
1168 1487
194 720
410 471
212 1315
849 193
152 340
1391 1047
750 1012
1382 603
861 728
1924 1057
1664 988
419 1122
1240 1170
918 1607
855 514
734 527
152 28
876 1861
1032 1969
1111 698
1723 1975
605 180
835 1897
819 1759
1227 1525
1537 1137
119 894
1394 1788
617 42
705 623
1688 1846
1307 14
167 1383
1526 1442
1668 650
1964 370
240 1437
517 718
136 1462
1623 1783
1150 196
771 554
1672 226
234 790
651 1877
1716 591
182 703
20 1187
1449 1455
1987 110
629 847
1060 1675
479 1359
1756 958
1177 738
1409 172
677 476
650 36
554 1718
1121 1167
120 1263
647 1955
1587 474
22 747
271 409
1865 1231
951 666
1056 1553
1789 1720
26 664
689 960
51 1090
1709 1899
1195 731
957 1818
548 1112
648 1973
1394 404
7 1544
1160 1301
1342 581
509 1340
944 1232
79 727
371 1869
1562 1170
216 110
1867 470
701 501
332 404
550 1268
1066 560
1939 1519
1399 50
1587 267
655 276
468 905
1288 841
453 393
837 594
783 1677
643 1321
876 1563
168 1867
1327 1086
957 667
1938 36
1006 464
1528 1434
1670 1022
876 990
1976 347
1070 502
1579 1619
1806 1094
1319 1241
198 1783
1742 506
440 512
1954 1832
1990 419
1187 41
533 611
600 967
1021 1224
1675 218
67 1754
1043 1900
1026 383
379 1958
1944 123
846 1760
477 838
567 915
733 1509
1731 525
630 20
1977 1233
1336 282
1837 1190
665 1161
1445 243
554 349
969 487
1318 525
1489 100
18 1672
1919 1425
1607 1969
1417 1120
1897 1559
1835 497
1041 679
1394 1618
385 1062
659 792
293 57
181 1338
1595 1101
1293 1627
1200 523
1174 190
606 22
1289 789
1434 457
433 1875
862 667
1149 1816
1118 830
81 478
742 1481
1619 623
1679 1872
1275 384
1022 660
1943 103
375 1089
746 94
1317 145
1901 395
1728 1967
15 1537
214 1367
747 1120
1171 1826
1219 1296
1737 1700
1166 802
350 1592
435 1045
1859 1213
679 392
496 1785
1829 1796
153 572
142 507
796 1088
245 931
710 1510
1953 490
1278 1459
1159 1665
1784 646
872 193
1483 1878
1393 90
1366 817
664 1148
1209 1463
1732 1561
972 1738
434 1773
480 1453
1429 992
1193 1231
762 75
511 1617
1889 755
253 927
1220 617
599 588
634 874
1882 1451
765 1653
486 487
1377 1646
1824 626
15 1580
1658 1562
800 1052
1283 1414
637 745
1808 515
1404 1916
522 1474
1628 1664
601 190
391 1921
706 302
1984 1504
1868 1838
347 1857
1755 321
1563 803
1754 550
241 1826
1109 1110
140 682
1921 1087
1403 1449
660 1271
1147 87
1397 1175
1905 1635
593 210
1086 1782
623 37
880 59
392 1874
1402 1633
416 1780
1740 1710
725 199
953 1879
339 1975
1496 435
479 412
775 1361
933 1505
799 371
908 1589
183 814
1887 341
1457 1381
861 1215
458 328
125 1960
4 1643
1022 1739
323 1567
1265 260
152 1382
1355 238
1172 936
1107 1549
280 1
531 429
657 1900
1452 1448
1267 498
1133 1258
781 179
229 1165
422 247
602 1306
209 1354
1827 1729
40 1240
624 1443
182 617
95 307
1174 1176
1483 47
1874 1657
1764 1699
240 28
1163 650
1925 1650
1283 1598
1231 1548
825 1130
1363 1749
1192 964
1712 1957
1425 1809
1734 740
54 1601
24 1719
23 107
1316 851
11 1320
157 640
412 252
106 20
448 260
1614 632
920 1375
1511 1717
813 653
858 955
394 428
973 960
107 1488
1120 1086
365 1126
298 1868
1189 1265
1979 1230
421 1187
600 830
1558 1757
1410 1851
921 1145
1514 578
534 546
1599 478
497 391
409 1680
1492 1432
346 1399
785 394
1648 244
1603 1651
543 985
871 534
882 917
1560 1182
413 1601
794 1498
162 1323
480 111
1995 1307
1704 911
774 710
1240 1133
143 356
1706 357
982 1658
786 743
713 1080
650 1950
1636 1122
1605 930
1782 1109
1953 1041
1136 1688
1831 1726
918 434
856 977
1176 1539
205 1373
1978 17
1125 926
1063 1880
1774 1269
1385 803
1401 573
1858 643
1036 246
123 303
871 79
1739 1517
1122 1234
76 1103
1049 112
671 1783
1733 1789
1732 998
653 1212
1274 240
1388 1489
92 1892
256 641
844 821
680 131
403 409
790 133
1901 460
1436 999
1338 348
1929 956
95 716
711 9
469 1142
801 721
720 1566
410 1928
1822 1387
1164 1381
748 1523
1290 1560
745 985
466 127
71 1546
742 1964
1282 882
1020 848
11 1503
1758 1008
894 944
1887 231
1596 879
1637 1322
1082 1982
419 1989
1696 1866
878 802
1442 1060
129 569
787 453
652 1954
1159 196
1371 528
1807 1521
1810 30
1580 1067
858 1235
1822 1902
1060 197
1447 828
1963 11
195 1812
248 379
1202 380
1716 1577
1610 1835
1078 101
1134 1214
1238 692
155 820
622 90
1428 1964
1456 300
45 115
1990 303
53 1073
1353 1590
492 311
745 182
688 837
966 1609
554 1490
902 371
771 185
1816 377
1597 105
471 1921
916 298
1816 1721
897 407
569 1369
1359 96
1609 496
1314 1995
502 1853
1954 1655
730 1363
1363 127
190 341
557 2
636 1448
1704 1814
1095 193
1587 201
1206 787
904 28
727 1853
1096 752
1567 1616
1952 142
1609 340
1083 1968
887 1691
1107 1694
33 1079
1014 114
1523 888
614 2
1786 580
1097 1448
1646 1533
1018 1208
261 652
1910 434
1424 1348
555 988
1273 149
420 336
221 10
1264 155
190 858
1526 630
979 1897
1028 799
14 1676
1655 975
1035 976
491 274
1075 1245
646 880
83 729
928 926
1369 8
1692 745
641 803
704 362
491 1277
951 1033
1842 1061
1276 641
1781 798
418 254
1510 996
1423 1483
1662 1758
1401 1069
471 831
457 385
1002 1512
1256 177
687 1922
1016 703
1202 197
931 1552
625 1172
1549 1089
1504 1688
1590 32
1379 1171
292 699
47 497
1390 1664
349 289
155 1281
263 1174
783 1037
1088 509
1013 685
1120 1029
109 130
106 1089
1880 1189
443 1429
846 251
851 1653
908 1931
252 392
918 1502
1809 24
433 776
1234 1021
1715 1026
1949 1277
517 187
1012 1968
1926 763
1543 176
300 1729
12 1866
1232 1698
202 684
1725 1983
411 622
518 1758
916 1778
77 1406
1717 1838
663 840
992 221
1136 462
644 1765
1733 1027
1794 981
1011 617
1459 295
558 1216
195 207
1118 129
1085 1659
1498 1697
891 1622
991 290
694 1519
1602 1685
762 1977
1403 897
1643 600
803 149
1874 1082
1669 86
1795 557
1337 400
914 1907
571 1296
1070 1500
1375 1022
627 1431
56 1403
689 1419
904 723
1994 586
1921 140
603 1312
1146 823
856 917
309 1505
1308 984
729 793
1542 1622
476 429
84 1717
267 481
848 1140
938 557
939 297
1271 1136
459 664
949 1528
1425 489
1079 747
716 72
382 1206
584 1938
1921 90
1557 237
1837 1154
1049 792
426 687
1992 1360
1004 225
1582 883
1973 784
649 732
801 1768
1396 231
805 1650
879 441
1341 88
766 69
897 1780
183 229
841 323
1225 148
1895 626
1374 416
1493 732
124 150
979 1081
1920 1433
1217 565
820 1391
598 911
127 137
110 1491
1517 1893
401 1987
436 1249
781 1956
803 1178
578 1926
1658 1507
1785 1389
656 157
109 1093
1848 930
1534 1494
643 1729
1436 1230
544 429
1118 1798
776 2
1707 946
1911 803
764 313
758 502
916 1094
1536 464
1086 1291
1571 866
1037 1716
346 1918
52 1527
1054 1197
543 1444
742 601
1176 917
421 931
1951 1420
39 845
763 1140
782 971
82 1511
593 1961
91 1132
174 973
1596 1783
710 1548
1170 1078
462 730
1427 1251
226 2
815 784
1060 506
985 959
337 1706
65 721
1924 1725
1825 432
139 1687
299 397
1505 709
377 795
1629 382
91 1731
1893 6
1510 364
1393 433
542 76
1583 412
101 1052
1919 480
190 1322
565 1161
1903 1182
1099 1439
381 1922
353 341
1978 1801
743 1464
1234 49
5 1802
549 567
21 519
1499 489
986 1303
1137 1590
551 1880
319 691
193 1965
260 528
1257 1843
1029 1457
1130 236
1698 1658
1223 893
1836 1540
1498 461
20 859
934 1770
620 1843
541 934
1722 1690
795 1750
1050 923
1048 1282
663 1470
868 96
1546 1740
1496 19
132 1878
877 224
1606 361
1157 1645
338 1026
1154 805
1884 1397
1818 613
712 1009
727 1989
130 1235
871 1497
260 767
1216 1534
1821 512
1809 803
739 991
1628 228
942 298
470 150
1356 1383
897 130
1147 618
76 1609
897 1325
1163 515
634 1643
1449 591
468 874
216 587
556 1248
560 1166
1870 1905
1240 261
1160 58
1327 1525
1562 1877
1948 32
122 1574
681 1742
626 1662
1821 437
1607 1973
1198 1423
305 100
1638 877
313 1437
1206 137
325 564
551 1300
362 260
832 718
119 715
1553 461
410 1396
610 1679
522 1509
222 1487
320 1115
626 858
377 1129
487 682
1710 1020
964 1491
1441 727
312 229
289 258
383 273
1907 1982
1156 1982
996 565
131 1734
1760 538
207 113
1031 200
1303 770
860 363
970 207
1507 1804
1413 1805
1481 420
1675 100
337 752
1908 1363
970 1346
1437 407
132 1065
1650 1957
244 1076
361 594
1515 1742
1266 1481
1868 367
361 833
881 1348
840 1224
426 1088
1171 1320
805 161
1657 968
673 1832
587 380
518 1361
336 1015
1784 566
249 1296
1474 1137
289 1550
614 1583
1735 986
1761 881
357 741
80 1873
404 3
1131 1764
1167 1646
1744 814
1475 1902
1749 1399
33 114
1198 497
1954 1411
970 1266
1877 1594
1771 1238
162 363
1184 128
1461 679
855 1667
1936 557
299 1841
364 1976
1131 1491
403 1205
1773 836
1874 257
1572 1017
1143 864
704 361
496 1000
1371 1486
460 1199
1271 1427
1089 934
891 807
1086 278
1618 1134
1667 1105
746 277
1756 1427
1713 728
1181 298
1789 201
1205 703
663 62
1663 638
290 1924
1594 724
1099 1102
115 1891
212 1672
563 1109
1408 36
1883 1316
531 1241
555 1079
669 290
761 1821
420 1393
58 595
1445 259
959 1214
260 1686
1988 839
389 1512
1545 33
987 267
977 809
336 1258
902 302
479 1833
1398 72
913 1402
221 74
2 1369
278 885
1743 1560
424 582
1635 836
523 1835
1077 666
217 927
1869 1916
620 356
1456 1554
32 1548
130 851
977 874
150 1139
111 1274
583 48
1374 1201
566 1169
378 830
1027 198
1233 521
1003 1919
546 1
1082 311
1123 747
213 1684
945 1129
576 1445
1379 1772
1757 1351
1197 146
839 1484
775 1138
1750 1354
789 1602
525 829
1000 1698
777 142
1042 858
355 1666
620 596
1112 1226
1232 933
1924 99
762 915
1695 1646
1457 903
434 804
71 606
1331 1985
1441 536
1104 357
1960 948
1327 1349
1758 1389
1422 887
1631 24
123 362
1906 1087
1333 256
254 1439
1964 1302
938 269
1707 1804
1992 1541
820 1910
823 1354
1949 720
745 926
1677 731
965 1402
1301 345
123 1731
246 1628
84 657
1894 882
945 1176
826 1010
1359 408
577 503
593 879
1942 484
844 1804
1781 1134
1191 971
905 1126
712 1734
1491 987
328 952
738 1750
1017 1432
1746 1749
329 1382
1332 233
906 1877
600 1200
913 1242
1985 1957
1619 214
864 490
75 1973
1188 126
1956 1303
290 1952
572 910
1662 192
658 518
359 585
1442 1878
847 535
935 645
1426 645
1499 1021
508 210
41 975
197 1056
1644 1714
1679 1131
108 21
384 1027
1430 22
1748 1417
916 590
1409 1104
564 577
912 48
288 695
895 439
517 564
1718 1210
1492 287
1128 1343
1439 1018
1747 84
1261 1311
60 928
1754 1153
1657 481
203 878
173 1143
1776 1108
759 1772
1094 1573
402 749
720 1579
1503 29
1808 279
1839 659
488 1719
264 1535
312 383
201 1116
1084 284
998 1795
1510 1903
1811 881
148 302
883 1947
324 1863
1372 1656
1835 25
1484 699
1131 1219
182 1001
317 52
863 724
79 1436
203 1856
1934 1519
432 1703
611 899
541 1337
321 645
1968 1301
734 1958
1082 1502
935 1997
1542 308
1672 1870
865 112
1854 899
1901 14
1463 934
166 1860
859 130
133 696
1427 1667
332 1034
34 1653
1184 1681
932 650
1818 938
1844 1422
1407 1097
679 644
715 1948
1859 1447
1414 1070
1222 1003
437 998
548 1033
1532 621
1009 1466
1563 1610
1815 1953
1813 511
626 1028
363 764
603 1268
1975 252
1777 1750
134 486
1608 1428
322 130
315 1621
533 1777
686 70
420 381
1657 1473
92 1843
1754 599
627 1645
778 197
633 977
440 6
35 372
992 74
162 1570
658 582
529 685
303 1426
1328 952
1955 1499
1990 121
710 935
486 1919
871 908
489 805
708 651
581 1192
121 925
245 776
1056 67
1836 306
228 976
1565 175
1583 1003
800 1059
1162 1191
1630 1543
320 1938
2000 899
315 1894
316 107
749 1122
1872 199
1224 188
1415 921
1702 1197
531 1431
1409 1185
1496 554
1267 1036
1870 634
1378 1245
703 1981
1820 1724
238 1843
470 1493
1080 1116
1626 1458
1443 1843
1639 1175
486 27
1548 646
1919 537
328 1435
1332 1416
1832 715
1652 716
520 721
952 1936
553 1134
1682 675
1567 770
174 125
82 374
1465 642
1988 1143
144 676
978 1646
344 1304
155 95
801 878
1918 1063
685 1138
418 1546
321 1204
1997 849
873 1640
1775 788
681 550
384 635
1799 641
608 699
16 1320
220 1805
95 1043
466 1576
191 823
1793 1409
1808 155
925 985
198 1843
1222 311
981 923
1800 596
881 1775
211 753
1586 1154
751 1432
1854 649
842 554
1114 1661
1657 208
685 837
405 1674
1091 627
1446 1639
1785 1228
1007 1248
1013 1603
921 797
1161 1243
1293 1113
1370 1389
637 1058
1242 1466
684 177
1926 1209
1915 6
1432 1034
1209 19
397 68
1973 1301
1220 1314
1041 568
1258 229
119 1378
1349 1279
1 1651
362 1325
535 1509
1028 46
1524 380
424 1698
1669 1282
1916 1305
868 1897
71 268
1553 1326
1574 241
913 1647
922 1600
1530 1301
1803 1228
72 1582
1134 560
738 1409
448 364
546 1107
655 666
810 1317
1153 668
110 77
972 1380
581 1156
353 161
309 449
206 1505
951 839
1864 1642
1074 1695
1242 1299
1366 1778
1908 149
1901 483
425 903
1173 239
1154 896
58 957
1764 1302
997 634
1285 1974
351 948
1754 1600
60 1425
585 491
1259 185
1441 659
1062 1983
1364 1556
14 978
1650 571
1550 816
1594 1391
1878 182
1604 873
567 802
1236 1786
1228 1787
1737 974
802 682
1577 225
904 1343
1382 540
1250 1370
125 554
1699 1909
1145 1365
899 1889
983 1215
849 1079
641 836
327 1284
1385 515
1355 437
879 416
258 36
1472 1475
1338 1177
1423 630
205 1409
760 1183
1390 1887
1519 1191
462 647
1397 374
1960 745
94 867
600 1127
1596 491
1345 1570
529 898
1844 313
645 1561
1581 1343
1447 492
1751 101
1952 219
1884 1134
1941 806
1838 1257
248 697
1683 297
1482 583
1773 557
881 1427
1102 1156
451 1529
521 6
579 1508
612 880
806 1459
707 1469
1374 633
1025 1074
28 291
762 1915
1788 1461
1687 1681
1262 355
120 531
1431 1671
1529 931
560 1823
1016 1789
973 1335
154 910
1185 1120
511 309
517 16
784 602
112 1342
682 784
149 127
1329 1266
870 460
1031 33
1076 1948
1464 710
760 1584
93 1947
1756 1749
957 1781
361 1541
1830 1405
1765 1782
556 1131
1135 508
241 590
659 1898
284 1905
964 784
1013 1741
1497 1911
805 1216
1717 44
192 1258
330 220
1559 1654
1736 58
1897 309
1796 641
280 1047
1315 1726
935 965
1451 1236
50 1463
269 150
9 1369
1514 1430
516 245
855 820
301 1007
1745 65
452 1976
982 1220
742 1940
1988 790
1913 1005
525 295
1292 863
452 1194
702 457
365 1939
502 545
1077 930
496 881
1578 1769
303 942
595 133
861 1818
799 657
460 861
142 232
118 41
1952 1552
1355 1418
1763 1077
1545 936
251 697
1055 216
60
1365 720 916 802 968 567 584 1007 1298 1391 761 1241 1877 1142 1420 634 920 1951 689 878 1283 1634 885 1538 849 1061 783 1933 1938 657 1817 1595 681 1431 1952 317 1842 84 320 1430 1202 1588 1115 627 724 1166 1177 960 1594 1319 902 682 1798 1118 1471 1282 964 1419 768 1290
