2000 5000
687 470
790 86
1079 1755
47 1392
1928 1392
1739 141
1318 1001
1222 701
1593 715
1338 54
1154 635
751 256
1920 1756
158 803
694 301
1167 901
1866 1957
400 156
15 532
1808 163
653 1815
1530 1266
233 218
200 1036
912 847
1378 693
1120 1339
667 427
238 133
1352 1712
693 166
1424 1761
591 660
1846 1242
242 571
360 1260
651 1462
1816 710
1451 1061
1357 348
902 743
416 1876
189 1723
694 1004
1848 665
900 669
1157 158
336 193
1859 1116
1746 678
1304 243
1842 1293
380 894
236 1829
287 1563
164 87
56 883
1625 631
372 90
726 65
929 1684
516 273
133 1389
1944 1884
1855 1302
187 799
632 1125
1156 921
1631 1034
1791 1374
95 1618
1903 581
1941 798
1369 423
817 1113
166 1290
505 1840
692 452
230 515
424 1520
1583 1438
1192 1483
318 1714
663 996
256 962
1049 391
613 572
307 953
1670 322
96 150
429 1903
853 1513
587 186
1467 433
977 342
155 1520
967 1010
1032 1636
1432 1586
1507 1249
193 1491
1859 1443
1434 859
591 803
1236 1047
1870 1531
490 145
372 856
108 980
1036 1515
752 257
1963 423
862 1837
1304 894
372 1817
1555 1126
734 643
1546 39
1322 889
1698 484
326 846
232 1822
1183 1780
706 936
1456 626
1128 1396
970 1221
1737 363
77 13
52 1400
1218 570
578 1317
1504 1417
264 1923
460 374
1541 1428
638 1387
713 105
1821 1779
1519 1279
811 572
818 657
835 1439
1628 430
713 799
1132 1440
481 1146
1086 1977
99 1831
297 407
1758 1911
1844 985
627 807
1798 1529
1490 852
636 1022
633 1370
269 1363
1474 133
1531 1828
225 429
1456 633
1533 1874
1199 1900
679 1032
716 752
1362 1340
373 839
1190 45
1233 1445
570 103
570 1098
361 424
1927 1628
1159 1792
1558 1942
1048 477
443 388
23 524
468 730
354 778
1450 1908
1202 1307
1024 1760
1210 79
1203 1496
211 931
1490 276
1335 521
12 1270
1631 1180
959 1122
187 620
501 1050
218 903
518 1706
424 1215
351 1384
152 1461
63 1317
337 861
1504 1678
1986 930
1105 1106
1225 956
1105 255
1048 1023
1407 35
1938 106
1845 1669
1975 1132
855 161
1060 131
1938 203
459 1217
1667 810
492 879
101 396
696 9
226 510
770 1417
26 1752
1868 232
1061 1486
1774 445
345 1353
632 1770
681 1501
994 1821
30 935
214 1274
1189 680
211 296
766 330
498 323
1230 678
450 89
1354 63
1892 242
1512 637
208 332
781 1504
72 997
89 1428
1713 750
775 11
112 1035
13 100
1772 1877
980 1043
838 1375
9 933
285 685
1819 1761
1220 583
1246 1828
223 1626
390 1848
1559 849
762 1541
780 1884
1020 1282
53 1291
1524 1902
1688 1063
1615 36
1045 1684
1717 1922
1581 1211
827 1646
1445 1384
1326 252
1989 1559
1904 110
1015 1774
943 940
1342 1929
345 415
1264 1669
253 1344
1442 1139
1654 1603
780 1434
345 19
1161 1775
1811 593
1811 1453
1667 1184
812 257
1662 503
318 298
1440 1192
1480 1012
807 150
942 1149
1259 877
1251 239
175 1507
1786 626
542 1980
118 2
1771 749
1403 1308
343 1722
1759 145
1221 552
1961 1199
1423 1709
1497 876
1236 1187
526 941
1694 1303
57 1381
1377 1272
479 590
1646 1376
225 230
1860 112
1962 1713
698 1041
695 634
52 1252
1477 1399
78 1725
1094 1508
1724 1517
1852 1407
193 290
1164 821
1937 1535
1104 1362
238 1010
1338 283
1093 570
23 159
271 405
216 1514
1085 489
1227 533
1113 1
1231 725
1024 1514
1260 1333
745 1174
1222 1242
886 1733
1014 1436
1842 258
292 1143
1349 1649
453 524
1476 1618
1968 299
838 1608
973 1704
361 215
232 1298
1996 203
1070 674
156 83
927 1180
1835 1924
665 847
242 1786
1793 1228
158 1400
77 638
1979 1974
1405 1680
1164 1506
1539 901
965 647
1647 1185
454 1717
1438 1176
295 1351
924 15
1735 1325
44 220
628 560
487 1134
719 82
1794 1719
1483 1714
50 1676
1223 1533
609 329
233 316
59 1889
65 1175
857 584
971 1180
1957 625
1992 1771
173 1093
954 1124
544 1423
389 1899
700 368
351 1056
536 1571
1330 1048
1819 253
911 1547
632 1277
940 1386
1449 139
1022 1974
483 101
1920 1817
863 1061
442 1471
1225 494
1252 1223
1228 1258
1795 149
1810 1226
955 953
118 1422
1591 1378
919 864
1140 762
413 1103
1280 1492
950 1245
695 1034
127 694
1741 838
1180 409
1577 1694
1055 970
723 1219
799 888
1434 1636
115 1834
1790 1065
1744 1421
409 1171
1699 1099
1699 1988
71 591
506 1284
918 1050
1456 193
1780 1942
863 1948
1831 1193
1380 1306
600 1215
1941 1406
1698 1100
1095 1747
276 1848
469 714
1759 76
1980 1949
1496 1844
39 1932
1762 1336
994 1311
1026 1663
608 1133
303 700
386 538
1060 930
1090 1881
1605 1078
58 1184
1804 851
698 812
1379 74
569 1668
6 1107
1618 1454
781 1364
1338 1774
850 1114
1280 775
1128 1617
1606 1749
181 26
1105 1936
788 1511
320 868
1750 1286
1226 757
1657 1478
1523 893
838 1226
1642 1066
936 1526
1264 200
954 928
1879 1391
1695 783
1218 1405
398 1504
1912 439
1831 740
91 1726
1574 255
1254 307
1217 863
855 1241
1254 697
1430 1097
37 652
1647 1970
983 1784
106 1573
1901 1088
1551 404
628 1277
61 1298
1980 321
1980 1814
47 1156
784 500
956 833
622 1164
1134 1642
74 1597
569 1429
810 1278
1690 1041
1722 250
1968 1752
962 1090
1432 222
1251 365
1397 348
620 1773
1004 587
803 1566
1726 704
782 931
1287 1951
99 1176
1195 1847
711 487
108 1568
962 438
509 120
67 585
610 1545
802 164
653 380
427 1621
1613 1849
1888 1272
1442 1115
326 1659
1514 107
650 1912
1393 662
1973 558
1765 1371
1211 878
1381 464
1155 1730
1353 1633
1783 1626
1282 1844
354 1447
1772 953
327 371
48 146
390 456
582 992
1409 919
1101 1131
1077 934
1954 819
1329 1793
968 1135
1629 76
1292 1070
1303 787
1487 94
1442 1587
1674 192
907 947
1706 1174
1017 38
1170 1174
1281 1589
1764 1445
590 1664
1969 253
308 1907
953 1174
1542 276
1908 961
1694 1814
1028 1619
427 198
279 415
1991 1557
1722 1028
65 1511
730 422
1242 897
1968 600
903 8
1192 1157
743 1864
642 1522
1191 1578
1705 406
1039 805
33 125
1647 232
1538 1389
478 721
742 1752
369 224
1428 391
1943 1920
1324 1077
1141 1087
1019 534
1852 1850
1140 639
968 1757
474 1460
1850 279
1528 58
800 329
1767 1016
335 697
716 1355
854 1701
1179 1946
1480 1214
1462 1242
722 99
1794 44
1190 1108
1925 1287
8 311
1488 1468
622 1336
368 212
1218 1508
509 746
641 836
277 1409
45 797
968 696
1017 1964
788 309
1751 448
614 1064
1041 1258
1091 1504
618 1103
779 587
422 1768
1622 495
525 730
519 1236
1515 516
685 1622
1785 900
1833 225
296 1581
1970 1258
1788 1590
1999 864
234 249
285 1270
1348 1976
1562 338
1863 1771
1238 1337
611 490
633 193
1089 333
902 859
1904 1314
745 287
825 1113
574 1435
1498 356
1968 541
1459 650
1236 1906
126 1575
710 911
1912 357
1963 1161
497 156
971 1001
1877 605
1649 1030
1394 1728
1845 1217
438 1199
1434 1934
746 818
261 1958
1738 708
1016 1564
1101 48
651 758
1101 634
1526 1936
586 1873
1093 672
774 1160
165 1077
968 1969
48 708
1642 578
673 555
850 994
1629 106
1396 494
275 1591
1798 202
615 1376
120 417
680 783
641 524
1586 302
728 1133
1128 1744
197 353
146 525
16 1489
1337 233
1342 1528
306 695
1929 147
1938 253
260 534
1501 755
119 1488
1358 38
443 1829
437 1398
812 891
1151 645
899 1949
259 119
1038 202
329 1768
1709 1529
1388 1035
465 1773
213 1526
1323 1858
761 1857
1123 1791
729 1815
824 1325
330 987
915 1941
659 640
124 1089
1006 432
772 445
478 1533
1205 884
1726 242
1428 1529
1146 395
1746 1479
1242 864
1217 305
252 966
1157 1305
43 440
1658 1654
915 1997
1698 881
605 516
1394 1198
744 1772
625 1921
239 80
1360 929
780 767
524 446
1753 239
1203 515
1133 1177
1983 905
944 1923
1787 541
949 1372
569 1946
723 97
549 826
943 1646
894 25
267 1859
1089 80
1632 431
650 464
767 340
1795 860
1290 622
170 612
533 1563
364 1526
184 787
518 1828
863 398
1837 227
1186 699
1233 1685
1905 1091
126 723
719 1562
1036 614
1752 1440
1118 499
980 1381
1806 636
301 255
287 1409
280 726
894 1744
148 626
563 640
1743 486
1286 281
457 196
1649 21
391 1054
1539 592
299 1757
273 509
1157 1555
612 824
1453 1517
1419 1674
1633 580
1117 1638
591 1823
945 1654
640 1667
165 316
802 787
184 1275
1538 124
1539 1749
280 1392
548 1498
1193 618
1772 974
463 1880
118 1974
448 1266
656 1207
316 449
1379 122
1342 975
194 1238
110 1661
1730 1554
818 268
847 1449
1546 104
1055 265
960 733
274 457
423 767
51 98
23 1076
934 1298
1544 1137
558 361
1543 785
94 1666
303 1827
170 1700
1252 837
1981 1736
334 563
737 528
1893 875
1598 79
960 487
560 1674
1839 57
197 371
1871 853
1799 217
1050 958
1570 1647
471 832
1368 1783
836 918
730 1966
1567 982
458 679
1174 811
1479 1730
1300 273
1210 1915
1239 28
839 877
113 30
707 434
1114 1850
50 563
503 1946
246 163
893 972
213 1323
133 607
306 1544
1361 1502
1629 502
1003 1792
1898 1023
1979 707
1667 646
1881 1526
222 225
884 1429
1584 1959
1058 645
127 1408
1956 382
174 733
82 155
1727 1165
1160 1588
1416 828
1669 568
1701 1732
353 582
757 326
1841 712
1905 1535
975 520
945 1816
1219 890
1488 1744
195 331
1885 434
1177 555
323 562
1011 1515
837 1980
1738 1595
1278 277
1917 1157
64 1585
1330 1254
1005 878
1821 1587
570 549
1803 607
19 1162
571 95
628 1055
646 310
1292 304
1066 1735
358 954
609 1740
930 158
1390 1905
1187 1264
889 1086
111 227
719 737
418 1469
198 132
713 481
828 984
1970 1150
1385 789
1679 95
1035 1927
45 344
753 649
1954 450
1034 1061
1946 133
213 1897
30 249
475 1262
501 653
749 162
1614 1124
483 1285
438 1339
1571 586
164 759
1632 827
738 835
746 871
624 1682
683 1862
593 751
967 376
1554 1165
1703 1039
1501 1163
1224 54
1617 194
1890 766
1245 243
1475 1585
1554 62
22 995
1946 298
1845 49
1370 268
1963 378
266 1702
1308 1175
1763 1345
307 1673
1219 369
1973 885
1096 576
938 1384
1230 1193
1477 1919
972 1958
900 1691
1415 302
543 1547
1340 1850
1496 826
1136 344
641 1521
481 296
727 1636
1654 937
1380 1285
332 1529
829 496
1392 446
935 1785
1772 765
1835 1498
894 1444
241 982
1117 266
1615 890
1108 1147
312 714
1194 1226
690 1532
812 1250
1206 898
1695 874
195 518
255 1541
1075 905
1117 1053
825 57
1485 489
1708 1393
1997 1550
1912 1125
959 1584
1176 719
1154 1964
188 1467
295 1448
58 261
1625 726
1682 1712
1821 1305
1565 769
1547 721
69 597
1173 1431
482 92
1396 940
946 768
214 564
1607 935
539 1327
1784 180
1213 1152
1722 1304
1712 1976
1438 1118
591 1099
1137 594
126 353
584 1181
1721 630
1058 832
193 1677
178 921
765 1171
1380 1108
1797 1398
701 561
1064 923
1727 1691
295 1680
1974 1046
1275 1615
1669 842
494 167
612 23
1219 1929
536 618
1274 427
867 692
1610 723
1331 101
423 1226
941 247
581 234
318 262
245 709
1852 204
624 1421
1524 214
905 647
1650 1028
542 1550
675 380
1906 1630
108 1910
1634 826
393 1945
826 404
1433 1545
1125 1642
962 837
1546 1964
1384 851
653 215
1128 1263
1138 1463
1029 313
1079 765
1854 286
1084 883
195 1129
1593 652
893 1310
1173 424
1128 1878
111 3
636 1754
1374 955
1907 452
1798 579
860 399
1511 1808
256 474
1629 614
1196 1310
356 852
1012 1615
189 360
1127 945
815 1963
1136 422
380 915
986 1622
1020 1370
1633 1801
1034 1063
1035 1061
1644 554
232 262
1571 800
1908 1758
1665 1809
1275 1660
534 1744
1634 1807
1596 204
171 1618
1755 1478
177 1293
963 1289
771 1777
515 699
678 1075
74 1060
1568 1051
644 724
1573 101
1881 1940
595 1825
1859 1040
1339 1065
1734 411
857 1550
1164 1881
746 342
375 757
319 677
117 60
1534 753
1854 10
197 1378
110 1896
463 1688
620 855
1018 80
1592 124
1883 1224
486 779
1504 362
1104 1852
573 307
1737 1363
1512 435
36 767
1988 541
566 1592
283 1385
1462 1125
337 1329
988 344
560 1905
1546 1827
361 1074
1374 1145
1599 1428
554 1337
1620 1076
1674 1696
1575 667
1445 1854
332 1294
1730 556
1604 995
1312 350
294 972
724 1802
764 1326
526 571
226 956
1439 1153
942 986
1463 1585
1430 154
1983 677
1060 1772
851 1696
284 266
368 245
1508 1760
491 1089
1328 1447
477 1358
1342 1653
872 804
1692 1632
1557 1456
1178 1755
1395 957
188 281
1978 716
1452 1094
1772 1212
1653 1377
1318 835
1897 162
232 327
1448 1842
983 1476
800 271
510 626
941 211
1541 1132
1382 1291
1638 1006
1711 785
1280 39
425 951
551 1725
1997 1244
774 101
1182 489
1292 1159
931 248
1404 1206
378 1649
305 254
759 118
269 24
1147 1803
1776 64
225 1489
631 611
719 1762
1356 1889
1729 640
680 136
633 976
923 1582
362 833
978 299
190 1911
1499 212
1467 1553
1342 1069
1825 1426
1752 1828
1219 116
548 418
94 378
1229 900
781 358
37 1440
137 881
1386 1660
343 363
1616 1734
1911 212
1958 230
1636 68
1715 1414
808 1995
174 240
790 452
205 1273
1506 1098
1615 1626
520 1176
1970 190
1794 542
295 9
1286 506
940 1932
75 664
1228 625
1224 725
1846 1491
1606 873
1532 596
1948 1090
1356 1282
1020 627
781 1016
152 979
822 1254
553 862
426 1133
1512 1257
1685 1544
736 217
968 1140
1796 689
17 122
517 427
292 558
1161 963
3 582
936 177
1118 1862
1379 1856
489 522
1437 837
564 1861
51 762
713 1108
909 1949
996 863
1339 702
781 435
267 121
1936 1842
372 1141
1870 1139
325 628
1086 861
1039 404
1097 926
416 138
1011 68
239 1077
1156 381
268 1624
711 1615
300 1743
80 1053
1540 158
1608 468
1553 1316
878 1034
215 1768
391 974
1079 643
912 4
455 1569
545 1954
494 382
18 402
1855 475
391 1331
1213 716
1705 1013
1947 312
1521 1516
1469 1259
1290 452
1156 323
917 339
907 1613
44 912
872 1143
465 1201
1834 481
864 1123
1776 49
1747 1668
1198 43
468 734
658 1599
820 753
6 987
340 146
1154 942
1515 1259
207 17
656 325
1837 600
381 1399
872 1541
96 241
796 612
814 1446
729 1765
1750 327
125 1780
1600 1137
167 1932
1636 1850
309 956
700 1992
1457 1324
378 1072
1732 1521
252 624
1594 1795
1791 1551
717 1396
409 1464
1069 1786
1160 1173
777 536
508 640
1953 200
140 1163
163 1054
833 1080
1851 1025
462 757
1977 1355
1961 1425
854 1768
1888 434
10 170
583 364
1830 125
768 123
1779 1504
163 1634
38 960
1615 82
1587 713
723 1416
1170 1993
807 373
345 1741
1419 959
1710 1858
592 1496
145 1445
437 1886
1872 620
1888 1522
389 1700
534 1693
111 1755
166 1429
1596 1436
939 1395
171 507
2 829
182 1915
1127 142
277 1984
802 321
218 1742
628 1235
979 1408
1231 19
1083 1400
186 418
1462 1351
1474 1294
1378 1620
1837 1100
1714 1826
355 1296
776 814
1341 1677
1096 1373
1586 472
1028 1326
533 905
1559 1528
80 172
1487 166
94 1259
501 1202
1251 1053
571 1506
1830 1082
71 137
1567 1071
1970 668
985 1469
1550 1514
1351 1728
1615 1592
1549 1239
261 984
722 1861
883 1776
526 128
1552 815
1323 1078
1047 481
881 1043
88 1042
1902 310
1837 70
719 1342
1675 1293
1225 10
1387 805
592 1445
100 506
293 1077
1314 252
355 441
1386 432
1792 1290
5 1814
1496 858
586 719
1373 794
245 811
1150 105
1734 583
1039 355
1243 79
1904 1819
1595 1744
985 194
1048 1849
339 1436
1332 1397
1714 1256
134 407
1488 1955
482 12
223 582
994 1207
1957 1400
313 699
1783 542
698 509
1834 630
148 1451
1606 1692
127 546
1326 1448
1580 1258
1496 224
878 1405
1148 927
324 591
984 1288
1858 543
117 913
1538 244
2000 1270
938 1524
1255 649
1811 424
1704 61
1629 293
1281 1413
1370 1934
1174 1499
937 966
1949 1635
153 1052
1008 1964
96 1331
518 61
990 334
1213 1934
1213 1139
1123 728
1404 562
1862 1832
1256 1751
366 335
1678 1402
1093 1011
823 1410
712 1138
71 1911
818 869
875 39
883 115
505 1196
616 1862
821 940
1722 1717
339 1427
506 1013
1852 855
1802 946
1638 280
1532 1787
653 40
1181 1251
355 744
535 838
110 336
998 1384
352 1658
1523 1574
1411 1923
1602 1662
378 203
698 679
594 545
534 1734
66 845
1948 1022
430 392
578 669
409 1336
930 1043
1439 153
1524 653
608 1113
1799 515
663 629
1883 1604
1634 1758
1281 564
1817 1270
70 1199
1229 654
180 340
1201 1514
65 926
585 1026
1520 603
843 1230
1872 875
403 1356
1070 1594
1122 1611
236 500
1048 1973
980 1623
398 1489
208 1305
1755 1668
977 1417
1647 1278
332 785
692 619
1220 1734
1128 1303
1286 1994
1488 1241
1546 70
1831 1986
1139 448
702 108
485 194
1883 1833
1236 1169
654 344
1553 1434
92 188
1321 1660
446 14
1791 1295
1400 1073
238 1016
1387 1394
1286 1351
1864 746
1719 1452
76 1631
919 1746
313 1042
1792 173
997 895
324 401
1675 376
559 923
800 1245
1370 1420
1921 597
1523 737
1440 1482
1507 610
1587 1543
521 450
1874 74
1132 1987
1108 999
1543 1802
640 1881
1431 590
598 396
1093 962
820 1533
1025 202
1545 1697
843 422
1109 1327
133 309
1695 550
583 273
1634 1995
546 1419
116 977
412 1938
803 582
689 1687
1970 44
1897 1942
1072 488
1661 1079
1339 1527
1233 1026
1297 410
422 1573
476 1738
274 278
1084 525
523 1465
1109 137
712 363
933 1966
16 1250
1820 12
1078 1013
1617 1638
170 1993
1135 397
1704 146
792 219
163 52
756 280
1633 1257
479 1478
1135 533
416 1217
1303 1887
548 70
1282 1010
232 6
3 1419
470 856
19 213
1822 75
1948 578
47 1767
1235 777
1781 60
1195 56
931 1881
342 649
1758 371
742 1765
504 1050
885 314
257 1813
148 1952
1378 652
1400 1052
408 591
76 995
1137 1742
1648 1534
1937 1267
1299 1885
15 983
1007 1748
355 357
1271 878
1718 1663
1377 625
554 158
269 1147
1375 665
263 1813
1876 155
1064 1868
111 870
243 174
730 1492
1383 904
1085 313
1855 181
355 406
1796 1045
271 1961
855 201
1183 887
77 630
687 1127
1792 1932
335 1335
526 424
1373 543
1640 340
1394 1035
1764 1122
1642 1138
926 337
1232 756
1339 1580
1537 319
93 44
197 440
298 1028
1120 1935
729 1229
825 1047
186 1694
641 587
1612 108
1315 832
1598 71
1627 1081
744 1815
1012 992
1290 1652
1659 549
1881 1823
818 29
482 813
1115 726
793 543
58 164
153 1196
1936 1189
1684 1740
1667 1743
702 1589
1075 81
459 138
1829 808
282 1948
1513 425
1934 1879
1719 1690
590 411
1627 1002
1707 1280
788 1272
1069 1944
1715 607
478 551
1024 763
934 1445
61 1302
1640 1630
1309 642
1722 1319
1706 1619
1819 746
188 1826
280 1449
439 1822
521 1845
133 987
1213 163
1353 1964
1933 517
1124 1189
1820 1925
1404 992
1792 1984
166 821
1348 626
1509 1964
164 812
945 409
226 1675
168 1478
722 1464
1190 1785
1814 1374
45 273
1319 1931
1950 211
1474 1104
747 509
665 976
16 186
1692 671
1748 1027
684 1516
939 1487
513 195
385 172
697 1555
1973 594
204 1991
1986 1549
225 952
843 1863
803 818
963 932
1713 1377
1198 473
1822 1859
131 995
687 1771
1918 1972
541 1928
1194 560
1372 58
979 177
1881 1412
671 1753
1742 992
278 60
1823 549
690 1036
8 1444
937 510
1872 1765
653 1724
1471 688
791 302
920 215
42 1696
1708 281
1557 1032
241 1459
1290 1385
1679 1412
45 807
764 480
1848 218
1643 1235
77 1064
230 470
747 464
95 1259
1752 1297
1383 854
1126 1951
57 1836
1615 1989
1768 1824
1548 553
511 908
1255 1317
1270 848
1975 1285
798 1608
414 1837
1089 371
1715 204
41 133
1051 197
1643 771
1685 1483
1431 287
991 1037
1465 80
1691 1324
1768 1585
1295 1111
274 780
862 1696
1237 1488
1042 1248
35 595
309 1475
730 632
1540 1000
433 1906
1534 1974
308 461
766 821
248 1057
164 245
1430 1180
238 19
749 1640
1813 484
624 1277
1984 1752
1042 1920
1811 1117
522 1382
1075 1626
1483 1166
1535 1620
594 1236
1604 825
23 728
1033 396
789 967
384 1375
1276 796
1066 1860
367 1281
942 367
1885 1879
759 1499
797 894
1398 1407
1031 1944
1248 448
103 1731
142 355
936 879
1007 1018
1849 1545
1286 1778
1184 1471
790 1289
445 749
1243 350
736 1473
1463 752
1079 26
1546 128
1774 213
1642 853
377 1420
553 249
1613 320
1555 15
974 466
780 1449
1803 899
253 1278
281 124
1710 1422
1414 459
333 1990
1079 825
553 174
548 1665
1382 1280
1182 1153
455 1666
673 1127
762 1375
1689 103
489 1429
1251 136
1788 21
297 76
1560 979
1228 1585
83 1102
1410 1270
1643 87
1235 633
437 1825
17 1105
1785 170
1346 893
1560 1038
515 1836
1858 520
1357 1261
1624 1916
275 1858
1866 1347
1481 1537
1327 591
989 437
953 1737
1761 1821
1735 784
1132 1762
749 47
439 464
1922 1288
756 164
1884 840
613 974
858 1095
189 898
1717 1087
1473 39
903 832
1801 1812
1098 1854
1335 217
1777 434
1624 964
923 1595
1045 1762
1476 647
1127 733
296 518
1951 1380
1252 450
1479 564
430 514
1301 998
864 1188
1382 424
1888 1428
842 1815
968 1747
1677 230
719 612
265 1208
1430 342
611 558
1483 53
409 601
1274 1710
458 1767
234 917
1934 200
1699 1775
418 1799
940 389
102 460
1556 1325
1835 1014
1425 623
445 1570
332 1424
849 789
946 485
188 1330
1079 1835
1599 280
1958 1181
458 929
299 987
1438 674
613 143
133 477
392 1984
1924 1985
1391 1909
1501 722
521 711
1942 1554
1830 901
601 1018
1601 1293
1987 650
337 1905
1185 907
1668 1354
1968 1286
765 1878
376 1149
200 86
655 1508
261 756
1832 8
1412 554
1120 1432
1269 1729
1513 261
1312 1341
823 872
1871 1424
813 560
459 960
2000 1993
1445 166
1627 488
546 630
1820 791
375 1087
1068 902
524 559
1547 762
1131 162
1710 1866
1702 1064
1191 579
1117 1525
982 1221
1036 1661
1113 211
1660 455
1838 1485
1821 550
1715 1354
963 1930
1001 926
574 598
148 1693
1378 1713
463 1299
1483 740
1947 1298
1440 934
91 1280
1540 823
520 498
1300 17
1080 1219
1956 256
1497 1788
499 731
1346 1836
1855 924
1412 1316
1650 435
853 1339
637 414
287 51
624 737
1735 1400
72 1484
1050 1413
317 1707
1333 85
482 1473
610 1780
590 357
684 59
399 1660
542 1341
518 803
627 1092
676 1721
1715 1202
237 159
1769 1658
1395 220
282 274
941 295
5 1668
239 121
456 1416
1291 1954
1229 1740
1754 1988
1097 93
1485 1357
851 1565
568 380
1277 1067
1284 1927
1426 1509
716 1312
920 929
1431 320
1248 920
457 113
1738 722
147 998
802 1394
1621 1156
1857 1705
1673 954
1587 1279
1023 29
663 560
1394 1513
1095 247
800 569
679 112
1868 1002
1182 871
597 1513
1043 1603
80 1597
1478 830
1860 558
660 600
1702 1896
1628 767
1939 128
1992 1142
524 902
974 1991
1304 1775
1969 1759
1501 261
978 1665
298 1208
1276 675
276 1039
1083 1875
1619 1760
900 518
76 1298
1673 1027
1600 1514
1249 1977
188 721
65 1591
1749 1900
1432 1404
140 21
210 1941
1991 953
436 823
1985 1208
847 1062
1243 179
166 47
998 85
870 1318
1816 529
1866 502
722 935
1079 805
1129 164
958 1412
875 115
355 356
518 252
812 580
1425 108
427 1050
632 946
1475 211
1800 532
1087 1906
1301 34
644 1858
183 1956
568 1698
359 829
1438 1958
1485 974
634 1716
904 1531
371 1937
1425 1908
207 140
127 1751
956 877
496 169
1472 1015
561 1247
1176 1071
600 989
1136 1456
38 234
1628 897
1332 1730
1908 1392
1625 14
369 1070
502 1427
1513 1587
1872 1990
1532 1165
1631 485
696 1008
865 1229
1904 1496
664 510
590 1903
728 1369
426 716
137 921
943 496
91 869
1983 702
925 1024
789 19
1981 1080
1614 1092
1893 986
1491 167
353 460
454 8
1265 1402
1985 1021
1809 982
911 1258
222 1662
38 1676
1097 434
614 1600
1127 1018
302 74
1349 218
989 409
400 1858
817 1513
158 1132
1014 1201
112 1727
1137 391
1165 1021
1394 1412
1455 312
745 1143
622 1000
890 1212
614 570
953 1741
696 513
1564 283
411 826
1769 1859
720 312
375 993
1707 425
281 1259
507 1387
1125 1412
1013 249
283 353
27 1787
1419 968
1770 532
473 1002
12 1602
288 429
422 888
1259 26
32 761
1289 480
1188 1390
940 307
476 339
1153 18
474 1566
5 1082
983 990
92 1712
1216 1660
1573 420
1614 1989
1108 1889
1662 814
1529 1286
647 1173
406 1611
1697 1855
1379 1023
740 1668
1553 766
812 1493
1 826
1602 1457
1765 642
1381 6
682 1247
166 1887
867 1109
1393 1197
1437 746
507 1512
1903 763
995 1063
77 464
348 996
1598 1138
457 859
430 1194
172 1922
1086 1567
453 1035
963 1577
193 1000
1223 419
128 1647
1171 1239
98 1871
1675 66
226 333
736 1383
1109 431
1825 522
1637 1970
146 1878
701 1879
1455 965
1345 1747
1504 1835
198 635
1003 1136
1128 323
154 1132
765 297
993 185
984 1149
699 1010
802 1215
645 915
948 179
643 216
1027 1694
4 1677
1225 450
679 1839
654 246
409 1083
1491 137
509 804
142 524
1706 115
181 1785
39 722
1675 1643
333 1650
1590 807
1009 1085
173 750
554 458
1512 1240
885 328
35 1482
450 1679
423 726
566 16
157 778
1749 864
1163 1583
644 331
133 407
757 1599
544 1174
1300 1814
88 1158
1349 1041
968 1806
648 536
902 646
1101 227
979 628
628 1340
1041 1928
1262 242
1266 507
1372 1880
1835 600
108 1398
477 782
1840 803
1299 1280
1540 1853
1675 1889
252 1313
1964 600
591 1676
317 1254
1013 1141
925 1829
831 1924
1315 1860
130 347
1079 439
803 1841
1558 1644
943 1322
130 1058
1725 1590
434 948
1428 528
804 219
848 1184
385 373
826 1081
1883 994
725 1290
1243 468
38 1630
1559 1484
503 1719
1279 16
1911 290
1430 944
223 546
52 567
1365 995
1493 1905
1002 1613
1470 1744
1232 1963
296 543
913 1984
1662 1266
67 266
557 1138
1429 1777
1200 1666
64 1680
114 1659
173 1088
1983 1105
1290 212
1236 1851
1533 492
1317 967
1913 1236
635 267
181 66
1734 1857
532 472
146 228
1622 132
307 1652
1087 1413
67 1376
773 1895
1277 1403
369 1612
1886 1958
1378 1314
1019 1703
185 50
368 1619
815 670
299 1569
1655 597
308 1417
1181 785
58 1522
42 1224
736 1124
972 1089
805 189
2 1328
932 1992
1205 620
1914 1963
1535 329
633 644
1644 936
148 82
336 35
1779 1940
905 1675
545 210
743 1877
1822 561
1899 1300
743 1888
2000 1504
1672 1666
1803 947
1825 1625
533 1781
1501 15
263 1505
101 900
433 1298
1500 1717
1260 233
813 1778
7 165
1715 834
264 643
1444 246
1128 1130
1199 853
1920 1696
328 1664
652 423
1766 222
1572 1286
1394 1994
4 516
1726 638
1238 728
153 1961
631 839
1283 940
821 135
34 506
985 222
919 699
1849 792
1921 224
1229 1169
1243 1375
15 1191
378 1587
844 1024
539 1302
1144 1427
1216 708
1052 223
250 956
1506 665
940 65
72 351
1705 218
1090 1002
351 1383
1184 1029
1368 1143
1575 617
425 236
345 102
838 18
1125 1610
1538 1518
982 276
1807 549
872 1356
1486 1323
1298 965
1066 209
964 906
167 794
1082 554
980 93
1352 1426
1447 1514
775 1373
763 1309
671 1610
659 1288
878 639
1703 1945
1664 1694
831 500
290 414
846 1518
726 1560
1149 170
1518 1435
591 1801
1788 1153
1515 1261
1989 1113
1315 1733
1801 889
620 1391
1890 58
1886 239
1503 693
464 673
728 1179
185 1233
981 930
120 1871
1989 447
1492 1130
1935 1503
1667 1022
222 1014
355 1659
147 1162
256 1931
672 1371
1868 1824
464 40
1073 1386
991 1478
509 1186
149 1017
1113 703
51 443
1590 1756
1504 1271
1017 752
1312 1127
1483 1890
1664 621
1936 1733
1550 1884
1435 1508
1337 865
318 1556
1453 1077
1445 927
1668 666
1570 1317
1044 628
314 455
814 8
130 1479
1570 1967
911 260
1915 846
1985 1568
560 633
432 685
1054 1719
1967 241
250 1257
118 151
1718 843
1890 751
313 1234
1048 1238
344 49
1844 563
77 1205
1532 778
312 963
1265 102
1115 1276
1511 52
1728 521
1412 821
213 1062
867 645
1716 1536
440 647
701 729
172 607
326 1034
1388 47
1696 1363
1403 890
1119 686
945 1314
872 181
1777 1389
1943 399
347 1399
943 696
602 169
1249 964
1336 1658
342 1918
1454 678
839 114
1705 1971
766 1946
1187 1246
1689 1148
213 921
165 18
1078 1425
1002 1382
779 1948
1280 177
1157 748
14 470
285 1903
148 449
1889 1401
1258 346
210 431
259 673
850 172
880 1725
499 1280
471 1203
598 1461
813 298
165 1745
538 1108
971 385
1650 1694
1952 1630
25 257
469 519
711 1185
596 1888
568 1790
957 1398
1813 674
629 1553
492 552
466 840
1111 618
1057 393
407 206
155 355
232 980
1043 1657
701 968
80 675
1119 811
330 598
1339 80
739 1121
985 808
1917 50
1314 1477
918 377
1545 133
46 1457
1335 359
996 831
266 1713
1159 1335
1304 116
158 1013
1069 665
1450 722
175 1784
449 1065
446 436
1422 816
853 632
1114 929
80 55
1892 758
1427 217
235 443
616 120
1634 766
37 1278
1222 1505
293 1906
1179 1577
8 354
633 329
709 1511
1810 662
623 892
267 1726
1584 1448
918 1416
1269 1438
490 1219
1155 57
1787 1136
1890 1552
1100 577
477 1909
717 855
1766 1238
1766 25
1880 1886
1443 1694
575 1681
170 810
1074 1469
163 529
1750 393
1799 1980
833 808
1496 1285
598 117
392 1846
155 559
1195 1188
1638 824
417 1078
541 93
1510 1887
965 771
330 1313
1510 1835
1280 1204
487 639
1436 396
373 1230
302 1823
1162 1354
720 566
1043 27
832 12
1325 1150
51 572
589 921
663 1979
1210 1118
1618 1450
604 617
1912 198
913 197
200 1523
2000 265
44 1832
1551 405
116 1692
1185 966
1659 1134
520 1466
1655 1580
1688 1565
1393 1374
1229 1684
1268 1167
1457 1127
1654 1576
87 64
1435 1096
633 293
67 841
200 1181
1621 1466
1565 1912
1010 449
47 1707
504 1688
505 852
1523 1191
936 337
1958 220
952 1260
210 969
272 786
287 512
1475 1372
1094 1722
1402 1388
911 913
789 377
1450 840
1332 996
127 1194
1302 1761
1745 708
964 1697
1875 78
1374 1837
1258 1662
1440 399
331 1413
1295 1533
790 1431
827 61
1008 1811
1287 1522
112 1002
621 890
1481 568
1751 1638
1318 1871
171 113
59 1285
1492 1769
923 394
731 1909
1382 339
131 1134
1665 533
782 1558
1447 885
1224 1956
1007 1251
1875 1707
1912 1675
1070 1134
1122 587
1042 248
1744 1958
1424 457
889 820
908 600
1587 516
337 1124
1496 1787
1631 1046
780 1959
1520 1382
1169 1456
398 444
400 488
1494 558
152 995
140 1963
352 745
64 1805
1003 1934
23 1433
1463 130
932 1296
433 1845
1020 1524
624 1596
892 350
1143 1012
1925 1251
1962 1205
204 1312
339 1859
1210 332
1309 569
985 425
326 1478
296 230
1676 1251
422 668
1701 1757
725 1165
603 1914
1769 5
1938 868
1628 29
1561 960
1985 1282
1791 1304
690 1244
386 1159
467 734
514 857
560 1011
1865 910
1685 221
600 1050
421 1529
1218 1347
1206 297
235 691
425 396
1960 32
1888 578
984 1642
1604 656
86 814
1829 502
459 1806
146 734
617 637
1052 739
714 216
561 1211
1403 868
1850 1386
320 1734
649 1405
963 439
1832 1530
127 239
1570 520
974 1469
1900 751
684 1844
702 383
1756 1272
23 492
429 1426
1953 264
1509 940
212 729
87 279
1591 1612
707 206
1850 604
66 722
402 1014
1324 1239
667 694
911 720
592 1422
387 1320
1635 574
198 1585
50 621
1045 758
1712 642
1987 973
1631 1247
1675 364
1433 1396
860 1768
1720 1549
413 1448
1563 1601
563 756
1773 856
1572 1156
126 1718
1611 360
1718 1081
765 1227
802 627
1965 1372
167 1895
155 1690
1023 1947
486 1363
1944 203
720 65
333 85
1840 1774
185 917
301 380
1839 585
1432 1388
1404 1446
741 1608
715 38
354 793
1646 140
1753 921
85 171
1115 984
1796 1878
1766 1425
522 597
6 1302
409 1423
1366 1770
841 880
1815 1842
910 1480
63 1438
1842 1668
157 1531
627 1183
1193 1976
1243 762
1235 1683
1521 1252
1028 646
1073 260
1693 759
1835 1239
819 1322
498 1668
1578 1725
1581 1858
1872 1345
1164 559
509 1621
580 1428
102 834
595 1662
197 1421
270 1139
81 966
475 482
654 830
622 1009
528 247
1706 541
1773 1671
1764 1745
789 743
1210 1112
1956 1880
293 837
1493 1363
1079 631
1838 346
432 226
1225 870
21 71
549 588
1754 1928
1024 112
92 433
3 1048
415 1134
466 713
560 104
271 1048
829 1586
1736 1352
447 895
1521 1577
144 213
727 209
1729 167
1319 608
662 1236
939 313
1128 1459
1150 1115
699 1672
55 1797
1484 498
1042 1544
1083 78
497 1975
1754 1239
715 1575
132 1226
1652 1979
1933 1409
985 1276
1332 1587
468 585
1363 915
164 167
816 783
1129 1460
954 24
1994 203
506 112
1394 1289
365 459
1709 934
1264 1155
1187 1449
1212 1733
297 533
972 1508
29 1091
1851 10
665 1043
1522 887
1205 661
1041 1035
882 1605
168 1872
1940 354
491 1919
1930 1204
1843 25
1441 113
1079 1073
1923 1423
1662 343
894 786
944 863
486 1192
1129 1833
1943 368
60 1185
1939 261
1234 720
1089 688
1048 1958
1252 1049
1779 220
1889 195
1618 242
150 420
364 64
1026 1407
839 1014
1144 509
544 1811
332 1485
251 645
376 1983
1104 1507
193 52
1565 1195
343 1489
96 439
859 696
260 622
943 178
1662 308
1382 652
297 1075
1915 603
52 1821
1300 1055
1325 747
190 20
1844 1353
75 1196
1615 799
178 748
133 969
1189 1631
962 335
1146 1834
840 1210
1765 269
823 434
801 844
167 1468
688 1314
1916 854
398 1270
951 169
20 161
1473 1746
1823 1711
409 1142
1035 732
416 424
557 45
1883 925
216 644
1386 333
63 1425
1409 220
211 229
1226 1517
1658 217
994 1257
274 1578
381 933
524 884
587 68
51 1273
913 1452
219 1624
1334 661
938 772
589 291
1098 1534
984 582
1063 235
1884 1128
988 490
903 1163
1430 304
1000 557
1171 1908
1416 1680
1435 707
1144 909
140 1070
900 571
1530 609
1164 1695
1993 1396
1293 519
28 792
1012 1414
1221 1028
1947 1391
850 1474
1961 95
680 584
1370 543
687 973
1058 996
1858 1073
1276 808
1001 1819
1936 1955
1843 105
1432 757
701 1042
1999 95
1808 1134
560 1169
654 802
158 1725
1739 1798
213 1332
1439 506
635 1857
1423 1490
179 1370
544 1119
475 116
679 1421
1510 47
409 456
425 897
1514 1675
1892 1310
386 1624
1247 74
1563 1551
1610 11
1660 895
1184 1732
840 1163
1729 1264
1536 50
1445 1516
1348 1955
1953 1010
53 196
20 1736
506 1141
769 763
1018 1223
1843 419
1238 1970
1541 1091
1187 1624
633 1785
1207 1394
263 1999
155 1172
1425 845
1676 1895
1940 357
81 745
1721 1863
156 1730
582 831
382 1759
188 1291
270 637
1641 684
888 680
1827 1699
1979 1812
935 1436
1517 967
386 1637
1856 417
1876 1263
25 1218
784 1532
1693 232
1503 1637
117 239
280 1255
819 570
1677 576
1555 1818
893 99
1720 879
1351 82
1146 1840
972 1567
1832 88
1444 1549
1416 8
546 1191
1449 1333
620 733
839 1679
844 1136
930 633
1469 928
1716 32
224 1613
961 956
514 973
168 1408
735 290
1443 1284
800 764
207 335
897 1617
97 965
350 364
52 970
1751 1964
31 1800
1064 659
1999 1978
13 1848
889 1683
207 123
1162 345
159 1985
329 1116
724 1745
729 241
1777 1488
378 1430
783 1774
3 1228
882 348
152 673
576 1112
96 1071
1052 276
24 1216
399 1107
837 259
662 857
1105 840
881 1974
1982 365
979 1632
1550 569
815 1866
464 1728
1036 528
1248 1160
955 1203
1064 1392
181 1938
1115 1012
1182 880
760 1567
1040 259
151 1214
705 533
889 720
33 365
330 356
846 1095
1041 294
1805 1645
1438 1530
760 1859
1142 1959
1436 1534
384 1959
920 1590
1142 377
1893 1855
657 708
134 1784
1550 496
1796 685
177 1258
1680 1209
779 1701
1839 1547
1184 381
299 454
428 1466
281 1892
1713 1995
1305 1961
608 1989
1666 811
1883 1623
1773 1543
1181 1913
1221 1386
1834 1121
847 1886
1133 1419
808 1017
362 1013
459 1505
1921 1642
717 1562
1560 1677
1984 309
974 950
1991 1493
701 1388
368 267
485 298
1914 439
1076 803
556 1503
1041 1643
1460 88
1951 1283
1919 501
1435 1348
67 122
1944 334
827 455
784 411
687 119
1919 1824
777 661
658 1062
1722 1143
1888 1981
52 537
1036 1876
1480 1871
561 1474
736 1244
1347 1832
132 963
560 651
1146 1178
1722 1882
754 903
1952 585
1787 1362
854 371
225 1765
93 621
1347 1992
959 644
167 660
1577 1080
1595 1231
166 301
1429 576
1973 339
1501 732
1905 1434
725 1114
442 549
1009 761
655 442
656 450
1510 1
1047 1162
596 1617
876 50
778 1095
393 83
513 1782
896 758
456 964
344 1923
1181 1175
949 561
1420 134
1833 457
1356 422
1651 718
522 1478
1389 1624
927 819
1871 543
1261 1224
902 166
14 308
372 1464
1280 1891
453 969
1616 1020
594 31
1273 1552
226 1832
1033 1352
1777 1093
1811 1105
440 1119
201 1178
1414 121
348 847
1398 730
200 1939
812 594
886 1446
1178 1571
950 241
711 1897
1856 576
1364 856
1270 301
700 1987
1575 1647
1506 400
1986 883
236 939
548 1253
1034 1817
1399 1371
194 1117
1174 1396
1160 1367
1936 5
481 1443
198 1771
110 228
1512 1714
772 1001
1349 216
1756 370
1771 302
1659 693
563 168
19 1007
1787 1052
1554 261
1525 1982
1163 39
215 881
599 1749
2000 295
1957 71
1650 1262
725 1749
1300 1029
789 1971
1325 592
161 931
1676 1486
1433 283
1238 1132
848 1068
142 917
640 1629
1079 619
116 1299
910 1412
1697 1041
911 1167
359 820
821 556
646 716
101 1744
1616 555
640 1752
1097 490
266 1327
837 1044
1310 1920
1185 395
567 705
683 1274
1817 52
1082 954
629 7
1344 1331
1485 1422
896 1111
36 1756
1187 643
1948 1220
231 966
80 1541
334 1388
763 1096
397 1350
30 1913
1617 1449
1055 978
1248 1134
1015 1379
649 405
1978 1736
400 1046
946 627
352 1116
1790 603
596 240
876 625
1580 1977
713 420
1542 647
1356 47
465 1348
365 317
738 948
1301 267
1995 1686
875 277
473 1746
1105 996
1414 947
1440 496
502 1315
1843 20
1090 1962
407 833
1816 595
1564 378
1480 1589
1373 49
1061 476
1514 1741
1931 1786
1967 1655
177 1253
1818 358
544 972
1861 836
1660 1502
308 848
1502 662
932 123
402 1179
305 351
1358 199
464 251
487 1072
1699 1385
1267 478
852 282
1297 372
1920 25
1586 1631
1114 1002
1948 131
1289 922
1386 456
1242 1922
700 1982
1494 46
1089 1520
392 1084
1989 935
1999 506
219 1570
1067 1913
184 1216
908 1982
342 1901
267 1705
1398 342
1601 1194
1728 1114
779 185
1090 610
1880 694
1986 1353
840 1919
1888 1232
1863 1180
1700 1992
957 743
129 1914
1197 526
938 413
1605 538
1562 946
1091 1309
938 521
532 1375
102 1071
851 1246
514 1428
596 623
644 1631
1347 102
63 711
1468 12
1328 1773
55 363
393 1573
633 477
1477 1744
1827 499
1193 1001
769 268
1093 1207
173 1754
1778 635
268 1216
503 828
120 72
29 1212
1072 187
1859 1624
340 140
189 422
423 903
275 1149
731 946
1517 1653
267 1832
614 733
743 1196
428 76
587 1802
71 1357
1573 473
351 1170
1080 644
1826 1839
96 415
125 1232
186 34
1801 825
523 975
1646 158
78 555
465 1819
1725 1272
1153 1272
1288 1307
1192 1479
1900 1091
1061 1825
682 1435
55 506
1550 1357
394 1315
1123 71
325 1804
447 1669
1678 1838
665 1668
880 1997
1981 1192
1637 797
676 1123
1881 1104
41 355
292 777
788 1546
288 1746
1919 1888
1815 1450
213 1843
325 51
1831 1599
391 631
842 1990
408 1470
81 645
1338 1974
1970 1842
665 563
1689 215
1248 1979
1928 1051
189 1168
773 533
1826 873
1481 640
1082 1878
1516 1304
1478 237
1377 480
879 1684
521 1457
1406 671
431 1888
979 1859
1572 390
1850 1250
856 702
29 1562
791 2
601 406
1284 129
817 1221
68 216
179 1047
386 1660
1218 857
512 237
776 1084
64 313
1637 1876
418 1363
373 24
580 354
1269 1202
1164 1312
1068 1606
1377 1467
1218 1211
565 276
651 1733
528 1284
1403 1742
706 920
1966 1262
1678 1881
479 442
864 1746
1647 810
1044 974
408 1977
497 648
690 1325
1362 516
719 305
177 1795
1541 594
562 404
1269 1649
1386 144
786 902
876 831
1352 1572
1923 698
1570 1469
1263 1015
531 1005
688 411
1487 1033
972 948
1407 1605
1966 1770
1496 1311
1442 312
659 244
1963 158
1449 546
178 323
1452 198
570 1246
325 183
1759 328
864 1024
199 86
1672 644
970 411
800 1857
1355 92
232 179
59 1842
1712 1773
393 1016
107 354
998 1216
1084 1154
1623 1880
922 143
315 111
1878 156
603 880
492 1923
1159 959
1151 1258
220 912
619 647
1282 761
309 334
1460 326
1202 1804
495 1317
21 1016
1869 701
1066 808
1129 576
210 1022
317 1673
840 118
348 1232
1683 1952
1816 1631
1493 801
162 1114
463 1278
1092 251
1324 373
999 1284
432 586
1374 1921
885 1710
265 1452
1581 111
834 1705
1135 1013
1579 1393
30 732
14 1115
1052 79
488 1337
14 1048
785 640
149 894
1754 1211
498 280
1139 1465
1548 55
20 1432
1301 881
45 1213
54 205
1285 1148
1134 547
914 1327
1075 1815
721 428
702 124
180 413
1261 1195
1412 903
1424 938
661 1419
650 1492
1775 1481
994 1560
159 1432
340 220
1363 1501
1292 500
358 1860
431 974
181 1384
973 1659
69 43
920 1933
1782 1129
1767 25
285 1093
346 1309
903 1866
509 1553
479 1128
1695 1662
1664 1948
548 531
1950 176
603 1284
377 694
1900 1415
1451 1308
696 800
1251 541
703 729
1050 1030
1801 868
320 1546
247 1082
1872 276
1568 840
1623 1831
970 898
179 477
1152 963
1067 175
1305 541
1347 1787
1205 1304
1406 503
1818 1601
1548 1898
1505 142
1080 819
993 475
479 68
218 1059
887 568
226 1376
398 199
1938 1411
695 1269
1784 1593
1401 1551
1328 1046
1360 595
1377 1036
709 655
1065 1308
1554 1259
92 1833
1644 287
1002 1557
1220 100
1891 1178
1720 589
554 1639
262 498
1218 1186
1368 989
599 1319
1662 690
694 948
991 813
1866 404
1782 400
1801 1490
319 852
676 1239
593 498
789 1899
1499 1925
320 1695
1648 679
1862 1386
97 229
864 1048
769 261
1228 1171
1018 1222
305 849
625 1246
1260 311
1097 1765
224 96
753 1265
362 1032
268 1828
793 1205
280 1351
22 1615
1020 1942
1754 1868
1504 669
455 396
88 1263
754 1149
1662 1472
1860 667
863 501
1446 1348
1685 410
1893 1366
673 288
994 634
1474 722
275 602
1347 147
1655 770
1943 1255
888 13
1528 1233
743 877
1905 1214
664 507
660 103
1962 1136
845 901
760 37
992 1525
28 697
1723 1446
839 638
1988 9
1281 1686
649 466
1664 65
536 870
1891 1863
1242 28
1136 1685
1518 1165
1228 446
789 1023
246 300
1439 270
1177 730
1984 1958
659 570
965 1161
1434 1347
185 762
1258 1088
88 864
341 1131
1183 1511
62 1164
596 526
962 1739
646 366
1110 687
988 466
692 970
1391 935
104 272
1975 605
1894 1410
891 782
1037 1388
943 318
861 1988
452 1306
726 1897
401 550
981 511
1729 1449
1076 1054
1738 1265
468 408
89 547
1425 550
586 1886
1200 961
560 1287
344 506
100 1426
9 1720
381 569
1542 1992
1585 1840
849 139
580 350
1235 1815
1012 1206
1011 1136
813 1319
1424 475
1379 896
44 1641
962 1156
1390 1522
1240 1664
840 823
258 1838
1689 746
1737 917
27 1163
1171 954
1209 759
1088 691
715 1557
1049 239
1034 408
1652 1899
455 345
1078 395
1888 1802
143 1307
643 1942
770 95
1501 1371
669 566
1146 1540
444 259
1381 1119
520 939
1538 396
732 1395
710 832
1976 937
227 811
1978 275
715 610
1340 1414
1486 615
55 672
1790 150
60 137
266 1770
59 1815
1467 60
571 67
727 684
1944 19
1658 825
549 1449
1558 1979
1166 1228
659 897
691 1124
1410 1809
1337 27
1602 1160
1657 487
920 859
1025 895
651 1738
1170 193
496 213
298 728
886 1391
1529 667
78 1421
752 678
1700 656
799 1206
982 1557
1620 193
1433 1934
1773 1015
588 437
1747 903
809 1599
874 646
1175 1985
1854 501
500 590
190 168
1130 1642
588 909
774 160
619 323
788 26
366 1664
1561 312
1652 459
1616 1933
927 1731
1805 612
820 893
1957 1049
1578 861
1147 135
1504 1067
853 1541
1986 1596
694 1825
1610 1469
756 852
1501 545
1878 1809
1624 1141
965 923
106 1638
1459 406
1564 445
1158 1750
1129 105
1387 904
1994 261
920 512
1238 1350
1772 1639
1714 782
1298 1992
1484 623
1565 109
192 902
191 340
1806 1098
566 121
648 607
290 661
1669 163
839 904
626 409
1411 956
990 613
1969 356
1789 1819
205 781
1477 1092
61 1979
348 325
1568 2
850 156
144 1174
640 382
326 510
91 1969
441 179
1204 1291
68 1383
1871 1696
833 181
1641 590
1758 337
1915 858
764 1777
1266 1356
1723 917
268 1680
1161 55
454 637
1542 418
1524 1591
951 1273
1209 706
658 1163
1062 3
970 1761
1494 1457
1601 1115
267 1700
723 991
5 634
987 1891
960 753
538 1584
1831 248
1221 172
357 1991
1483 890
1839 953
1990 1125
836 129
574 1592
760 25
1515 876
1678 1290
510 345
1614 770
719 759
474 1511
1283 872
671 1609
1368 1220
1375 1049
1987 995
733 1363
878 1695
343 1892
175 777
1395 1883
469 778
878 842
1153 1855
722 310
993 293
1422 13
1649 193
994 1089
1359 463
1383 41
1231 356
1443 1092
708 1989
238 1891
904 1209
1784 1401
1962 1526
635 995
1960 1040
1554 839
842 750
1937 674
1850 1419
1658 1726
894 1721
470 88
294 275
1994 305
732 393
926 1395
1150 1472
1036 394
1255 1986
149 185
126 86
976 1074
198 1788
718 882
9 828
827 1456
544 905
123 368
133 601
598 818
1687 1374
590 636
357 1421
241 1689
1484 1961
1871 757
1238 1587
1088 1727
828 37
354 1292
1181 1414
1215 729
1398 1200
935 1787
769 1967
1090 1475
1079 46
882 689
1572 1229
518 573
1233 1066
307 1654
258 1218
1232 347
42 1901
788 1689
1839 1553
40 1461
765 1328
97 1778
384 1352
1112 1310
1832 654
470 1002
505 1696
525 438
968 1526
1338 25
748 365
1163 885
280 1088
1460 1035
672 1368
163 262
364 3
943 55
263 1356
1806 1939
1940 1717
1310 1505
376 1093
697 442
626 1634
1349 545
877 1410
1052 463
1652 1173
584 1730
325 1779
846 755
1541 1075
1115 1016
1193 15
736 38
227 1553
1005 381
1550 1579
1243 22
175 334
1918 813
1540 1039
222 695
44 1193
443 1509
208 495
1337 907
1473 1624
1743 1607
297 72
1236 467
1266 1929
1787 1213
1013 1713
794 1692
777 1259
479 215
624 215
1861 1820
844 930
1403 537
1118 40
914 786
1559 546
1604 1249
185 1913
1784 85
1806 1386
636 1553
1648 183
1144 1750
868 556
1767 96
1685 1576
482 210
574 1187
441 374
1599 1080
617 1326
1497 995
1947 878
88 1840
1441 1078
1868 407
536 1569
20 1597
1242 436
1313 1109
560 1506
1034 1377
1280 1806
426 381
1654 952
1895 1833
158 851
670 216
507 1079
967 923
230 1580
1205 1779
397 92
220 1234
579 314
133 982
753 575
97 467
492 1776
282 35
146 646
1866 1394
259 1168
1908 195
139 760
215 626
964 1341
1796 682
1062 1823
1588 1235
1137 1335
832 1586
1436 694
671 1884
855 115
1518 1830
829 146
332 470
593 1143
1583 526
509 1075
1050 401
496 1183
1223 1210
1107 1616
557 1329
1329 900
126 1188
1419 1771
48 640
402 29
848 361
1217 1036
447 719
1635 634
204 236
171 273
796 177
1175 1746
1350 637
383 1594
172 899
1136 869
1409 1317
1726 860
598 316
2 664
1648 269
690 1937
1730 1646
1108 1005
1457 50
1466 1548
469 833
1715 1351
1250 1146
1312 1555
37 748
824 1254
555 857
666 1990
223 1356
991 239
853 195
520 1518
1604 364
559 450
420 493
1972 1468
79 171
1360 204
270 769
671 987
398 521
466 1291
950 485
1089 1556
1299 1891
1349 132
1716 263
1306 1397
583 1182
17 1770
179 96
53 573
1419 46
789 341
1252 1574
1975 1547
766 1446
880 1571
887 1376
244 1683
1573 1486
1659 1387
582 701
1682 1160
604 1066
640 1052
1972 1052
1079 1638
1257 332
1029 731
974 717
372 1311
1688 723
109 1412
695 1274
1996 130
1006 611
1710 324
26 733
1445 1595
1853 1628
1686 1382
917 161
850 988
645 406
1463 82
1895 985
1982 1314
1966 1025
1785 828
187 316
1083 924
475 1852
1457 1758
1759 1054
1995 750
1545 65
92 1743
1372 1739
665 1873
973 1615
1865 571
733 707
582 102
1718 1812
896 1327
1031 1030
1116 1260
1671 1140
1827 1786
706 224
1761 1978
539 441
490 542
974 1609
164 41
1870 1478
1559 255
727 1090
1834 452
520 1529
476 398
1954 1515
1325 562
1311 1079
945 876
899 937
563 370
1584 1930
1547 230
1922 1863
296 144
484 942
1542 1184
1631 851
536 1285
85 908
1177 1398
321 1392
597 1937
1143 136
697 975
354 390
1491 1538
367 1200
1365 623
820 1329
1140 641
894 80
652 1529
140 122
1964 1648
725 147
858 1622
1562 1164
1230 234
1307 425
1294 1614
1628 2000
887 144
1447 78
1138 1258
267 587
1084 1674
1776 166
775 45
863 1267
1692 1616
1420 702
1976 347
818 278
1106 1077
887 1253
678 1052
1857 204
1590 301
610 213
1692 1099
1253 1769
1428 1486
536 1884
1703 1613
790 408
978 1305
187 804
1676 690
353 1730
263 1227
439 659
183 1527
1589 124
579 1913
1677 1614
1926 1579
594 1285
316 879
906 1711
1321 143
369 993
832 378
910 999
1226 1601
176 526
1534 128
951 561
787 555
46 1362
1230 1708
846 1551
673 1019
599 1832
794 143
1193 520
423 1579
1098 1428
1103 1203
122 281
1530 306
576 1930
621 41
73 1464
1128 1326
545 866
960 576
1731 1757
567 150
1324 769
324 213
731 429
677 675
1529 649
177 434
1209 1965
1551 821
1624 1515
1283 1663
543 1054
1508 1073
1301 1197
579 816
1913 1152
1872 846
821 1517
649 1443
462 602
1895 906
1481 1897
1664 1221
372 60
1
186
