2000 5000
1921 1966
175 516
867 1962
1432 1676
921 1313
795 529
26 884
905 1459
1240 545
273 1021
72 1590
891 264
1640 166
141 1002
1868 385
1363 1532
65 306
362 857
117 1673
960 1223
1027 1875
68 1404
1184 1848
932 956
93 1371
176 599
1715 456
749 1298
1152 1375
868 1758
514 685
1348 1757
1084 1631
1653 167
1741 1551
494 1123
860 48
304 1854
1127 931
667 784
731 1497
1078 799
1686 1520
1005 1177
1428 479
1841 438
371 1803
972 1326
903 1847
112 1432
808 1235
891 699
1520 1243
483 1770
1288 1224
1307 1779
1842 1018
1524 1620
581 1176
1308 949
3 1195
840 1996
1259 1907
1334 935
1774 1874
93 923
1155 1464
1186 1287
517 1224
1309 1025
581 510
965 13
1385 553
116 1836
353 420
637 1383
747 707
845 1521
292 418
167 1912
145 845
1570 1020
796 732
1554 589
1854 383
1081 669
288 367
1186 1270
907 788
1540 1871
1306 1053
1835 637
722 641
1254 921
755 1673
569 1667
1978 1641
903 899
107 1601
1858 1144
1951 1855
404 1862
1753 1699
800 1950
156 1110
701 1361
94 965
1768 833
304 202
1950 1124
244 310
1413 341
100 1674
862 982
205 239
50 1067
1419 1122
380 707
1555 1771
1865 1408
1200 294
1700 197
765 1034
1601 34
319 1388
338 1425
1657 438
1691 308
1145 983
703 1665
1018 414
1514 444
1643 1470
43 1108
1988 1777
1654 1487
497 1734
1473 762
999 750
1915 1679
1631 436
630 196
1881 1677
222 250
820 58
741 366
223 362
1879 1756
1267 238
234 1468
360 1922
1936 1605
1260 774
78 1753
62 613
328 986
1056 1835
1581 1997
1942 1730
753 226
1742 1027
643 142
405 181
156 6
490 1759
404 529
1231 1728
1306 719
105 1550
158 571
1381 1039
1085 1231
1168 335
1073 1226
1850 1059
1123 1043
438 713
665 907
1845 1338
1004 1849
1670 222
1919 1842
267 227
1639 1380
2 1424
1825 1395
1873 404
1042 332
998 264
556 466
1429 1188
1980 32
469 477
455 556
8 1369
1025 1074
1569 544
1315 1275
851 1042
1999 1918
1400 1886
577 1655
936 1393
1301 1067
285 1933
387 419
1866 1823
426 730
732 1831
547 1061
1160 719
450 88
1234 1863
887 1337
573 1101
801 95
1425 1669
490 726
700 1659
1640 614
25 301
1476 1761
645 618
790 1649
86 7
1948 24
1128 1751
149 789
507 336
451 786
1794 184
519 526
1989 474
753 527
589 1144
1068 552
1870 1221
424 330
354 607
549 596
533 1350
1291 436
876 410
1229 734
1380 197
944 1430
1333 1157
918 858
1819 1139
480 4
1084 1478
227 1064
12 1804
360 1755
602 581
183 1783
207 1582
1188 43
1279 334
766 1555
1698 922
812 1985
1237 1929
520 1701
1173 964
458 58
1001 902
320 962
853 321
1535 1403
1959 860
1978 1696
406 580
885 1851
1721 823
1030 1546
502 1490
641 241
1214 564
1133 1885
454 247
1593 1207
610 1318
1699 1447
225 1076
32 1358
1071 1130
734 524
1310 1524
688 778
1135 1902
992 1762
236 1475
240 465
829 867
1281 1756
1431 1391
684 616
27 630
875 977
636 358
972 182
19 214
1441 167
843 571
911 1697
1593 1283
598 721
718 1002
1059 1198
809 269
1960 981
796 622
716 330
1030 176
766 1618
1497 1420
1521 1456
1733 1341
573 181
451 1720
1531 715
1665 1917
1250 263
514 112
147 1227
42 873
667 1973
1115 242
1343 723
1962 126
778 321
732 1618
195 710
1423 302
202 1950
1274 667
920 1400
411 1308
754 1206
456 107
1072 843
1642 1176
882 1902
1554 1830
314 112
13 497
1310 441
622 745
1523 852
1836 1862
1033 1594
489 803
1364 903
1433 1617
59 583
1595 349
1533 296
45 155
1646 510
696 476
1812 1083
975 1607
119 1384
1299 1668
742 967
1381 1287
283 1914
490 1244
1134 928
1630 254
1856 235
1541 105
1604 1334
1207 916
1046 839
1619 1447
1172 1143
805 1945
277 1090
1201 1076
801 122
1980 1664
1873 1810
549 1706
493 1144
1241 539
1757 1008
1834 1127
384 1056
1491 1099
116 1621
1006 996
1147 1567
1441 160
350 923
1712 1021
148 1211
1774 27
1084 1673
943 780
1572 390
1655 1656
820 1468
947 620
110 1048
892 1158
272 1755
1315 488
74 1522
1438 1123
1292 648
430 311
1357 837
554 1925
1317 1800
744 1958
503 497
1093 1356
1008 1583
383 590
1896 954
469 307
107 414
891 1644
537 256
1756 1617
1415 1336
52 1659
857 334
332 167
1326 1909
1386 1194
1840 1485
69 1439
1872 895
166 1741
158 1920
527 1523
123 623
1542 1328
1496 8
511 1317
106 44
1 340
1823 1600
1981 1529
709 1205
859 1319
1774 1153
1857 420
926 308
1723 872
1666 1501
964 118
655 1588
115 630
217 205
847 770
207 543
628 1712
360 944
1609 1749
229 269
1931 1291
96 22
356 499
519 912
430 328
1746 1150
191 1304
444 1154
759 104
1011 1161
1850 1038
1979 1826
1282 1881
1689 1590
616 1515
293 209
36 1724
201 543
168 925
627 1119
1865 1581
1978 101
741 1071
1192 455
1977 188
1980 312
1326 1827
1000 1542
1036 997
799 83
321 932
672 359
1588 1060
743 1883
1034 1767
200 235
768 460
1682 830
200 768
1066 1126
164 1101
201 1596
193 608
1714 1399
453 949
1086 1466
1960 1450
1529 1599
731 873
1283 317
242 1746
1973 650
681 253
1338 122
1905 780
778 1596
827 1578
1928 249
77 102
347 1536
1055 1044
1131 1952
325 123
335 1852
1227 1256
1701 1907
1913 792
315 115
967 991
1281 598
701 1111
1286 1775
913 1368
1846 199
42 1820
657 1977
1723 1465
1182 448
1103 735
1916 253
92 1724
1193 538
102 139
537 937
1984 1785
752 1660
327 1671
1178 1289
1614 1864
1345 1011
1793 1671
720 1200
1669 1517
158 1334
4 555
627 1859
236 1715
447 1260
74 1732
47 1040
219 276
1060 950
1628 938
1404 1588
32 1573
1462 700
296 1117
814 1863
1588 635
1108 903
940 505
849 1014
1968 1881
1376 1279
459 1321
685 1386
1252 273
1596 1525
1939 1379
375 1241
375 1076
1750 1360
353 1438
167 967
1326 783
1695 759
1818 1787
1267 1246
177 1631
84 1225
959 1154
14 918
1824 1597
280 1131
706 1373
305 1437
614 1075
1004 41
417 849
1833 904
1268 209
48 1695
1954 1273
1859 102
887 284
1844 1490
160 1801
347 5
1332 224
1599 817
1067 293
563 1577
804 1818
1157 384
1238 546
1441 1513
1553 775
902 1109
86 1743
620 1180
1884 497
847 1463
429 1067
924 1457
1635 1825
1820 1080
39 1104
861 1005
871 1354
946 1439
1399 274
367 543
499 1305
1688 1868
1834 1703
554 1101
629 1979
931 1990
602 747
1770 390
1128 174
1044 1485
211 1203
120 1411
288 1399
935 270
843 1319
931 742
897 1774
840 1863
348 1783
933 1218
1495 571
994 988
282 749
17 1375
556 1673
544 97
1492 1663
1435 369
1417 839
498 325
998 1172
1637 1673
1893 1970
889 1450
1820 1435
1651 1716
1658 834
550 1559
1999 411
1365 1772
660 876
1142 1636
946 935
1376 1609
1863 170
1815 1294
1773 556
1039 1335
1001 646
1811 1692
1186 585
196 583
1029 353
697 1603
1706 862
1548 124
165 1245
1276 825
1497 1320
87 1549
990 1106
1137 106
184 1196
1347 34
1996 1396
752 465
110 1303
265 760
1387 1966
541 209
1243 1866
1435 1226
970 259
249 1690
649 497
420 1015
1397 187
555 856
916 1644
1073 1364
926 1430
1501 1561
1459 985
536 531
748 1204
1508 271
438 1103
1606 217
673 1578
474 653
1368 1161
1737 1785
620 1855
688 1261
807 987
1755 1382
1327 178
1820 713
636 94
1954 870
624 341
1902 18
1230 1390
1519 206
275 278
233 969
1368 1228
205 1754
556 1647
1798 632
1760 796
496 826
455 105
1099 718
944 1928
596 304
1861 1412
959 1877
276 1489
578 72
1117 1490
1184 1532
167 1476
703 1210
1153 120
1810 752
379 1635
1969 493
1277 599
1995 1428
101 745
75 1683
1319 1280
30 90
1925 1709
270 28
1436 1642
1939 35
411 113
848 1473
1586 1982
1917 1612
599 43
1717 1482
961 1553
819 916
1727 670
1707 774
780 1895
685 1751
783 962
396 619
110 641
1147 925
841 301
798 1077
1842 266
1110 989
598 992
477 1437
1335 588
1935 806
1919 14
202 1617
1967 1040
349 1440
772 551
1253 80
1760 1034
824 658
941 1981
1475 148
1411 595
174 986
22 355
1145 1771
696 1289
152 1942
373 98
1167 133
1567 1486
1189 1916
558 1596
425 916
1496 1685
1642 1560
1927 1790
264 120
1930 1292
1130 884
770 1291
216 84
484 44
1357 244
1475 818
479 943
1207 1628
1629 195
269 818
1987 1701
1492 641
1133 1946
1660 692
1260 120
1412 839
1726 1049
1312 1163
925 1069
605 1383
246 100
1544 1373
941 232
315 774
1425 784
824 1986
826 762
656 1568
105 456
1765 1286
700 458
382 1831
1565 1042
417 720
1191 187
1964 573
1047 1931
136 593
1880 1385
869 1890
1962 1231
1065 221
529 479
258 1172
265 1019
463 726
1160 1597
1429 1406
1345 418
352 1004
822 1578
1387 449
1510 245
1665 1766
717 1082
472 1692
1789 1357
1020 1397
965 935
623 405
84 1387
1040 339
88 1327
1729 1099
576 1676
1358 504
1341 670
1996 1231
1249 1689
1409 1112
1757 312
782 973
859 1519
130 151
287 1313
1426 1147
1105 90
1954 1034
1418 1057
646 180
180 1268
17 1108
778 1768
1585 1426
802 922
1950 600
1361 1502
1145 1068
1220 622
1159 1617
588 46
1804 1810
1813 956
1216 221
931 566
232 103
1535 1303
1108 772
301 1649
1723 71
188 1571
703 748
2 1560
537 685
1422 1020
859 1597
1791 425
670 1337
1308 1763
243 1525
751 1748
1555 619
1790 1186
106 298
50 1220
629 1878
1326 1755
1594 1820
1542 1028
470 501
1700 1127
1626 115
1775 1414
1667 381
1157 57
179 1578
797 1954
1428 135
581 1831
1281 871
1541 1224
833 1674
1078 1134
466 101
78 1577
1601 1456
975 1995
318 1394
708 1067
1110 985
3 1264
1936 1923
1295 576
1050 1436
1963 1680
1583 1530
239 1025
1388 1085
249 1720
1219 1105
1598 1323
596 1352
1114 327
895 845
695 1920
722 1447
237 1505
1626 1509
1348 1925
919 1459
743 1491
1810 1345
906 1539
1824 306
565 944
1639 1011
1465 1921
135 1465
1304 1314
1541 1836
966 1558
566 1343
118 816
742 1752
364 105
70 92
1176 1145
1327 202
1113 404
760 806
423 93
1494 301
223 1547
1525 1962
865 1450
1895 1352
1885 568
1134 1282
554 1303
37 1982
610 1579
1146 1639
1970 1782
27 86
217 1141
750 1552
113 825
1119 1613
805 451
131 1880
1563 1308
1249 1979
1868 604
1677 1535
1340 1757
934 557
1091 905
527 213
995 552
159 1686
1194 75
456 346
1120 1024
917 897
683 1987
1429 600
355 1028
1521 437
582 239
612 981
715 490
1696 478
1479 1383
351 112
1094 1278
1458 64
767 1451
612 1118
496 1357
961 1730
6 1142
1352 1260
1383 892
771 1545
1953 412
1691 207
1817 659
1450 746
1769 499
187 910
1465 1157
1146 133
216 379
276 1297
12 1412
99 947
654 125
794 184
1881 125
1654 206
747 796
1063 457
64 1205
65 410
1551 73
585 1760
1724 745
527 159
1600 1749
246 255
1283 525
1146 98
1410 353
1473 1971
1825 404
22 1111
176 1604
150 1336
450 113
441 558
1734 1314
1035 988
1216 413
1779 352
1654 404
1943 1442
1623 1307
1381 1123
361 985
824 1101
51 1765
255 596
1715 501
334 154
585 1527
1491 1135
445 503
72 1484
152 926
398 1772
357 1501
160 889
653 1695
1264 1811
1261 1428
799 1241
1719 398
660 1338
1535 24
627 393
192 843
1710 376
1157 68
1777 316
20 456
838 962
1863 1022
999 755
221 1620
1314 588
588 1669
576 960
1869 845
821 600
1488 866
1019 1363
1365 735
1689 1669
1235 1339
1119 226
735 1285
1362 74
69 1952
1892 675
1671 206
1258 1994
553 902
1336 806
993 197
1111 1368
909 87
462 1853
1944 1404
1609 896
1671 942
1891 1279
1183 114
983 593
626 1116
424 164
224 1271
834 1193
1328 1865
173 1904
673 1273
118 579
1523 1192
1048 1719
467 73
532 1964
1699 1917
1489 428
1051 1735
1404 527
661 1009
1387 1427
1386 1055
214 843
119 441
1187 148
1690 957
1636 1114
1932 1109
188 138
968 1335
440 1443
1502 209
1488 1025
140 52
261 998
1041 1042
447 1959
1112 1781
493 702
744 1385
1379 1052
1888 422
202 1501
790 848
1946 607
733 858
412 425
1782 1029
1837 1086
1072 731
561 290
1938 1853
1708 924
756 1049
1916 1481
1728 605
1909 1133
5 1354
1426 1020
535 866
883 1915
740 181
1937 386
1283 226
949 922
747 125
1831 894
637 138
581 869
1327 286
1275 710
549 1402
1056 900
960 1812
1785 1325
521 733
36 1121
204 439
1176 1209
480 1180
972 687
1519 1313
1076 1644
1240 1554
441 1905
937 1629
1669 365
1448 1849
970 1246
1499 1049
639 729
253 1386
1040 245
1956 25
1738 944
1092 600
1426 209
1954 665
925 601
1853 1388
203 279
82 1721
732 690
588 1215
1969 1123
589 1403
1669 1972
1160 957
1154 1040
1571 592
1378 1154
1448 1612
763 1831
334 901
1672 1504
1284 1867
1795 1866
1234 460
1550 363
1537 1942
1651 855
94 1737
1858 280
95 695
514 1835
1962 188
1789 1626
1875 1985
1404 585
621 821
225 1918
581 161
467 1884
883 590
1558 1814
137 1579
476 439
1661 789
870 1644
628 624
222 17
1658 1140
1025 1716
505 42
1093 1031
1345 1501
1073 1202
286 1729
1802 832
1644 1646
150 580
431 1914
1129 443
123 580
352 1838
1966 1755
30 219
1742 430
1938 1246
448 278
832 1038
1550 1688
1836 1973
349 767
742 1182
900 1135
18 32
226 1800
125 1547
1102 9
740 546
1905 1674
415 701
1406 768
1086 410
753 832
740 633
18 14
1864 1679
3 1877
885 1459
71 1724
1790 416
1165 1938
532 1158
1703 1040
865 730
1053 1532
1046 318
1560 855
1243 332
1712 1926
995 1412
1761 1562
1252 1398
1761 636
869 991
770 263
509 1329
1959 777
911 185
873 841
1328 1506
1606 1905
365 1664
1107 1929
568 687
134 1451
1338 699
978 1550
1263 1085
670 397
1434 1804
616 954
1589 314
466 1955
888 693
125 1373
1778 1986
998 849
73 1818
1331 694
385 1773
1171 1652
593 39
1321 825
1549 1356
1981 669
690 406
1040 305
1319 792
9 591
759 361
774 436
508 163
1698 1980
1728 219
1852 1955
63 1218
70 25
1319 814
166 407
1208 1060
1108 455
558 776
1719 1191
724 1459
283 1379
1446 817
143 1316
1571 1055
452 224
52 338
1760 1324
1273 1577
1240 796
1294 1151
705 1748
546 121
1281 1593
1884 1057
1090 1316
13 484
1008 411
171 1319
617 1040
1062 1816
1721 936
1353 1995
1686 142
511 1202
1417 1893
662 526
568 694
742 1764
1847 55
377 1435
960 1445
1055 1060
1802 1829
1664 1354
1396 1743
396 531
1771 1057
1211 1636
1181 1654
1143 1556
626 148
46 977
1924 1648
1816 1931
1698 442
1647 197
582 918
879 112
1222 93
89 71
265 894
50 366
1332 209
1303 1916
1064 1757
798 1812
987 931
166 821
1863 1763
1380 175
371 1898
315 12
1910 98
1941 723
587 688
552 956
526 146
314 1483
648 890
1415 14
1620 974
735 83
1921 355
1804 1740
769 871
1361 1712
857 668
582 1960
224 68
1370 1612
1017 558
325 1078
109 1382
282 1597
11 1826
1667 1783
1136 307
845 1672
1447 493
754 619
1263 1242
1738 863
1759 433
890 219
540 1886
1881 1865
1871 622
1319 1072
184 1473
18 1579
657 1598
1403 1876
1239 1665
1415 1417
1259 1896
1397 991
1886 962
223 748
1699 663
369 594
1150 1080
666 1178
1480 1928
1212 1589
1662 1095
1253 1780
428 1420
1847 1981
553 1611
675 658
1174 1776
735 176
1340 1738
115 77
1726 1352
1977 549
267 812
953 1524
1820 895
519 977
315 1649
856 16
491 166
1889 209
856 1826
981 317
893 444
162 27
274 1884
1241 1000
1047 485
1541 1149
39 852
121 432
1382 289
321 806
1617 1066
692 963
1660 1583
1920 585
228 124
1613 735
354 1648
1127 1988
454 185
862 688
63 732
248 480
1971 1289
1981 1633
915 382
736 1278
986 1005
1931 171
1479 1022
49 1713
896 1358
1255 104
5 405
425 352
880 128
606 1770
1733 960
845 1638
1571 1101
1148 800
1844 1753
49 1982
1791 471
1495 1081
1920 1166
1390 1593
1131 1820
1572 625
1951 1883
1612 893
19 909
983 349
1765 1276
199 1265
385 1586
457 63
1400 1927
625 1425
1010 1227
805 296
1550 1825
1166 1943
1705 1399
973 1450
901 1521
1913 784
181 1817
1209 542
777 358
602 960
1082 1057
408 366
269 887
118 795
1370 1660
168 107
79 151
29 321
1805 794
1703 714
1791 1972
1763 1106
1107 1044
1955 653
110 1288
138 1904
1627 1769
1876 880
861 1660
388 1971
187 1871
78 96
550 246
635 1076
689 1382
1713 526
1287 1265
1959 932
1653 509
1067 1677
1588 232
1361 467
1339 1614
1336 1905
1279 36
529 1243
159 1541
816 1188
1591 677
1198 171
570 1803
651 1313
792 206
1601 181
198 1814
1099 830
824 906
707 397
1867 1144
1625 1220
376 897
906 1391
148 447
1702 1646
670 862
121 1934
823 1942
555 1853
1878 68
1065 674
1324 1231
517 1817
1348 648
1061 1502
117 1934
361 1071
1937 1044
211 1222
1888 636
2000 833
835 1412
1868 860
612 61
247 1047
574 1185
726 1894
1459 169
394 1063
1749 1820
951 1869
1400 118
540 1455
1469 191
586 1326
1794 282
671 1205
890 756
1737 654
319 1215
645 1263
542 1862
596 1971
1301 1253
853 1780
1792 1802
1137 1358
601 1441
848 387
1246 1479
1115 353
1130 1310
1793 1371
742 41
1130 1420
88 1088
362 1680
1119 754
633 317
1610 1111
575 1408
1636 173
434 1393
109 1862
1577 351
1809 877
1002 300
293 493
1499 268
1828 411
356 124
1478 1315
1980 233
258 1250
1212 328
1713 860
488 725
1512 1511
1003 1889
459 128
1422 1394
927 1666
1372 1330
1291 677
933 953
1795 1570
1590 687
649 1887
516 13
1562 1321
848 1206
1441 830
1971 1924
1229 660
1671 787
1188 1454
1210 1457
1401 1767
1598 1255
1645 1377
52 1184
528 721
1196 1895
816 454
1448 1228
1542 498
1061 350
277 963
1745 85
1162 937
1358 1464
1037 1292
1640 1401
1832 1796
1786 239
357 1940
1511 169
334 1104
1796 304
96 223
1962 1114
1150 177
1819 1858
245 759
1 1589
751 394
36 1448
776 1620
1334 1576
1186 661
338 796
890 291
780 852
1000 1656
1874 1185
1873 376
1575 1358
499 1878
1282 771
1497 1978
431 1236
1049 943
1744 1301
503 188
1733 1668
131 1238
1492 1008
1889 1130
1969 260
912 274
674 467
1073 1901
116 1742
429 1979
1447 338
1577 879
271 73
491 1357
856 627
891 386
1974 1145
340 1843
410 205
1154 782
904 886
446 886
604 811
1737 925
266 213
483 980
765 1305
399 712
1772 1056
1984 1476
1779 319
385 1142
47 1443
289 494
488 1191
168 843
123 1299
123 369
389 1240
1342 1253
1925 434
229 1673
553 1490
1194 248
712 771
1023 1379
435 1724
1384 1427
541 77
32 1965
586 953
985 1584
1989 494
1470 844
781 1236
1591 1373
902 576
1456 1975
1459 1706
1073 1864
85 80
428 1697
1118 1430
209 1050
1696 1500
1033 407
586 1238
1551 985
577 200
1515 1396
213 317
584 452
1100 1704
614 1273
1375 1494
1488 560
1887 668
1333 1191
276 58
1658 1502
1280 1206
254 199
415 253
467 40
876 382
438 756
1592 1961
1180 186
1074 364
56 1107
1813 1819
1078 31
1958 1137
1038 1348
1816 889
1223 1796
1343 1388
1052 1971
710 369
1398 448
371 1492
616 1066
22 546
902 1225
61 1066
1332 1891
574 810
371 221
672 1493
1314 672
749 952
1041 1001
1235 923
674 1866
202 534
1708 1915
1489 697
1152 568
392 1775
1230 96
1265 1815
308 634
609 572
752 1814
7 764
585 1409
1559 330
1607 154
393 574
1709 1196
958 908
19 1087
1367 1609
1442 679
1319 213
935 1861
442 543
1598 1199
317 1855
1581 1342
35 286
1517 829
941 1338
1725 1772
1434 1570
1500 1355
1590 981
1182 1550
1542 1884
1208 95
1735 70
392 177
297 1184
1400 1555
672 1055
908 1306
1188 1321
1228 605
1398 874
452 1413
744 447
1773 1756
531 472
974 841
566 1087
811 356
1677 361
1366 1295
1987 1833
1159 1963
514 1752
392 1032
1503 19
16 1757
1890 164
1727 353
1573 1063
1613 1716
1548 26
666 1974
1124 525
521 794
81 849
985 459
197 896
770 723
1884 1400
1451 234
1176 1091
1638 1308
1464 1523
402 1891
594 41
542 81
758 764
27 1841
723 1554
1205 447
344 182
369 786
130 1398
868 44
530 674
568 1137
1387 687
226 1803
20 1962
776 1048
1895 292
1981 956
42 227
1355 182
1658 539
1912 1598
991 1283
1270 362
1938 91
450 1485
915 1457
189 1710
1081 743
709 804
1733 328
276 149
632 1754
957 190
1490 1739
1277 1293
312 928
640 873
409 1650
141 1169
757 251
1525 1559
1373 1825
594 1932
1417 726
1294 1419
930 240
476 1134
631 91
712 1413
667 1205
1991 445
1599 1411
1292 1438
1459 250
1182 1366
1444 1623
469 134
1835 1822
1655 1957
859 357
1153 449
1115 672
1322 1055
1996 159
999 989
1911 1464
746 1314
433 1353
2 1952
551 834
1497 101
1705 1292
351 1928
569 483
1554 601
692 157
1169 713
775 1779
1606 1987
694 1817
1242 1246
178 1131
1132 66
824 181
1876 357
559 1979
1448 670
1021 855
1338 461
812 927
663 1131
1526 1806
1815 991
1503 304
1093 1029
1816 1410
440 1879
1098 1445
628 293
1194 976
1792 1556
1727 1528
752 1716
1069 70
864 1517
1658 1074
103 1913
1073 183
1590 387
1294 1628
1456 574
845 1625
1842 1935
1038 109
1189 1061
142 964
971 1898
653 951
1725 1111
107 889
1686 1894
106 1886
453 1126
761 1883
1446 1058
1475 875
1823 1269
452 1373
762 1261
545 1071
690 478
776 1557
1102 260
1675 1687
944 1165
499 290
1249 1885
1861 44
1470 428
740 807
1343 15
773 230
1017 1647
752 617
573 1441
254 541
504 893
345 1502
1646 76
644 549
313 1817
132 1418
596 611
212 553
1713 847
271 1794
513 556
129 1181
502 1290
218 1857
376 659
307 4
664 1049
1074 461
864 270
144 1785
440 484
271 685
655 499
1212 1349
1573 1419
363 1659
1768 1827
1739 697
570 923
525 391
419 666
1247 1403
891 77
285 1452
538 758
1236 1442
1225 544
1245 822
138 241
49 1125
1709 1371
308 1598
1380 1196
469 996
1100 858
1748 519
1955 1946
1896 63
324 1118
1675 20
395 446
1789 1430
1119 1075
530 914
754 761
601 238
1517 53
472 1754
101 1250
1917 1410
547 175
1322 1049
432 1331
9 1981
376 684
1558 1964
1042 1741
1480 1377
1427 1148
1129 1331
1941 1277
1147 1859
732 207
743 1830
1869 522
910 1834
794 1855
190 67
12 1204
324 1436
1260 726
884 1066
49 933
700 1249
1674 700
1047 359
184 785
637 141
358 1900
318 287
977 1768
404 187
1815 1013
1341 1215
1620 699
1721 1512
55 1347
1544 1426
1017 698
1247 178
1429 42
1645 128
1702 442
1862 580
1992 1946
171 829
873 1350
1779 1106
863 1275
115 792
1264 554
1454 1203
708 762
1893 1560
838 384
271 1071
1913 1100
1345 878
374 1975
794 67
1482 80
1889 1268
1882 1386
567 15
1296 106
1540 471
1112 1727
971 350
590 1637
1670 1032
911 184
1767 878
720 518
946 1659
564 1883
1535 431
1176 696
568 1529
686 386
287 1160
595 650
1289 173
368 840
1560 1726
244 1048
1709 1743
958 1421
1941 1167
597 349
1937 1850
687 571
253 1840
1739 313
1894 1464
778 23
63 1756
462 1747
782 1232
1932 1879
412 228
154 1838
472 216
39 1778
1091 1566
1248 1631
763 1946
1243 783
1662 1117
731 1944
185 1361
227 1961
1108 1472
934 1277
1356 212
1832 832
139 981
1193 355
1895 1659
1482 506
185 1392
446 1180
610 184
1412 1611
794 1779
305 489
149 1214
1533 501
1090 1029
1298 326
1070 544
657 1948
804 1659
411 1207
1071 646
218 78
1359 1330
629 1939
350 447
482 1780
1635 1707
90 486
715 66
883 1042
823 465
166 681
1470 1963
592 417
273 1156
1721 923
924 807
220 788
1341 668
475 596
744 1733
1109 589
374 1714
1514 1186
1575 976
1047 212
847 730
1530 1918
525 1440
118 423
506 462
1758 381
1232 317
1124 1008
775 580
719 1788
744 97
905 652
459 618
1923 396
1316 1956
1629 53
1974 783
934 1973
534 1504
588 693
703 849
410 1952
858 512
268 1481
1890 7
321 1947
428 1796
792 790
1093 1317
868 954
857 89
549 1435
912 1565
1797 329
902 603
210 9
1810 256
1724 819
1052 1749
358 1364
718 1819
5 36
1791 533
529 1310
44 193
726 1151
560 1270
754 414
1502 1730
1471 1977
1204 379
405 89
1779 168
1742 856
983 1404
1955 1958
99 1730
674 265
391 1063
696 501
1064 1745
788 1172
1354 1106
1289 1185
1657 480
1693 735
1058 1764
717 1922
1539 101
211 379
1623 355
1810 64
1145 334
1513 1662
29 955
1698 1142
86 507
745 1015
631 1548
873 1362
1779 1186
1234 1967
398 990
1567 572
619 1220
134 861
1750 104
270 280
122 916
457 42
708 1271
378 285
1229 828
534 928
316 413
933 1877
1984 970
424 1867
540 1857
1788 1453
1653 1737
683 359
46 132
1950 371
215 1341
48 446
1539 658
1622 755
359 1427
1184 412
1855 1558
717 38
1307 467
1453 1356
341 820
440 668
78 300
1332 244
1520 1621
1566 689
887 1554
36 352
1026 1942
1997 171
1369 1518
1015 1657
1117 460
87 613
1668 547
287 1787
1399 1333
101 692
1576 1152
294 1557
856 487
1163 953
1724 52
760 852
360 838
937 1859
1618 90
784 1947
842 1713
1413 994
1966 1190
1280 806
1301 1600
1084 1187
764 602
1831 1016
1157 190
682 1552
895 1059
1789 1893
1268 966
612 512
1908 217
1414 1598
449 569
1288 457
1387 1594
1006 874
1663 1733
1927 565
800 1679
1413 139
543 1404
1061 1060
1678 1075
1820 940
1137 594
544 1359
907 1486
141 1826
1124 638
1100 1103
420 899
497 350
439 1514
1847 1215
172 337
128 824
992 1523
382 557
1664 770
830 433
582 1903
1612 1611
1106 550
1782 885
758 612
1137 437
1483 955
1440 286
2000 25
716 17
1702 203
1633 381
1012 1548
1556 557
1583 1566
1298 1440
774 709
1480 709
1351 479
1847 1887
1741 1991
881 911
1853 330
1395 1532
452 1550
36 151
1836 350
346 1701
1816 430
28 711
857 1976
883 1154
1844 1729
1449 1542
1456 1184
28 1977
154 422
1736 741
669 645
1403 77
1613 184
1780 156
405 384
1171 753
850 1424
1145 1985
1546 298
1915 1432
500 1521
1302 1760
719 58
603 595
901 1976
142 1813
1677 1063
1336 1933
18 1985
1772 544
510 269
1391 363
1648 884
159 385
547 843
365 1388
1202 1281
1791 1432
38 1396
589 347
1271 1304
537 1561
1030 1909
749 990
1894 1990
1504 1066
489 1423
436 1171
416 1491
443 903
1199 1702
96 596
166 1112
753 1718
669 375
1166 378
1801 1212
1829 1613
1397 1900
1077 446
335 235
1028 166
382 69
890 1342
1102 1667
1887 482
1902 1319
1735 435
914 148
1320 185
1774 1548
735 577
1848 1641
334 1124
1194 1485
527 1793
1197 690
596 1660
915 761
272 1498
632 1057
1461 1359
1033 993
831 920
1766 1563
1139 1642
158 259
286 252
659 1692
831 452
793 1363
3 1180
1449 1684
730 880
1393 266
688 633
1825 1172
235 1746
1272 43
282 1692
1155 370
1121 1736
124 1413
755 61
664 1486
1820 1466
1288 1809
1620 673
666 103
1213 350
1398 1366
1578 1703
363 1935
1490 95
1269 550
722 919
627 115
1451 984
1248 1712
1772 1325
1988 52
43 1904
891 328
1087 1233
508 903
1708 270
771 395
209 202
678 1374
379 1333
606 1710
182 790
1680 481
1688 1455
1270 162
117 461
367 1163
256 1693
535 1302
1682 1429
535 1859
1546 1052
896 1050
1685 393
1590 411
1356 1808
1702 1272
754 2
1220 1701
1989 479
464 1931
1485 344
1884 1714
1087 1437
1315 1287
391 873
1129 871
954 732
1614 1796
544 326
863 777
1819 1350
508 1344
347 1149
1417 1595
1215 144
1758 1040
1577 686
1595 1193
898 32
1153 318
916 1716
557 1564
1879 737
1633 1524
914 1080
1339 1514
743 1120
828 580
614 218
1160 1972
5 1835
1339 1312
251 354
889 1409
1055 1674
510 1161
1452 722
65 1175
1261 1999
116 1781
33 1860
625 1114
250 1535
170 687
1023 553
761 539
139 1533
1776 1494
1470 1788
1067 1161
884 1583
1237 502
1696 1223
446 1410
1087 1657
1703 280
1811 724
157 124
1461 1182
1737 560
42 1682
1920 188
841 1793
647 468
1807 56
245 1026
1950 214
1752 1839
455 651
1465 1750
758 245
1371 740
1239 1303
426 18
1467 1620
1599 1374
1836 1429
1457 274
677 291
172 1639
81 390
1106 343
254 394
820 1592
1083 1550
1714 944
577 591
1792 1188
1468 1495
400 1868
192 228
1838 1656
144 254
1822 1315
1479 1416
1161 1421
1019 1685
1440 421
731 320
117 900
583 296
1663 1519
61 648
1243 1303
706 1923
699 1686
320 1192
1106 1003
458 275
812 1554
1305 1329
98 1001
822 265
332 1567
1464 508
963 702
109 1428
1795 1734
827 1909
63 1175
1476 169
1853 1504
1376 892
162 1476
1201 612
1368 1020
708 1642
957 864
383 1866
132 679
963 1089
1720 1049
1590 927
1730 1004
1304 1321
250 417
468 1373
297 1213
843 668
872 239
989 639
918 1646
983 965
1613 872
204 1093
706 1184
693 130
499 310
90 158
1968 1356
1858 1565
1896 554
1443 1572
1509 1883
1919 689
1107 345
718 1436
1600 259
1677 1695
1338 451
1956 1226
531 670
1029 1129
1442 497
1883 717
1651 759
1888 901
113 1062
1595 96
684 975
619 1775
978 1431
1368 1079
680 988
124 840
108 1310
1446 562
956 260
1764 821
1150 240
1066 890
1508 288
116 980
1742 1845
1827 1181
290 352
1270 1707
244 1169
833 1019
616 236
537 322
1766 911
485 461
103 558
1329 1832
1957 514
1776 1906
1588 1702
172 1994
838 1983
1270 998
381 479
1401 1195
647 1033
1530 1651
651 1077
759 467
1791 1118
1193 988
512 1174
1984 1717
1905 655
1526 1366
1341 771
1923 1297
22 1653
309 1657
1877 136
756 1708
1028 984
263 1451
593 1925
1926 655
530 1118
1910 1683
1410 587
305 1637
1606 1744
568 1462
763 1251
338 1868
1255 328
222 861
1971 171
312 1957
1192 1884
1214 174
158 1282
17 1883
855 1472
36 1944
1603 1745
1944 1453
741 794
1424 825
979 1470
1206 1783
396 1693
973 1710
1854 1449
1128 1253
1628 581
83 1897
212 1899
866 800
112 1766
1499 1598
25 200
261 200
1239 938
1177 1747
1507 861
858 1689
717 1396
1077 1801
173 1131
951 672
74 1658
175 1183
1290 975
1965 1802
1028 1697
833 794
737 526
1198 1377
179 1740
1225 816
923 369
1865 1619
1997 119
788 677
1122 153
1440 1232
1172 1390
719 1859
408 867
1286 1719
599 392
425 1013
732 1270
852 311
1786 553
960 241
1921 595
1798 431
1226 1353
1915 53
42 809
1951 894
1240 1457
590 842
1123 1103
988 711
1617 822
1654 1892
1474 380
575 409
763 1321
124 812
604 1541
585 489
825 1243
646 239
163 596
1443 221
1629 277
1982 270
1053 404
1660 201
198 227
969 257
1062 1633
1207 63
907 1089
501 386
129 1361
892 783
1250 345
1044 927
1620 622
1196 738
424 1604
1569 236
1228 279
244 1074
505 819
1480 510
149 1193
1096 1512
1884 675
1007 527
946 1484
1310 131
182 1277
729 656
1290 1239
220 232
1846 1941
971 852
505 466
1879 319
186 938
573 135
62 1831
1410 1405
408 1545
438 657
612 1310
289 1744
1390 137
870 1224
586 504
318 1206
289 967
1924 229
1249 813
1929 1174
1017 1874
327 535
1836 1433
909 1290
778 413
1548 309
703 107
926 859
848 1534
956 1073
1948 1135
742 1832
1884 1860
956 450
319 540
1428 866
940 1009
337 1825
486 964
678 1484
484 338
518 1554
842 388
623 1012
1673 1085
674 11
826 1075
1632 530
752 160
199 660
1646 998
990 1442
1520 717
83 1394
1791 624
1441 512
1422 636
1252 1163
1583 1352
727 1574
422 17
1549 853
1817 1383
1847 1304
1107 147
854 850
971 1927
357 668
1984 1018
1981 962
125 308
1510 370
190 1033
845 1341
805 1056
300 1139
1631 1956
943 502
1327 168
707 1092
760 1719
1073 288
919 496
1468 1189
1205 1074
1522 88
113 92
1317 165
549 1993
1376 458
626 162
1643 1192
1811 409
338 1789
188 1494
1320 903
449 1540
1791 285
780 1710
375 1124
413 838
1989 782
1190 1873
586 294
1939 348
133 1156
840 75
1654 1994
1286 1520
526 734
727 1373
1998 1663
1832 1907
1947 1075
318 600
658 1884
806 1990
588 123
35 846
943 1600
959 523
974 1396
1614 1025
1879 740
1059 375
1521 1415
1213 593
599 589
1412 669
608 688
1497 1880
233 816
1949 1702
1782 1998
496 1878
32 421
1244 372
1621 980
1843 1949
852 1588
750 931
1934 1955
670 1992
705 180
1396 731
829 1699
249 1198
1571 844
1927 1712
1170 1076
157 600
1222 1878
317 687
928 469
1984 202
488 1902
1560 1525
927 1867
351 1260
1010 1294
1971 812
1758 104
665 947
424 1013
1536 1059
1207 628
1097 1043
1048 842
800 619
17 1838
340 1872
214 764
1109 88
1704 1496
1704 478
590 752
530 1532
407 1090
1350 1411
895 656
845 184
704 1410
952 1478
496 303
778 704
1993 1859
1018 356
1014 139
148 1552
321 627
610 1964
1722 1327
104 826
738 671
737 486
615 576
199 1368
316 391
709 1456
648 51
184 188
727 1477
1347 1928
801 624
497 662
1176 1403
1033 310
1830 687
945 964
315 482
338 564
1476 1987
1116 1613
1188 8
952 1355
1952 1038
1158 524
1486 1460
895 1164
1972 904
511 746
772 51
1602 1986
1567 1196
1488 1750
98 1958
652 1510
386 1565
573 1490
160 979
352 41
1476 484
1399 323
1503 54
185 1884
992 416
612 695
597 1602
86 1254
1385 1117
985 1177
134 1931
1397 1318
783 968
705 296
123 304
959 390
1788 39
1757 1707
1584 1110
1292 46
382 84
608 1741
392 1131
1356 389
1390 525
1161 1250
858 466
1470 1198
606 672
1758 1114
1689 494
277 992
1812 1866
121 1700
252 1305
1083 1470
791 1676
1293 81
699 1163
1545 893
724 1768
1968 465
289 1904
1430 473
733 615
805 628
1845 862
1021 1254
811 964
1618 451
614 805
328 878
1475 767
1543 793
133 1542
1871 747
1674 394
195 652
908 1015
1869 147
1462 983
313 1813
750 1155
57 1033
1189 397
1013 436
1383 33
97 788
1312 296
1974 1712
1194 309
1187 1840
1601 1515
1478 1052
605 812
1747 457
1340 1899
1207 1238
869 726
1391 156
885 210
172 837
1621 58
196 496
1371 241
773 1283
313 1371
1575 1593
1737 910
1491 517
33 1414
1992 478
1058 1650
544 412
621 1634
969 635
4 1259
1450 1479
791 1925
118 319
71 3
1075 688
786 1336
1445 157
507 1453
518 795
950 244
1475 81
534 668
411 647
1609 188
1176 533
239 1961
1502 1410
1389 1741
318 153
1512 1050
1501 1653
588 880
1725 487
905 365
1734 568
1660 1972
1306 1014
1408 1938
965 38
1924 870
407 1366
1484 1461
752 800
267 348
987 197
564 1471
1622 1844
680 370
1517 1145
1399 469
895 861
865 812
1226 1155
1562 1396
684 19
1794 1489
132 34
1155 1323
1419 223
1412 1382
182 348
541 1947
200 1305
460 415
156 648
1725 212
334 1339
1795 1980
869 274
1306 462
524 503
63 1323
960 1251
260 903
601 961
1857 1842
758 1603
1008 997
1931 832
69 498
88 873
185 1580
821 889
1468 1124
1165 75
1968 1982
528 1950
572 203
875 351
844 1719
1788 1347
334 1589
1222 1810
428 613
437 120
836 1897
671 1663
1575 1064
185 76
22 1892
1291 1895
1455 185
1037 1137
703 707
972 271
845 503
621 1715
1595 433
468 949
1842 287
984 1288
336 21
1457 1312
734 1615
1939 613
368 1046
1246 1879
467 268
880 1956
1613 1294
622 1239
1672 967
1982 1534
1123 675
1929 100
785 1361
1965 492
334 401
572 594
219 1828
494 1500
568 1472
1137 556
999 108
834 1790
827 530
709 214
426 872
1768 1457
1635 1137
147 1350
1497 1652
951 412
749 1480
1134 1118
1346 960
237 182
1477 125
1154 2
1602 634
1643 1977
882 1828
1255 825
1619 1424
153 1354
1133 790
1736 403
1830 1000
1426 414
1083 82
1825 1346
1699 624
1828 1500
1268 865
1898 544
1904 1326
981 1309
949 616
786 81
1023 125
64 1578
1547 70
863 1697
1198 895
1106 1092
690 279
132 1548
3 577
696 421
680 1867
816 721
1414 524
133 1218
1906 985
1218 142
220 1412
793 183
1678 151
1208 1388
1013 852
1475 475
1974 395
1531 304
943 635
1158 513
508 1973
402 1319
1047 1450
1670 920
1923 1357
1755 739
537 406
1716 1077
1890 601
929 1016
803 1765
1582 1687
204 473
507 452
191 203
1610 241
1332 359
92 190
798 456
948 1124
1201 1975
1506 448
1899 1457
1408 1222
1218 1091
750 119
1859 909
1009 1319
1116 1994
583 351
936 1023
7 644
392 430
877 1276
586 292
1671 1847
650 83
278 1145
1475 262
1410 959
1056 1842
1690 457
417 219
1034 1278
1264 711
1319 1860
1710 984
315 631
1812 1595
1519 548
64 1062
94 843
1294 1375
1150 1203
1530 780
1329 1701
651 1669
1765 1134
833 1287
786 118
1643 534
706 1788
288 1254
1868 1218
745 1314
1483 492
1093 1397
571 854
728 573
1652 81
1721 588
240 207
167 33
1124 1497
1211 790
457 367
1625 1950
1528 1655
140 48
1845 755
1968 1709
707 23
1412 1514
705 822
1062 1184
943 415
1498 1712
570 1031
1158 1590
1971 112
521 623
1274 363
729 275
105 1098
615 385
217 1525
1956 300
448 3
1631 1977
1031 160
998 891
1909 1273
922 172
1906 1199
704 793
918 1165
1381 1892
1405 1812
560 1033
238 1178
502 1472
310 1271
1657 1974
1826 961
1679 26
1905 906
1299 1821
468 1924
180 697
106 269
1078 1883
1704 1938
961 316
1698 178
1151 1198
494 1847
1925 1192
259 303
844 853
814 1818
938 418
135 190
1576 260
950 1664
157 948
915 1158
476 324
1414 789
1778 1520
1374 1781
733 1
781 260
632 1184
1952 752
962 1131
1030 243
791 781
927 934
1097 90
1741 1017
1660 439
1367 1138
298 288
1301 608
537 1447
229 1255
1397 312
1778 1967
562 912
369 300
79 1012
1576 1698
1544 1778
1643 1611
1881 1203
1463 836
1425 593
1880 937
1031 1200
679 1706
1774 658
377 402
789 981
405 1934
1133 1935
1619 953
1000 1745
886 115
1804 577
726 950
768 1044
349 250
936 1034
1037 1551
1817 450
947 506
889 1022
727 1601
1669 820
449 1713
1802 1081
875 1002
1819 1712
1615 349
1383 52
489 362
870 822
689 51
283 1759
1528 1436
1916 1105
1088 48
1052 310
215 38
24 1128
661 149
491 1904
548 220
105 1240
776 469
116 1794
35 701
326 1410
553 396
1912 141
1829 979
384 563
971 1851
1906 926
129 1264
1004 498
1883 1151
1700 426
829 418
1574 290
1310 134
1536 1194
526 1116
135 1062
79 1607
977 339
1687 468
159 1422
1979 294
1503 798
349 886
402 1679
1433 395
1374 893
554 1730
1966 734
1889 342
445 685
850 704
979 1141
1327 280
672 1825
285 1300
654 1306
1784 1732
1843 754
669 464
765 1863
427 448
924 1326
1029 1201
1419 1614
1493 103
1657 1267
137 177
599 1281
87 946
683 756
1861 224
288 1881
648 1693
1581 1134
1800 404
743 1906
272 1675
1264 871
1482 141
1580 740
156 1581
937 911
1150 1971
130 581
636 1565
1920 1770
127 1868
1091 140
617 1475
659 1573
1741 1650
917 87
101 73
251 1572
402 1209
784 316
1955 1619
1812 1518
241 742
1537 953
104 880
1174 1124
1677 1481
734 1918
1840 1782
1418 1123
1530 1043
1750 892
1676 1064
1219 1824
46 237
396 1844
1565 1608
331 364
1425 1868
692 1930
485 91
21 1528
447 1772
564 956
1067 1122
892 362
1329 1393
843 1958
1180 307
1773 1730
1704 1444
654 1802
695 1116
559 372
152 748
62 1808
1310 1097
1112 978
1978 514
61 1632
185 870
1672 917
224 382
68 1927
1836 597
1287 1952
928 401
785 1445
383 1881
271 1063
1484 1569
617 1077
1904 833
1708 956
1543 1597
444 612
1340 1293
112 1841
150 1885
718 23
86 523
364 964
288 1303
314 483
1524 666
733 214
1088 1458
35 464
1699 1892
447 769
130 614
48 1047
119 1669
404 930
1302 893
1000 1348
557 980
595 287
1269 803
409 1552
1613 1308
1702 960
1664 954
1881 1558
1085 58
434 1198
888 1590
365 390
977 950
1080 983
376 1368
43 1574
32 1971
743 1990
1017 128
521 1495
9 796
436 1364
696 1529
90 1709
816 1626
1939 1362
1768 1511
1622 619
1593 416
833 1445
621 180
265 1786
586 684
451 1768
1140 1458
115 1691
671 538
1793 1855
1290 198
101 1030
1891 476
1686 1029
1209 46
903 1598
1958 1482
1159 1635
1735 130
491 593
357 152
1187 1284
444 1192
1407 1570
1632 1448
29 17
1239 511
1142 867
316 849
1561 1569
453 1742
1086 1663
1017 880
138 868
1219 130
754 780
1638 1534
1565 164
1673 1878
1237 1315
1135 665
62 125
802 1199
836 452
1800 1460
1509 1246
416 1866
547 517
1441 598
1603 202
952 1841
271 573
832 411
1821 1451
1885 198
498 32
1548 1647
413 1474
50 98
1250 1962
236 896
1347 1429
338 342
1649 1676
1554 1658
1564 1671
1720 1518
615 1699
854 1410
214 591
1812 380
1083 1705
1410 442
551 1014
1423 1172
1813 686
1577 1994
140 1122
98 937
515 967
368 1375
701 1123
595 762
765 858
287 1486
164 754
1683 1352
264 1106
1101 239
713 392
783 852
1690 756
584 1034
557 1657
719 1923
1955 1804
1229 1869
406 207
1570 134
371 1448
893 144
364 40
1200 1698
1292 977
1594 628
1413 901
1104 98
456 14
459 60
742 2
1301 455
552 1135
1081 1356
540 1917
1929 889
75 620
397 946
442 1753
742 1737
1227 975
482 409
1741 1438
1085 709
679 762
1979 1690
80 1109
784 1001
1467 1854
1950 245
282 1210
331 1972
1742 589
504 1191
496 198
606 130
1098 1484
84 135
1930 1219
86 1304
605 135
1612 1710
281 1791
1056 1155
422 1566
602 1313
308 1751
443 1574
372 916
635 822
1127 241
91 964
1048 614
1006 569
726 1519
1392 1841
434 895
1275 136
1452 1351
525 1171
1450 1032
1608 1966
769 1866
341 434
1850 674
413 504
988 307
1631 1926
1138 7
132 940
380 273
1038 1864
279 1690
363 382
1427 695
528 1357
323 563
448 1262
1650 299
143 282
1068 1073
643 1683
2000 840
588 294
483 99
1400 749
832 429
1979 1551
692 1530
1440 475
649 254
247 1716
1097 1151
1613 997
142 610
1524 763
1780 48
1249 1920
1795 31
888 265
1005 151
945 1367
1530 562
524 776
914 701
1869 1088
1604 1867
1610 1301
303 1897
1229 1256
427 40
206 55
1526 418
918 318
623 1856
1294 1587
1248 599
1497 1813
640 334
1999 1033
1186 156
467 1270
1227 1390
147 1015
559 55
400 563
1429 184
509 226
1914 501
1351 346
1403 1903
1219 67
430 675
953 1990
1930 959
764 143
1294 1775
1089 547
594 1187
1789 1332
1827 876
991 526
1305 106
656 813
988 1494
1527 1311
765 558
1635 1984
511 1936
902 803
412 1506
1456 559
897 1573
1350 1658
1887 1431
471 1655
346 1738
1602 1157
1672 837
1882 1286
284 147
1099 1468
319 1849
964 1433
264 1339
1244 1143
1044 1730
1017 1141
1022 184
251 152
17 1891
1897 1820
1942 522
673 1881
1871 1785
713 119
1348 1457
1650 443
646 700
520 1494
18 559
1720 1234
1994 1362
1683 412
1159 1725
874 280
1787 379
1314 1501
1721 1582
963 957
1824 996
1110 1242
583 1707
1036 1981
919 1353
778 1624
1354 417
877 489
1643 1467
1953 398
447 1082
1924 932
695 112
252 1912
50 1576
698 1790
1290 300
825 285
1313 1722
1344 1854
169 863
1867 1387
1928 962
498 590
1536 1197
1488 22
1029 549
276 1703
375 1080
1827 1733
256 815
672 1765
930 1080
480 750
1859 1713
887 277
1706 1293
995 1898
1474 850
700 1425
898 172
759 1102
920 1486
1423 506
570 1582
1092 722
1377 1594
514 172
1362 894
826 1507
709 1664
378 1591
444 1879
212 669
1510 231
1724 1627
1831 228
1701 1551
1570 1711
1172 611
413 663
749 101
498 1170
38 406
576 1969
665 1086
1753 1939
69 1516
902 1655
570 307
439 1549
1307 245
1406 548
796 1798
462 1477
1005 114
533 965
694 946
48 1817
398 640
1580 1969
166 692
1710 1241
1544 616
1996 669
973 900
1083 187
1408 1002
1588 1852
121 411
1990 1917
1095 1685
174 639
52 1437
436 1612
967 260
1597 837
1253 500
240 1220
1033 106
301 619
150 1126
352 1257
1290 962
1305 1610
469 1322
505 716
985 1747
829 785
1315 595
732 1799
1691 1064
884 1976
430 708
173 1443
1725 1113
2 4
1933 344
913 6
995 127
563 101
1397 1824
1366 472
145 728
1037 1421
506 213
339 1693
1511 1025
1134 1133
854 678
81 29
1341 515
1605 444
1781 1878
13 1702
454 1031
890 375
738 1998
1443 1598
430 645
714 500
997 1052
1010 465
836 575
1281 1136
1856 1650
490 547
1607 353
529 1803
956 1204
1136 1931
1785 907
471 963
333 1564
1784 1470
656 1951
1051 108
1679 971
438 1679
1844 1408
1948 656
1522 571
75 523
876 1143
1999 1485
505 435
130 133
650 960
1342 851
1091 405
1166 516
810 1721
748 1889
90 1127
729 1417
1607 1837
1803 393
487 82
1979 1264
434 986
1706 681
1812 899
305 175
1386 1202
428 1536
1338 656
1065 450
665 1357
560 302
1193 1288
303 1559
1116 135
1271 1038
1572 1687
31 1116
1035 1352
285 472
1241 362
1252 1107
1735 151
131 1997
33 668
330 551
1768 1407
1235 1609
1476 316
413 303
731 1843
1314 1166
928 410
1303 946
492 874
1449 45
736 1308
1780 1224
669 813
1495 499
83 157
1860 342
460 1530
1334 278
1358 1282
1449 1721
585 193
1326 962
1637 279
1713 982
506 14
893 1630
1640 337
876 706
1857 501
1214 838
774 469
1651 1881
1706 408
1449 584
1068 1995
1657 479
573 285
1589 736
247 1103
1614 724
1941 1045
547 633
1340 1128
279 655
1524 1971
1508 1130
704 105
846 1913
286 1765
1044 1542
1215 727
500 1037
813 77
1963 558
1862 1560
1060 1454
526 46
251 1299
1084 573
1634 1587
356 1823
1322 381
255 888
844 561
795 1149
1683 480
1984 834
1337 1866
1068 684
266 978
169 1903
1078 1476
577 1157
1038 129
426 1475
262 1135
674 407
1643 881
851 1683
1404 1874
1975 989
1742 1903
1544 971
266 921
1284 868
1014 657
163 1967
428 1957
1576 1762
1486 848
1353 506
987 667
350 117
441 965
1344 548
381 957
384 103
1401 1852
491 504
5 353
1790 1794
436 624
772 1583
1954 678
301 1487
333 752
796 1999
965 1487
970 1661
1760 543
1094 562
1111 654
719 17
1212 834
418 302
1120 16
5 1616
1869 850
1842 872
215 1569
1709 768
380 140
1411 1773
882 1618
64 1108
422 1145
315 900
1036 488
1078 1160
810 1413
349 832
1403 642
1130 83
429 483
137 1758
536 1767
788 212
1844 61
793 594
133 1481
1753 251
433 745
792 64
1998 113
1287 167
437 820
1601 1610
1573 1482
776 696
1504 1359
1139 1103
892 1564
1421 1436
1640 1048
1937 607
720 1971
40 859
1853 851
789 1644
1026 1327
776 649
1465 22
1043 287
593 550
1711 639
233 308
1208 966
1510 1705
1288 1436
370 884
1014 1593
1156 1857
164 209
276 1394
296 1337
420 32
1618 270
1017 507
208 1647
1567 553
1928 603
1811 783
1407 1130
482 536
500 20
1831 115
769 1808
320 268
1885 1899
140 1672
465 1157
231 1610
374 1203
116 1813
71 519
1009 1997
1082 288
201 229
1013 1233
1098 920
1274 1378
1871 1357
827 347
154 1219
1422 592
1748 378
1400 379
794 1839
834 166
1259 1284
94 1364
232 1831
1662 452
830 1731
1679 527
1723 1129
829 764
806 973
1879 1849
124 1437
1823 1394
1828 526
1686 1844
161 1778
975 562
371 542
1983 1829
601 1770
280 764
1862 288
185 311
1076 1144
265 1455
1074 604
676 1221
1372 1050
1436 608
983 1078
1352 675
1858 965
1492 1141
867 181
1329 662
1583 1527
399 1158
1292 526
1090 683
576 1141
30 1112
927 538
1796 249
1051 1572
1314 1286
667 1265
1169 1762
18 1471
1761 1635
1985 1031
577 1196
1265 1489
1494 522
919 174
142 1067
1873 272
553 1733
524 640
389 1670
104 1941
839 265
222 100
495 687
372 578
589 715
456 1364
59 1885
1847 533
1953 1956
36 1985
47 322
1766 897
650 1747
1860 1987
580 1189
1960 997
1332 1179
1443 1786
341 590
1592 1216
1381 1682
1445 1880
370 1520
1002 167
42 1823
1287 925
769 1039
1358 1135
1323 1173
562 463
61 276
524 1162
1500 152
1163 1967
593 126
1277 295
459 432
1589 1800
1706 1197
110 1367
1443 884
1007 1499
1928 1755
1092 322
1919 197
1464 294
448 1769
724 1897
711 1159
297 1193
1594 3
578 1306
1792 1317
231 1294
1885 1697
428 189
78 32
1331 944
782 1403
1254 26
1335 1389
902 1639
502 1536
767 1866
918 285
1073 1812
726 1880
1468 436
490 206
735 725
1684 1942
1113 585
8 1214
1689 1955
1687 35
984 1051
871 485
131 355
1133 485
1588 1598
352 1990
152 1758
1326 1314
262 475
1012 1119
299 1661
903 865
985 1536
228 1785
434 1508
1679 1191
1409 1164
1051 569
1505 1998
821 241
780 1105
98 108
1781 1337
1456 535
441 1937
1367 1993
1469 380
131 1167
1543 327
241 940
1565 1845
1299 16
1115 1548
202 560
897 1901
1663 556
1409 104
1768 742
774 881
933 1819
1719 593
1587 563
175 1110
310 90
247 678
1907 794
1786 400
777 962
1961 1571
1132 1445
57 857
520 316
511 1888
1043 1316
737 544
744 622
1422 1775
1261 1662
1373 11
1777 1278
1574 713
125 1642
152 1614
501 1318
1099 524
1353 286
1941 761
1193 1332
1596 964
247 1001
177 1489
608 1617
1965 1072
952 996
1890 1315
105 341
211 1536
466 1866
17 1006
1836 1682
36 260
1602 308
255 844
224 1964
900 21
1139 1637
1151 1996
1120 1810
1758 63
1436 587
411 494
158 1986
880 288
364 379
1331 1133
986 1098
932 294
1486 1776
897 281
938 706
487 875
1740 527
520 1934
1440 938
890 1404
1849 1730
389 688
1305 1325
1059 1609
1041 769
1361 734
1389 1751
1381 1190
377 1421
1910 1881
697 666
653 59
1037 1272
1480 446
265 51
1250 1399
25 592
271 776
1814 1044
1555 448
1613 1193
117 1848
993 124
703 310
919 1406
921 1178
960 675
1576 374
1390 465
929 215
1238 1097
437 70
862 1799
620 1468
66 956
38 1270
1482 119
487 378
1109 1508
1498 1933
1857 109
941 1929
114 1466
57 868
680 896
942 1226
717 953
1306 1794
626 1732
1882 180
651 1451
1493 403
1279 1839
971 1149
1603 1632
738 1186
784 1105
540 867
608 416
1194 1465
1458 1139
533 721
1253 408
1887 154
998 1922
1946 1842
887 396
1088 67
322 548
1754 261
1915 1121
1788 1414
313 77
1297 1285
340 1734
1513 932
909 1376
979 589
1111
1619 729 1395 1646 1381 890 771 624 1857 896 1898 541 706 1305 1420 463 995 1524 1603 473 1026 14 1926 318 1059 1949 954 1823 135 1074 1308 526 221 1609 195 1306 1704 243 1593 570 1778 146 856 1874 610 351 1337 1964 356 605 1102 1354 1499 119 184 1595 1194 1356 357 484 901 633 1537 1278 1388 1710 1165 1576 1993 307 1634 341 423 1856 1568 1035 1071 1491 1314 202 1223 1170 1029 826 483 1804 877 701 1272 409 256 582 1787 2 1134 685 1221 1181 943 1716 1061 1904 1479 818 1341 22 1558 1455 572 1047 1775 391 267 1895 11 42 1273 112 40 169 935 851 1982 113 1666 993 1832 175 1078 784 514 519 1229 128 172 161 1978 1213 1655 1970 1497 882 1777 654 591 45 482 934 1346 140 73 563 539 1694 1432 1645 1774 1941 325 794 1714 1361 1224 355 258 360 1174 516 705 84 1436 1382 1079 415 81 1120 1408 237 1225 1991 1845 1282 761 446 1519 1110 1433 1139 715 915 878 1776 834 278 552 1043 1901 1379 1638 1879 756 1208 162 125 103 1088 663 1893 397 621 1148 755 885 1586 1533 1920 1054 1911 1851 1512 190 989 348 1965 1352 337 984 997 9 459 63 707 438 821 385 1044 858 893 647 589 635 925 401 1400 1176 138 1025 1478 523 475 1001 1024 1737 1852 1544 828 1203 1532 1295 811 1376 136 186 1902 392 306 1190 558 1747 196 98 1678 1207 742 1277 1529 1578 1092 1650 1546 1888 1506 1660 690 1391 1651 520 270 1696 214 923 1538 1096 883 540 1028 371 988 1481 1962 1133 1401 532 1248 573 946 1828 407 1015 308 1451 1854 936 1570 1717 1464 27 920 217 1820 675 1581 51 810 709 1290 1734 607 176 960 694 487 971 1082 1738 1699 1670 1204 689 346 1827 1005 1803 1743 1731 1990 452 643 788 1053 1267 216 92 748 1 524 1255 1822 1470 1910 691 1253 1331 1014 575 1923 1315 804 1733 1394 246 980 427 1994 78 489 1528 1553 1349 100 1131 1679 1995 1814 544 1264 1406 739 187 791 1261 41 529 1597 1057 1692 226 764 115 1967 1564 644 1012 66 1563 1416 1151 1399 110 486 975 1046 533 1231 1367 1783 218 46 749 950 366 1937 491 816 47 1358 1303 1268 782 779 1865 1819 836 145 126 57 134 116 670 1762 88 24 1322 58 1636 312 503 1566 716 568 1214 1805 343 745 884 436 986 464 456 1115 481 1468 1701 205 1060 420 132 234 1871 1668 1242 496 1113 1681 513 750 262 939 1463 662 1149 1948 1067 222 1220 1996 581 1112 148 208 769 151 1626 1324 805 1157 1605 1703 64 1592 578 1321 730 1934 350 1200 295 1246 1269 668 1958 1318 824 999 704 372 617 787 832 1557 1690 774 632 1630 1042 4 7 61 1256 1456 1319 56 762 1443 460 664 288 1952 1599 942 973 1658 442 629 1542 416 111 1944 888 1724 1128 1442 1974 12 543 1193 1521 130 1838 326 1152 379 1559 1766 1003 1892 468 127 638 974 1611 1836 1590 751 1727 458 763 1579 199 596 1925 569 67 757 1210 280 1718 1647 1751 430 601 1222 1863 1999 1289 1907 1831 1338 1301 1591 104 1022 1685 1972 584 1905 1613 424 153 1677 879 1786 850 477 349 753 333 841 1684 1183 1398 354 1130 734 868 1250 359 1489 576 250 1230 425 1233 962 924 1755 1842 622 1667 889 710 1697 1555 1212 560 1612 780 405 1793 1588 972 298 1311 1055 673 860 310 377 1986 1396 1095 1103 1844 722 1849 871 18 441 248 718 1628 297 1472 1431 1867 639 435 1072 1505 1622 87 1796 1336 1884 1759 364 1084 1429 300 1932 411 1896 314 36 800 17 970 1631 1374 796 1328 220 843 1124 1126 1771 566 1425 1977 801 732 39 1582 1801 1369 1117 1961 1147 1002 273 247 1340 783 1252 1869 1333 285 421 1195 1370 1093 1617 1032 231 652 374 838 340 1033 1316 637 1956 1454 467 339 291 1788 708 1539 1894 410 461 165 1594 1359 124 1584 1535 1339 1302 1567 334 1080 515 369 1749 1779 1789 1522 1087 213 985 204 1768 1846 1450 281 1600 1205 680 534 472 1182 1968 1616 1219 702 1326 1158 1912 1030 418 471 1486 1446 1414 1877 289 1891 1748 1138 1881 642 1960 1756 1680 1045 1392 1860 1940 555 1064 1758 968 937 91 1202 547 215 770 403 395 1826 536 1513 322 1027 949 1953 551 979 1988 1959 1652 1919 380 284 185 819 1355 1293 747 1577 1547 1245 293 241 1809 1947 1508 586 735 897 1129 52 1614 1330 899 1312 1520 948 613 1897 542 1184 1485 608 661 1309 1795 210 1951 16 200 1885 1019 636 86 932 996 455 760 1839 830 1271 1475 335 311 449 203 1950 857 1423 594 880 1050 252 1620 615 1886 618 1794 1122 1366 141 672 304 686 959 776 1676 96 1492 1484 269 1150 1501 82 548 1480 1573 71 1135 68 1931 296 1693 23 447 457 1665 65 862 1403 1873 49 1644 1770 1154 315 1445 417 404 286 276 1790 737 592 501 15 453 1641 1325 1076 941 588 714 1243 167 1365 363 1707 1304 1284 1215 1177 1389 1260 1049 1834 317 303 1721 365 1903 1720 394 271 1100 263 1417 327 1767 1329 553 494 1899 593 1627 95 1077 183 1730 400 30 1265 1383 188 508 1477 1405 1482 869 488 1554 1196 118 1807 387 251 1711 152 1517 1514 398 1083 991 1673 189 33 122 550 1917 944 120 983 598 1201 669 74 1585 759 504 1946 1457 653 212 940 678 1561 305 595 743 1830 1659 368 10 1715 193 1105 180 724 912 1741 376 619 1843 476 1327 606 766 1808 990 1428 809 1702 1674 1107 903 1418 671 1713 1601 1997 1732 1706 1209 597 1343 585 1038 1363 1536 1297 1441 1062 590 510 930 1259 107 1688 500 1459 1864 1785 1906 1802 931 881 1051 833 738 240 1254 1635 390 767 79 1980 1640
