2000 4000
1952 1701
926 970
717 756
1491 1921
272 42
1554 1950
1392 1248
1141 867
1837 200
410 294
1482 1523
185 388
733 530
520 1086
1307 1495
542 1584
337 506
208 1046
263 541
4 1468
684 1931
1595 1790
620 1460
1484 534
118 1379
1947 1013
841 1601
20 467
1580 1095
467 102
989 979
954 726
529 1715
1574 1268
1763 561
1126 271
693 273
1848 801
869 500
894 597
1289 908
1856 865
1209 72
811 368
1280 776
65 588
42 1412
1212 1945
1285 1508
590 869
1439 1574
1530 319
523 193
1364 742
239 1525
345 1487
1672 1289
593 1972
1067 1727
1532 1767
330 131
458 1050
663 992
1112 319
1696 68
1606 82
881 1417
1541 1313
1987 1570
1381 1025
1296 1852
1474 1863
291 444
352 292
883 1753
1821 1026
1066 211
1762 369
957 1004
546 1315
309 1385
46 1158
1128 1625
1290 1836
1181 892
165 1155
9 1731
977 37
1216 105
731 777
1930 309
78 1416
3 1216
1690 1109
1708 230
863 693
773 823
1915 1925
1479 1621
1733 1767
1442 1506
1663 1127
85 1341
1705 834
729 1461
771 1614
210 682
709 591
670 1204
174 315
1933 334
1594 1119
1747 1393
23 807
1201 1236
1267 336
1680 999
554 1673
1319 1916
657 263
411 435
632 923
1049 397
1747 792
518 422
967 1781
1919 1101
893 1922
1866 1413
1189 1531
1145 706
37 652
1084 69
1259 1181
223 1579
201 1414
1546 879
1974 1279
216 1818
1900 257
1534 61
1539 454
894 885
1083 1435
1160 606
187 324
1350 1627
1681 1575
1171 1169
1991 1193
1108 1146
536 1943
1068 408
1066 1398
217 284
1575 564
512 1267
714 1194
1377 1104
1079 1009
1070 170
191 1436
1814 1800
994 1399
17 221
615 1977
996 1544
1928 1736
743 557
1069 1436
996 151
1445 1918
1151 1602
533 1892
934 761
640 217
1760 1341
824 408
1213 736
1935 1315
1373 852
1387 735
1338 1881
688 1301
683 1875
634 1767
1633 932
1727 902
755 1636
358 1778
1210 1650
1964 883
1576 1109
105 1017
41 140
43 110
1227 700
1353 852
1308 234
1938 1422
1845 158
635 263
1044 1143
1850 352
1522 1328
1922 1579
252 953
579 1615
1545 191
1591 1259
1664 1591
820 196
1172 1323
635 1656
1790 1591
883 1007
933 180
1706 1851
1438 726
1631 1185
1467 421
1302 1990
1948 345
842 1374
889 864
522 1272
1196 1076
1613 61
368 1200
189 1949
1411 1874
1038 1182
1309 480
1894 1145
317 1474
131 643
439 410
235 15
1437 509
1664 250
475 520
1268 763
230 1831
881 324
254 298
1668 1045
205 1333
1234 1319
1611 174
1503 1819
514 899
1349 1014
297 305
1724 1972
1527 1830
1027 822
1073 1187
1633 207
1062 1275
1996 892
273 345
1112 1428
605 1447
313 1245
1614 193
598 1454
1785 1055
1702 1682
1914 1541
713 1644
684 660
1551 1030
1138 437
840 1361
1719 1516
1357 1066
1775 1966
1863 974
605 1002
1428 551
1121 1937
1379 1039
501 1638
75 714
817 1777
678 790
1536 84
607 1870
829 1864
1693 188
1030 1100
967 1211
1588 577
171 444
915 1443
1776 1354
1706 400
115 955
1067 334
1912 350
1158 653
871 539
819 401
356 1138
1420 1462
1665 1378
1025 1204
774 1089
227 869
571 1792
1395 578
1675 912
1001 303
882 1097
59 1352
463 1710
681 1592
77 819
1999 296
591 1484
1375 676
1120 1632
209 21
575 1829
1662 1997
208 624
1965 1913
539 1856
1392 964
1607 50
701 35
472 553
669 749
532 969
252 478
1485 779
1797 1973
146 1306
39 1940
1135 766
1077 711
227 493
1196 1703
533 330
1770 1004
397 820
1449 34
848 740
350 1278
1503 1117
645 1058
1604 117
1910 254
1216 1337
280 435
1228 459
993 999
316 167
215 224
812 756
699 745
688 190
505 1636
1428 143
1905 1794
1949 1094
1918 322
674 1849
1255 1106
764 78
1746 346
1523 871
1941 29
703 578
246 1297
1577 317
396 1934
19 154
720 1013
862 1953
1109 36
1506 657
666 156
1421 1230
897 12
1102 1003
292 364
1607 1832
356 735
1533 443
1369 1395
763 1443
1846 1482
991 659
1991 671
1194 937
682 503
1869 1836
1174 1060
1552 1180
1596 1911
495 2000
884 434
79 89
584 1104
1347 93
960 467
523 1301
1288 1303
60 1160
927 1405
631 1662
226 1727
1260 856
118 1275
1658 765
776 399
1018 922
238 40
1455 1347
260 1361
683 1077
1796 346
548 1181
869 305
1002 1240
425 1928
390 1416
449 720
614 979
830 637
1784 289
1491 1845
1587 521
1624 79
1493 1414
1844 570
564 1556
797 1253
506 1228
1460 100
641 1306
1392 1455
1164 979
1547 633
693 1694
1856 1963
920 1053
325 1766
1044 932
1590 729
552 9
1397 1015
166 1447
1173 83
703 634
13 772
705 1731
957 397
1483 452
1133 7
1616 1119
1345 830
855 1113
1062 1381
937 199
1154 552
804 1327
848 1472
924 1869
999 257
1832 548
709 895
217 501
168 1883
1191 351
967 1150
598 1660
1166 1511
1119 1646
668 170
206 1531
595 1449
1318 610
1757 106
1495 628
1974 1851
1222 353
1689 100
1319 417
771 1251
1114 1427
802 1990
488 85
1298 1586
890 586
1233 1314
996 812
154 1660
1989 920
1600 1214
535 1802
563 523
649 275
603 1769
118 12
1558 293
971 1829
1453 1133
1063 1160
1969 1815
950 1872
1600 1293
749 1060
1205 938
1974 1404
616 794
694 582
852 1666
1996 1994
1187 570
1458 1370
1883 871
808 1826
1883 457
1933 1343
495 371
1198 1699
888 1242
1026 1271
870 674
549 586
1759 706
1654 1497
828 873
751 1679
345 1862
1668 1351
375 1017
347 1571
1164 1731
1977 72
1194 1694
557 535
1501 1735
1039 1804
144 1000
121 1582
1858 262
1698 1176
85 579
31 313
1226 1660
392 1382
767 1232
1457 892
1088 1463
1690 544
1495 1258
877 75
1202 1039
714 1696
1056 618
1876 1103
269 1007
1023 1961
584 1988
469 796
1337 153
1861 400
1258 1644
1825 60
1853 1545
1772 1331
1448 1942
1431 959
1095 1574
1713 607
386 503
1891 1745
1379 44
799 1784
842 1561
300 235
1156 919
1809 1313
453 1636
91 1140
1712 1059
570 1853
1199 1314
1097 42
782 1909
783 50
600 1989
1576 1595
1622 467
714 734
1325 1660
901 523
476 203
1808 951
1088 272
290 1233
1201 1321
54 1860
93 1593
1909 1078
1189 1982
1778 362
1496 1945
843 1347
860 543
192 426
932 1526
1889 401
1844 253
1147 312
574 1160
481 11
341 86
1332 1942
1725 568
186 1575
909 839
1408 479
1532 1063
284 607
376 1097
595 245
1078 1981
685 1843
1302 1133
1436 523
660 192
12 1904
814 271
957 1167
924 1485
1270 347
1677 514
972 273
719 842
1271 632
665 1416
1536 347
945 395
337 336
1674 1430
764 1331
618 174
136 933
1111 84
1183 484
302 1260
185 1117
447 732
890 1107
1664 1990
777 1252
1340 1119
1941 1714
306 894
847 1959
462 91
1573 884
1668 880
1343 1832
1391 1899
1752 671
15 1803
383 1048
1720 1262
1819 1834
903 1566
442 1609
130 572
886 170
781 1429
122 1954
731 150
1135 569
821 1273
1484 807
461 217
1751 338
1578 517
1254 1044
1404 997
1509 1999
40 1224
1088 1789
1911 1920
1038 980
1255 601
307 31
812 339
84 1892
53 385
1491 815
1390 1664
352 1499
386 755
484 1511
1774 171
1632 1687
1182 1983
1702 884
702 1825
687 609
527 1262
1228 381
761 187
1123 1558
1351 1869
1543 462
299 1381
251 1532
1738 623
1494 98
433 1029
1397 362
980 224
1394 1686
1207 995
531 1238
439 1929
353 662
728 93
1646 300
1687 1303
1121 338
533 655
1600 1493
524 49
472 540
1327 578
452 1561
690 163
818 1949
101 1829
740 1054
1833 699
526 343
941 1053
54 361
1970 1802
699 1304
677 408
1354 431
1625 628
1397 256
1103 1575
1156 1647
1605 1218
1503 1932
1164 93
579 174
1730 1322
1270 103
334 1760
1400 888
735 701
1164 719
312 983
1039 120
1497 1187
1645 149
166 922
1197 1368
1946 1319
939 688
1379 1279
1996 875
985 810
1227 523
347 536
148 1857
4 1134
1631 1097
1352 1603
916 183
1344 180
1370 1030
1430 24
735 90
269 717
1453 1082
312 713
1498 153
1533 715
687 1996
1582 1925
805 875
664 231
631 1150
414 272
493 27
854 1135
590 1042
84 1695
802 799
770 789
1364 1368
902 981
399 1429
1397 882
1808 445
408 1414
333 1288
1315 1161
345 498
1347 1103
419 245
1094 801
1952 1941
957 1903
613 113
805 749
1895 829
392 1959
1450 490
601 886
1625 836
230 1172
1662 879
1844 1194
1904 136
1767 1405
409 1540
519 110
1531 732
564 915
1351 1063
849 1667
819 521
1135 660
1756 62
1995 360
1533 1438
1886 1117
353 1672
1897 534
1305 680
436 1845
808 1400
1669 1060
1413 1876
490 515
7 1809
1166 582
245 1829
1722 1143
1062 909
1085 1476
1818 1543
554 733
117 1460
1658 1042
1922 1735
1991 563
735 448
50 802
1009 655
450 184
1477 496
1341 1685
14 760
821 1698
1223 745
1863 1786
1339 855
1698 367
360 756
234 255
1482 235
1217 1133
1393 1915
1784 1038
669 684
1759 256
300 1333
1126 605
1914 1828
775 115
1102 1606
1842 956
1495 1000
1722 1042
394 242
1463 1919
1236 634
696 379
1797 1941
1590 845
354 1684
212 1889
144 1980
510 613
1096 1197
779 1224
1945 462
1459 920
489 192
661 433
1753 773
1058 165
310 550
602 1633
432 524
1618 1648
1102 550
58 980
1536 70
1808 87
1999 1153
897 1492
694 656
1152 806
760 1368
1108 527
1027 564
117 1110
404 1521
352 1584
102 1803
1259 661
374 139
1170 1568
1716 1349
615 587
622 1922
1164 516
182 1930
876 1842
728 645
185 34
1242 1650
1740 1952
415 672
517 178
1362 648
1244 7
1382 1244
272 1979
901 521
1969 1296
244 814
302 1469
1307 830
1261 246
171 1513
1969 1923
712 1560
1326 1226
1191 404
1449 1582
1469 1813
1154 1577
101 1133
1579 768
298 1785
1178 1036
519 451
1168 427
1832 1360
366 1965
1608 898
1259 410
818 493
171 845
31 1268
252 1369
1916 85
625 927
194 440
1921 248
645 1718
243 1092
105 536
199 819
1828 203
1631 1438
1851 1616
464 1303
1420 805
1494 521
863 779
491 689
840 1664
1250 1084
406 765
411 1187
321 1380
1861 1458
1539 1609
182 1381
618 1310
310 874
360 60
1790 512
739 1568
1419 276
179 814
688 1471
1398 1847
1123 127
826 592
575 1096
1308 893
1070 477
1039 948
27 610
451 1480
233 851
552 544
805 1678
1655 97
665 1351
343 1094
550 821
1115 1071
871 1864
1281 370
1303 365
528 1045
727 301
1915 593
446 1952
324 281
1323 1593
306 1782
853 1682
208 1861
266 1184
1546 276
520 887
1946 1627
1684 459
1460 1330
1751 700
835 1775
1642 1125
738 1308
1919 1539
1002 264
86 607
102 135
483 317
527 1848
1982 259
1473 1870
113 164
1618 1010
838 1915
836 145
1585 1021
281 1011
1887 1157
532 475
1467 1427
271 1137
308 887
1458 654
1900 1936
1355 1661
1756 115
1490 502
79 588
946 582
1270 1156
273 848
1690 837
1168 489
678 395
261 556
871 1479
1974 1062
511 1799
1726 446
1843 170
1152 1589
1171 1091
1254 135
371 635
329 1749
640 1105
1161 1714
1210 1839
1163 1293
216 93
961 896
288 459
1387 48
843 370
1677 683
698 1804
1804 892
411 387
1581 1420
1703 1825
79 1473
157 1928
873 1115
661 1874
864 664
1020 552
688 988
1774 1655
786 235
527 384
1724 409
1033 1502
769 596
839 1128
458 857
1538 486
1728 627
1920 80
373 98
686 1419
1422 878
261 1080
102 1113
417 1871
1608 1722
483 1618
1905 886
1667 597
167 1994
1025 1951
1554 1551
1754 369
456 1377
604 101
1813 1248
1591 1307
1390 1785
848 333
1418 1398
824 1676
922 1729
34 1389
1268 397
1719 1962
1857 916
1738 1032
578 1041
1423 1783
1678 1187
487 1470
768 1515
1810 412
543 953
1337 1760
57 358
1770 1604
201 158
1362 756
1669 581
951 694
659 1931
844 617
1339 525
1435 1399
14 1810
1360 1549
1809 843
1274 434
652 1787
1979 1897
420 1113
1698 97
1357 1486
1991 633
816 1608
1854 782
390 356
1410 443
271 250
1457 720
1730 579
1761 271
947 930
254 769
1088 18
1800 1433
1206 1098
1138 1027
1350 1347
1739 193
83 1049
45 1967
328 289
229 1460
254 1039
1754 1914
791 207
1117 1011
974 1747
789 911
1862 1394
1021 672
687 1654
1436 1441
1997 1451
680 610
691 1191
909 1772
591 737
238 1416
226 1584
1347 471
1667 1196
906 1064
651 1963
823 323
1745 644
536 43
228 674
574 775
916 1986
1439 611
261 90
1569 691
1852 200
1706 1768
1410 442
8 352
1546 1422
186 1501
1787 45
952 1549
1428 177
1852 171
1739 1867
1193 855
1568 246
1304 797
1996 622
30 1748
681 789
1017 598
1119 1716
1083 1486
937 1512
571 1590
692 99
1065 840
1774 1924
987 289
948 664
1823 385
1812 1405
1814 1523
1685 213
1845 774
215 1546
623 283
1441 1056
836 1527
1037 980
1765 829
519 711
1440 818
1671 1175
1754 1022
1243 1289
1688 685
798 1280
129 405
299 1392
117 1181
1926 522
416 1610
1993 1851
1125 875
30 1613
1231 116
813 895
31 1616
787 1746
987 91
348 1528
470 1315
858 232
413 397
1986 1450
263 1034
1912 1140
1201 920
1549 1808
726 808
1016 53
1986 1232
1815 1291
525 1768
1854 1322
382 207
1065 794
1179 876
1520 292
159 435
1732 1466
357 52
1238 1802
1003 1288
947 682
1365 1840
1726 1091
887 1079
882 281
1349 1249
691 814
1296 1682
330 1337
1707 586
1541 1863
1639 1316
51 60
173 970
1254 1715
1089 421
359 1296
1057 1185
706 726
67 102
875 1005
679 1734
702 93
257 526
1354 907
959 1459
1677 1060
1033 1383
117 1022
1963 1897
643 1726
713 1117
500 1811
1026 1404
149 605
1626 334
763 735
144 1228
490 1912
1211 1892
1782 1230
987 410
912 147
497 977
477 1643
613 1057
1134 726
1413 600
145 207
373 606
1533 1375
1103 817
134 1724
1759 879
1111 1456
433 1880
1123 1202
716 1262
228 637
177 386
584 186
659 882
368 1221
1529 1727
1832 985
1132 1123
1202 1749
574 1973
1345 1107
1778 1
1279 99
1817 1865
946 716
338 1043
980 1081
1241 1001
807 719
804 1236
1475 1585
1948 1391
806 1868
1731 308
1159 641
240 690
1485 510
170 554
234 945
1776 296
50 1054
1757 1195
510 99
440 1102
1233 1086
800 1030
1845 579
462 1284
1842 998
1436 63
983 655
1612 1674
699 1180
1411 876
1497 356
1970 1185
1150 1813
583 665
1377 466
387 977
1933 956
1207 216
1802 1522
1211 1863
369 833
635 1325
878 508
757 828
609 1496
1932 192
1261 1694
694 1564
774 776
891 1893
1568 1862
1133 621
1150 768
799 1653
1503 917
1315 44
1941 136
1652 1400
195 1428
1210 490
1117 1779
1505 180
718 1157
1985 404
910 1814
857 1717
888 521
940 1098
1198 1302
1517 87
1179 1673
1307 493
1554 527
1624 848
1587 340
424 294
1287 658
553 1238
1710 1298
78 1501
1272 1464
1062 304
1347 720
403 268
821 1109
11 1419
520 1738
361 551
1868 324
1323 1453
828 223
1382 1044
29 844
1753 1017
1607 821
328 15
1931 361
602 1458
538 1743
389 53
466 1651
1941 1966
1934 223
1381 1861
419 488
375 955
600 1659
1424 429
1350 1663
1186 566
1868 1676
243 1747
964 1848
693 475
1665 753
1575 52
745 1722
1775 1744
1218 1021
288 1869
926 962
1009 1595
811 27
930 886
783 1087
1644 1091
1738 1950
1779 598
1138 1292
520 1319
65 383
1074 382
1354 1841
1952 106
770 1293
970 1064
1298 1576
1287 1234
1055 1835
1766 57
685 754
302 1662
449 1935
361 456
1109 1435
1270 548
1418 324
1487 812
1078 170
1913 864
783 1978
332 1982
736 1628
696 1489
727 7
1511 1192
201 1285
1692 697
246 18
576 524
838 61
1285 883
44 1511
946 892
1541 849
535 1526
1664 717
429 166
1848 1336
406 91
998 959
1482 1612
1031 1748
618 1090
1075 497
509 1524
1872 1039
1484 1988
1014 939
1233 1398
1261 546
1773 133
1832 868
1097 518
1121 1807
229 954
1630 29
102 1168
1667 654
1913 628
722 860
965 577
779 271
1537 271
1722 1751
1927 1458
391 1787
1010 1825
32 1204
740 1813
708 1567
1696 1384
177 1288
1836 333
706 145
387 1159
389 1712
711 1374
942 759
544 1476
1397 715
1098 1735
663 1471
1282 1590
4 59
396 1416
1604 1629
273 376
264 1230
1110 1902
322 554
1187 1889
1007 1196
1501 664
1416 945
1218 1402
1017 1829
1145 850
108 19
676 368
1676 374
513 73
1430 1840
701 597
805 1948
1159 1330
357 374
33 1519
185 534
316 1924
351 1466
1680 1575
1524 1703
1910 1557
73 659
907 114
1531 259
1732 298
797 289
1320 1134
1049 710
488 1071
451 1705
1651 1896
1747 1237
734 1427
176 852
950 910
1266 1941
1229 1676
1679 754
965 1145
1332 517
456 862
94 37
194 640
1528 1067
1097 219
1046 814
128 1736
398 1348
1909 1139
1713 1104
1149 1404
1721 1471
757 1206
1954 1531
1764 660
860 1935
577 1970
158 1504
577 1201
780 1110
244 1852
515 1361
1642 1462
515 1533
1520 217
440 1436
1317 162
76 368
52 341
918 1172
898 532
708 1520
1013 806
1366 1252
1955 199
1062 1972
691 1589
686 1152
1780 1379
661 911
945 1417
678 670
442 1610
854 1808
318 1015
447 322
1753 1184
784 1367
850 337
642 1629
533 3
1540 1528
1574 1342
1751 1938
856 1635
1335 641
1043 1925
1015 1031
959 903
21 115
1742 1359
168 1206
1801 550
1044 104
1109 1998
1839 678
797 586
580 516
791 1070
248 1542
1138 362
537 18
386 1463
1777 1716
1129 402
1340 1235
117 1515
1991 1263
1544 1819
1336 1226
953 1360
77 1204
1636 1645
1759 573
1237 1601
1105 1224
642 1112
256 1751
970 180
181 1102
1337 912
199 1187
659 1606
503 616
861 1712
55 144
795 1143
1792 847
991 285
822 1057
909 1399
1873 341
1398 1297
970 190
1718 1763
466 1669
1228 1732
435 283
1219 1943
1956 451
131 321
916 1706
1532 1024
1142 809
204 1731
792 1485
601 1054
222 802
424 1010
390 112
464 1708
1440 474
1294 1129
697 1993
1707 384
663 1844
158 126
143 111
1632 542
565 1846
941 1190
1806 74
1479 269
1628 1385
1669 1594
450 382
1842 722
428 1195
14 626
363 1226
658 1230
24 1702
21 1755
633 1692
274 1864
1367 168
1469 306
1938 1083
1672 1797
1331 1651
1810 1746
1838 143
920 1226
524 570
1026 1560
1285 1882
585 1874
780 489
649 1753
1227 855
1857 25
605 1779
204 1313
1383 1393
945 916
1210 1008
1347 1719
988 1224
124 1959
1463 1252
1922 510
278 312
47 177
1767 1480
1308 288
145 1031
1134 997
705 1275
51 851
996 785
270 1414
96 240
1826 1471
145 1700
313 1753
1360 129
1032 1458
579 1489
647 1471
467 171
1306 1072
627 1452
1638 540
42 1719
1566 1561
125 838
1883 760
527 1828
1736 1531
1672 1258
478 1476
1764 1708
1485 1777
1183 1000
1466 1734
1618 1913
529 693
817 259
1566 1245
1859 566
329 313
626 888
174 1346
1425 359
1567 47
504 1873
1146 221
1724 1412
1034 1261
1788 406
151 353
1800 1072
1781 1077
1568 1379
1132 192
265 1379
1222 451
383 555
1049 17
1643 1412
1325 1635
499 986
261 1333
408 1703
1811 1904
1597 657
288 1483
1825 443
271 396
1031 110
1918 1277
1191 1495
1669 1458
1426 835
516 546
538 409
324 1990
1520 1907
1885 758
684 1025
1557 1057
1236 1666
701 1165
729 1982
1568 1809
1663 268
31 59
180 551
876 468
1951 874
37 1003
774 1065
1626 921
1542 1828
1518 936
87 23
153 1491
1200 556
1545 631
97 350
1296 752
954 1612
1375 861
866 1598
742 1679
1254 912
1477 59
803 122
567 643
1800 1593
1594 249
598 444
1417 13
1641 51
510 1650
1758 1902
1770 1537
227 1457
4 540
1604 1939
851 710
1684 283
195 1463
1111 61
944 1130
1469 1162
921 1239
175 1527
441 766
513 435
515 1945
478 1101
101 755
448 1911
1632 1452
690 1836
1671 1707
1414 1927
814 933
1047 1453
1921 184
380 276
1911 332
1051 1818
1034 12
1572 262
154 287
201 200
206 57
1328 1572
1310 1350
1569 1570
1737 59
258 1887
1818 114
404 1989
468 451
1862 193
607 446
1803 441
426 668
1393 1000
1269 24
1507 144
752 1166
591 1074
188 780
1422 330
262 527
1173 1220
539 260
826 1534
1797 1729
281 1843
830 193
1683 1931
246 1029
1852 1650
819 357
766 462
144 455
1049 1975
1403 674
265 1872
797 227
227 1286
181 1970
504 934
337 1121
828 1634
1416 840
1668 1718
1951 1241
678 1788
1333 647
920 585
1472 1958
623 1762
233 5
1774 1248
1852 743
144 330
575 1117
494 960
1907 515
1109 273
19 1306
1679 1660
56 432
341 1046
326 549
1049 280
979 1832
573 2
1808 169
509 1645
489 595
898 1527
1473 1678
195 266
307 1411
720 1769
1300 1635
179 1640
632 1801
650 1623
239 1499
1859 1787
1210 644
691 1082
1603 1727
811 633
291 910
1917 1135
1790 1182
428 943
1729 1302
816 1380
240 996
1083 334
14 872
34 1953
647 1405
634 140
574 93
1477 1242
1281 1530
845 232
691 1949
712 423
71 1637
1933 383
980 1994
155 1682
297 758
173 533
1942 1015
425 110
199 1015
353 1601
1874 1157
69 1145
1417 257
351 1184
1429 962
1850 790
1136 1651
1146 700
1587 1678
1193 1648
21 203
105 1796
1480 1692
989 1295
807 584
304 572
929 23
616 750
1740 303
263 1767
358 1907
614 725
1108 549
595 737
1856 457
1775 727
1455 1042
130 808
146 1136
1918 1071
300 374
1337 820
1373 1503
1510 1715
427 669
1672 1777
397 659
1891 1913
892 1772
1870 699
224 552
1052 28
1053 1624
1198 71
676 1594
1491 1743
1981 1608
1627 888
794 570
1462 465
1282 1993
1815 1942
1250 1418
484 139
1124 1069
1292 1981
567 1461
965 1041
808 684
1971 1682
1116 310
1254 1921
513 1555
603 580
977 329
1181 1335
1291 1521
923 764
1413 99
1899 1054
1943 1332
503 1811
45 1106
899 250
1096 1324
1717 69
1736 1817
1951 1477
1013 471
1622 401
908 232
45 1262
705 1199
471 1947
71 1410
1192 628
1227 1643
447 1353
285 1456
1797 381
572 764
1718 339
139 1301
1705 1260
798 402
1457 964
1009 842
1276 510
656 1996
1114 1550
483 1342
738 392
313 467
762 1085
880 508
397 1317
1707 868
308 1751
80 33
553 321
967 855
412 125
1759 1008
1392 829
996 1212
530 912
586 451
865 809
700 977
577 1684
921 1192
1594 1182
1729 1356
1461 345
1158 1558
1423 1692
16 216
91 259
1938 1571
1992 417
1596 1587
1016 522
1183 453
1196 237
1431 515
341 676
1704 721
420 1758
175 1810
1756 174
1693 315
1970 99
1787 453
1440 1867
166 1371
135 1599
563 1723
365 1342
860 1062
720 505
63 742
68 481
1046 264
579 48
947 202
314 475
1682 109
168 1599
1728 576
1194 669
1415 1943
1686 1685
1894 329
1303 976
541 195
1428 510
309 1116
799 1819
1300 391
1347 1457
942 1445
1051 814
1378 1927
496 1571
179 931
1310 1880
931 634
989 1457
1456 274
517 310
1292 1137
1496 583
551 17
1793 144
1206 1030
1242 1265
1136 1076
1897 1295
1968 15
222 1854
1684 967
599 1796
1089 476
1094 1576
482 117
756 1775
1580 1071
834 720
391 1712
1268 1879
538 987
1092 667
1409 581
283 1883
486 1451
1625 1029
225 1739
1253 185
1896 497
1420 1656
1913 1326
1962 141
1796 1000
655 669
423 663
425 1543
658 823
1110 976
973 863
1416 1362
162 1434
1676 813
735 983
494 382
1590 171
321 285
713 1800
105 415
700 674
1826 438
1410 1448
1484 1454
1338 1950
1817 1252
1038 944
241 1232
1797 80
1658 911
1524 1473
751 1139
1576 276
246 1052
891 1402
279 1126
890 1622
932 1119
343 852
1550 1740
1198 772
1417 1657
1808 1019
144 1361
1456 579
605 1503
305 1825
1053 747
691 480
312 303
1877 1220
530 1210
1155 741
1605 1817
941 1223
652 637
20 921
912 1115
1505 1925
709 1651
580 1538
137 1414
72 1816
344 1761
569 687
987 1309
1605 760
201 931
1494 11
22 616
1547 423
267 1722
1750 374
1201 184
624 13
704 966
1605 1126
1110 1402
1857 623
1212 1097
237 196
1098 1901
243 78
1008 1349
1950 1434
291 549
1977 1153
1884 446
34 346
69 145
221 1210
724 291
1454 562
1099 803
1425 1366
1791 1752
204 1027
1351 1208
1962 70
1413 745
973 1735
816 1137
62 1803
1349 1821
782 297
1201 443
1262 708
1083 1810
169 1683
1178 1662
461 576
1574 73
1092 1995
1455 1657
1619 905
1448 746
107 1389
251 1857
1489 1282
1602 1808
935 1407
610 1408
1520 1401
1602 1037
682 1148
857 661
1703 837
1548 421
833 874
1120 77
273 779
1380 728
973 929
1107 809
578 1392
1418 1654
1858 1149
1676 718
1935 28
1876 681
920 1261
1637 179
1363 1124
1076 641
1398 1374
677 607
411 690
862 1683
1656 453
301 1485
1950 464
1299 102
691 1048
889 1636
1493 968
99 1668
1385 830
552 1768
578 184
1265 1347
421 78
1481 1396
557 1460
895 312
138 1073
1754 842
942 872
1607 1011
1278 1666
1677 1748
382 1977
649 662
77 1415
479 1108
1195 1954
279 1054
129 1215
1234 391
1029 1102
745 1690
655 1616
905 1684
971 754
184 315
744 1973
796 1425
806 1570
1988 1815
1311 393
1063 694
653 1370
120 5
604 717
702 1223
1036 785
939 597
505 998
1501 1981
420 1235
359 403
1567 862
1608 1685
166 1661
784 1612
941 500
1148 1817
407 79
802 1071
1896 414
1901 1908
126 1633
1081 1566
547 1421
28 419
1185 860
972 992
1600 846
61 113
378 1238
873 1473
259 316
41 409
1133 1759
870 1417
857 245
1836 14
1485 1843
1308 85
1581 1061
1698 1039
1549 1487
1760 546
474 479
984 408
328 1256
1160 195
94 615
180 99
1271 1139
1398 1323
716 992
1723 267
1471 1573
1441 183
755 1723
139 381
1915 26
1985 143
1939 1339
943 1396
375 1512
301 1586
1369 484
970 783
524 70
1506 1874
440 351
180 705
324 259
1786 1565
108 601
1886 1306
580 126
1095 1853
1952 1048
234 1340
1884 858
873 307
428 173
571 1182
1742 448
758 1274
696 1764
1576 39
171 597
1181 1038
930 471
1373 1813
747 748
1066 397
945 1368
1 746
804 1660
400 1497
338 517
1179 396
259 647
1493 1450
601 1253
1615 125
447 220
1677 755
1891 1812
910 53
777 425
1892 840
372 499
677 291
1767 406
894 916
198 490
1561 1888
58 939
84 1285
698 611
1200 947
32 597
1665 34
610 598
460 1746
1926 946
1100 751
131 978
1652 947
556 1114
1192 1039
668 1037
321 1942
787 833
1529 1734
1720 1440
1876 1231
226 1676
1324 315
1322 1943
843 163
481 844
1894 1950
1756 566
1264 1916
1262 1170
357 1462
976 787
1669 1694
485 1437
1222 1760
643 967
795 1828
858 689
317 1848
1597 1245
232 127
1557 760
400 1975
202 307
1843 1187
1206 45
1652 739
1540 1238
1518 1144
68 1768
1913 245
1575 1211
871 537
62 1372
1319 102
536 1828
1397 999
886 69
63 1465
859 1777
296 377
309 447
599 1446
1794 726
155 584
74 1833
100 318
673 767
1082 1181
1972 1840
772 584
169 265
293 366
1812 1216
796 1956
1103 1581
850 1599
1968 792
553 849
443 1227
543 55
1010 385
1846 293
418 1082
407 1948
1044 1015
1606 1092
95 952
1156 1158
458 730
1213 690
99 347
575 1629
971 1114
1776 1593
722 167
125 791
1684 859
1744 620
971 1168
1766 452
59 1053
659 881
568 244
313 951
1651 1342
1707 1803
1477 1707
1948 1440
1347 1224
55 1937
422 1350
738 694
1527 567
339 1887
1972 166
630 325
464 323
675 1113
18 487
114 152
894 889
1742 287
1294 1560
243 159
287 266
901 1683
1221 1801
111 1786
850 1251
966 717
744 1087
665 1147
1146 1033
1525 1630
332 21
1384 846
1805 653
1336 275
931 906
86 322
855 1353
997 419
1352 1429
375 716
128 901
277 1386
748 947
111 1940
51 1683
1730 711
182 1606
1712 548
708 1745
15 1565
502 1625
1203 933
1870 1955
1969 1794
957 1544
134 1994
704 1001
978 623
535 1022
706 1879
738 1736
145 1209
1590 1987
811 1277
825 1573
1289 1433
1019 802
1250 438
815 983
1011 302
905 1711
962 676
109 1185
723 1130
1002 1769
348 280
1616 1634
870 418
1664 689
489 1320
148 503
1144 736
1930 909
1446 777
458 594
270 680
193 517
1119 1308
1791 340
1785 1623
406 1373
1051 1127
745 854
1696 664
1915 1139
14 450
1428 1558
1051 606
1662 204
912 60
854 457
25 448
950 1328
1824 398
1174 1892
1846 620
1460 581
1158 535
1853 8
71 1547
1930 1988
1837 148
1373 1226
1157 768
11 164
155 628
1244 883
864 1581
905 317
1414 306
1793 714
167 1249
1206 776
978 730
1411 567
890 1975
1890 1762
715 194
1537 1528
784 811
1467 84
803 1822
1254 43
609 735
299 1102
433 920
793 333
655 1602
1490 564
826 201
1517 1177
1297 494
1274 481
1231 64
520 305
1163 1947
1497 1464
715 213
1966 779
51 268
1586 1870
1380 574
977 930
389 1379
755 1547
1905 639
1294 227
1721 1821
837 273
1467 89
37 122
1084 43
1289 712
234 509
536 1379
1401 1720
56 1276
1366 121
1965 198
1151 1918
896 187
1708 1555
492 390
116 1844
208 1265
1168 1094
48 1935
72 1346
715 1650
1709 1155
1628 803
1266 291
1747 1360
1387 437
63 634
1391 1129
1107 1747
943 1974
800 1927
713 1327
344 293
1751 761
1038 140
675 937
874 430
1314 128
361 337
852 1860
1954 330
956 266
1641 365
1343 1226
1732 341
739 1039
764 435
323 1011
1251 207
461 34
1784 328
745 896
1121 855
1885 1931
1404 1845
821 531
829 526
1380 1205
785 1740
1079 562
371 1326
1849 644
1361 1733
1442 1351
1695 415
241 1056
914 73
1837 1189
304 1955
1926 1261
660 968
1750 1677
1523 1983
1094 1521
511 1061
1747 1361
288 548
1706 1952
1316 1681
133 375
139 101
1346 1403
1825 661
1871 1396
1711 1485
558 1614
1299 438
347 191
900 1316
1997 1571
1674 1497
1467 224
217 906
1227 1369
1629 328
297 1628
1248 1449
1138 1969
713 1275
1673 219
5 823
1183 1174
174 614
1207 1321
599 24
220 288
1934 1926
1868 898
510 1628
778 1650
69 469
1555 1500
1587 1365
990 261
1166 180
1954 323
1565 166
1063 71
165 1670
1566 384
421 900
156 732
476 139
1592 2
509 1674
1879 600
1346 1202
1584 258
888 1608
1317 173
948 1484
1548 1381
483 946
509 195
110 663
1108 47
1645 342
1658 271
916 1091
588 148
1640 69
1470 263
351 1874
104 1850
498 1109
1525 1577
1101 1762
1265 411
941 1839
1738 212
766 1412
366 1535
859 691
1642 1627
1487 138
336 82
1204 1550
743 1104
1321 1062
764 291
1227 470
1567 42
668 218
1594 53
1890 52
204 1298
776 1238
499 332
1460 943
1231 465
1978 302
116 269
734 1798
495 796
295 1467
438 1297
1577 1317
790 715
1049 180
876 651
1487 729
498 1117
336 792
700 1857
1064 1320
206 518
1993 1472
333 1964
736 1093
1196 479
762 1669
790 106
24 453
373 1521
17 806
1318 833
820 755
437 644
136 1970
1554 212
715 716
609 444
1607 105
1145 1865
646 735
214 510
49 1216
1896 837
1514 956
1765 1344
426 609
1077 376
908 659
1780 902
1904 1138
578 1371
1092 988
627 844
1327 1762
232 160
1321 1210
139 1673
826 1955
1254 479
1918 1645
1769 513
824 676
1257 1954
1624 157
1989 1671
1117 1430
1832 1739
960 534
445 1481
1559 1525
648 499
25 1719
1483 548
268 1845
1253 1704
1480 1343
593 1547
116 123
1556 493
65 1567
1904 827
1418 776
1370 1557
1832 450
1035 953
572 17
1354 1495
484 1240
618 1832
1831 670
1336 646
230 991
229 727
417 263
1625 450
1735 526
1597 1742
1757 382
209 999
362 1643
258 854
816 1955
1643 642
1790 193
493 432
972 954
523 907
1180 1705
648 1752
226 1520
704 1708
1860 243
768 557
43 1512
629 1325
1406 355
357 1488
1129 1574
1526 1094
764 50
1321 1138
1682 277
960 1574
1724 1926
112 1820
199 274
392 1928
1639 1284
1853 1906
1512 1312
1489 39
1516 1172
1471 825
1078 653
1585 1148
518 375
645 796
1727 349
803 827
481 1294
58 81
1705 1239
587 714
1351 1091
1074 433
1296 1958
402 969
1089 74
1930 52
1482 1717
1725 257
1427 108
521 749
1752 1467
909 1460
1674 613
1391 1879
1473 1638
1278 1079
1617 1668
572 294
615 1574
692 137
701 461
1745 238
40 1097
1911 577
1794 731
1050 1213
725 694
1126 1745
802 679
1577 682
1749 20
262 666
588 448
349 1600
701 509
1438 1979
1787 950
1015 718
933 1021
231 936
131 703
897 735
198 1616
1597 1768
64 1970
1375 1960
697 1144
378 415
1139 622
30 1924
707 283
226 467
1104 229
1886 618
1529 75
856 679
1063 1990
1037 1142
807 154
1901 921
1534 1375
1263 1214
142 134
1514 423
1621 1049
1523 1578
1906 327
184 371
1727 1742
415 1215
1166 42
1820 1983
686 1301
1597 694
143 1879
1655 1209
709 760
1631 1517
355 287
1899 1413
1719 136
884 773
1766 1564
1973 1660
1066 1773
33 1545
1487 1918
1969 1521
63 1804
1346 1158
749 773
1402 1333
173 302
844 1194
1982 1425
687 890
1206 30
295 607
475 721
1182 1912
1714 587
1704 1426
1159 1209
1205 620
580 366
1474 1383
1541 1700
300 735
808 953
50 89
1771 1415
184 156
100 1745
1154 1171
1422 1908
691 1877
1382 1835
1410 889
1337 115
357 1723
484 428
869 53
401 543
433 1339
307 1789
1218 326
370 987
1467 61
74 408
280 359
181 735
1216 379
1472 1309
431 645
1562 1858
1072 1997
924 785
787 1767
957 274
29 741
602 669
1235 1813
26 1645
1789 928
1542 1558
35 1506
1313 81
1326 997
1667 513
373 1650
235 249
1022 1444
986 32
90 81
1822 1498
259 977
750 1500
785 1879
965 890
1538 1003
1185 333
1009 1948
416 503
197 1689
1809 1690
1373 1072
1698 541
1288 812
833 1237
1380 371
571 370
337 306
84 1985
920 370
152 1289
1470 825
1048 1136
788 195
1221 1331
99 1286
1256 1284
1823 1733
248 838
907 1595
16 464
1348 449
452 818
75 855
1740 261
725 431
1046 45
1769 1237
1683 390
134 777
699 314
902 10
454 965
895 1691
122 206
1043 1019
567 898
1285 791
1346 1767
753 1526
1009 1502
1408 1027
600 1809
208 282
456 414
1881 1736
590 683
539 1702
1736 1117
1927 1434
1462 545
354 31
184 487
952 1637
1108 639
1266 1551
1353 741
137 1933
1565 1251
216 634
1008 1493
773 149
1770 616
1492 185
822 107
1596 44
845 1273
1295 1442
1494 806
250 1901
1131 1138
287 1010
1034 196
798 1019
1143 1081
272 1995
1121 1371
1269 370
314 1618
1661 594
766 1874
1125 1874
564 710
1011 79
69 40
204 257
1453 1805
1772 85
1267 1861
102 295
616 929
1857 82
103 182
1101 1897
1024 604
401 1025
1581 1881
1816 1292
48 40
17 155
1558 175
272 1657
1822 1780
243 4
632 893
965 1907
902 1826
1492 1649
182 1700
125 1835
1023 1701
681 636
1819 921
543 588
112 699
822 1872
176 1917
954 1028
1021 190
1270 1163
568 93
1820 1022
1823 1690
1964 963
1623 1006
681 1269
1834 354
1979 1183
235 884
1949 87
107 557
466 1355
12 219
1934 1968
1733 393
1405 467
1981 548
67 1617
1948 63
1313 972
1173 1494
1231 1324
1481 635
1489 37
232 1141
1717 473
1159 407
1847 961
1685 1075
187 85
1907 118
878 403
1810 1117
1845 1639
1721 736
930 470
1744 922
1108 825
37 1911
1716 1330
1753 725
1800 1345
1571 109
887 1866
738 970
532 106
748 77
1338 1552
577 816
754 452
761 1103
1547 1393
840 202
322 452
189 174
1887 1233
822 270
1503 176
445 1157
1385 1397
1572 719
1458 1248
48 1545
589 899
195 1911
830 250
1379 1882
355 1843
660 1795
1564 1232
1082 1923
1512 1905
147 669
340 1017
268 991
1361 1863
1294 1538
1715 712
586 1511
1637 916
275 59
735 325
1110 844
249 1150
1734 1255
509 1541
1004 56
1021 507
965 1120
1991 171
1997 538
759 1350
1347 1908
1888 382
1544 318
1051 708
1544 267
99 1711
1253 498
923 353
940 1793
1721 105
1657 931
1853 134
341 1416
1357 798
106 581
600 79
680 87
1026 991
927 605
520 1124
1789 1949
993 5
1048 479
1724 1138
865 1822
1553 1192
522 1377
776 53
81 1748
1306 1940
1371 1105
971 518
1098 1452
1244 914
197 1502
1346 250
805 1387
1257 1300
293 1924
635 1954
1151 212
917 947
374 77
1675 14
395 1183
294 1558
750 674
903 816
1132 1359
1200 1473
387 1217
598 737
203 1106
871 548
1905 395
324 759
1143 889
923 628
1163 1973
128 1926
594 797
1623 334
764 1160
1967 103
94 1330
1469 709
363 1248
617 1409
305 873
330 1008
592 934
649 507
1775 1199
1868 345
1147 1497
1956 355
248 403
1194 1869
848 20
948 357
576 1208
1010 562
547 178
504 443
1916 1131
976 1521
1355 946
1381 537
632 1299
433 392
1618 457
1119 1100
679 1374
636 707
39 40
1172 1149
50 1538
641 1455
793 280
1872 704
423 1315
1126 7
1338 246
383 956
1775 132
1871 1463
1025 1970
1214 279
1317 1512
990 825
511 915
224 512
908 483
305 171
238 103
1971 1760
503 740
45 1539
1967 1098
120 1602
816 1787
1360 1807
1664 1331
815 1357
1683 1039
1079 1408
1021 81
1440 935
628 1952
1373 635
1637 7
984 1804
334 1799
1722 521
94 927
1650 307
238 1064
630 1511
1495 1833
527 1670
491 1241
1532 599
223 142
808 1598
1771 1991
1798 75
597 439
1952 1945
735 209
1268 538
1126 1494
212 1860
1748 1315
1478 127
867 1568
1185 1662
520 1952
1592 483
516 54
971 1787
1525 1815
1759 187
232 754
1181 187
1326 105
944 1820
1428 750
287 1324
695 1388
1679 1088
1410 374
1929 1685
1099 228
861 1820
934 1167
1965 1687
1785 968
278 1386
525 777
347 1936
1106 1180
1040 20
1599 1356
1786 759
1884 910
1070 246
1244 637
1452 1985
51 717
150 1523
732 1206
1614 1661
1709 1440
1979 213
1038 1337
1927 138
351 672
1265 1521
1628 1203
1330 1753
267 540
1744 2000
355 789
1584 1604
983 1865
1965 579
705 1685
1090 565
344 291
1126 1656
654 1603
1138 581
413 1944
1329 1526
787 231
693 1467
974 1911
1852 1509
1778 366
1284 1835
911 476
114 604
956 666
642 236
1770 516
1877 1343
1246 1915
1437 1560
1895 1692
632 848
1186 348
761 361
1254 529
1345 853
703 1521
268 1894
477 51
235 244
1530 1199
1569 1645
1987 1213
1203 1898
570 225
1914 745
93 844
1056 731
712 1566
537 375
1231 153
1669 1980
1672 113
69 1653
1779 1066
89 674
1070 386
710 1283
556 1099
1253 1292
128 552
670 1
1138 863
970 1211
1472 1568
939 1278
348 190
706 442
603 1083
1227 69
229 1010
679 838
1491 1358
1698 1033
270 92
335 689
1740 1205
108 919
237 1627
274 1592
871 710
1424 172
1154 1378
84 872
1272 1632
150 180
687 37
702 1300
688 238
970 74
1441 796
532 294
726 1413
211 675
269 908
1205 1531
1370 1580
1602 787
179 1101
1270 1847
606 1882
869 1869
860 1214
167 1094
1367 1959
1530 813
67 1695
623 1900
886 850
318 803
835 1741
450 1992
1064 1259
571 1963
1610 1315
1769 679
1275 1817
1487 1884
1003 1608
1759 1005
47 1676
980 1949
1619 897
1410 331
92 744
529 1916
1023 1505
1941 1499
1309 1406
703 1677
1210 108
680 89
923 569
1846 555
319 1936
1687 367
421 250
1691 933
537 1077
1569 1268
994 1787
390 1980
1527 1483
454 916
770 761
1056 1078
1614 884
931 114
1041 1863
123 1285
1052 638
1761 907
788 1815
742 1560
107 1147
1922 481
1370 1206
1250 1353
498 1697
25 1977
1148 1779
977 65
205 657
573 1737
1545 231
537 259
600 1883
74 511
1175 143
1430 487
1558 251
857 1585
1240 648
1105 1747
463 909
361 1947
661 478
1557 1241
1686 1582
1144 232
1998 1816
1786 1573
73 1281
79 1458
595 1657
1883 1193
830 1036
999 1724
416 1080
1488 1903
1261 659
1960 47
1233 1491
651 780
707 1111
1638 379
1019 1777
1456 173
336 1965
992 1836
1480 1478
1576 279
874 1439
1163 878
1 1787
1392 1048
521 972
363 583
1380 186
608 128
1438 843
1638 1430
433 116
467 200
1177 1872
1029 412
1824 1687
1880 1702
1832 1986
720 1064
358 739
1083 1695
275 726
1999 1156
287 546
206 592
782 901
1694 895
868 765
841 676
371 1686
1133 1877
1494 57
1197 588
493 1530
1147 969
335 431
1558 324
391 1466
703 1488
1354 1313
1554 1929
981 1655
1171 644
1850 246
265 629
1095 924
1109 1461
1886 837
1491 976
393 700
609 1957
726 1573
1443 300
903 730
1348 1
1725 1298
1414 1199
301 1827
1071 64
409 1064
1270 1617
1658 1971
1702 714
1458 650
456 187
485 1746
1304 326
763 690
348 82
247 786
1437 1357
1872 582
947 433
1856
559 1507 777 759 537 1346 928 265 511 491 515 1560 1134 1097 1967 1111 1916 1576 465 926 313 1157 30 527 267 314 142 1709 1425 1035 232 533 691 704 316 1528 595 385 806 1723 196 558 17 1903 297 154 45 488 1970 293 81 1549 1041 1049 1968 1196 1204 661 476 1085 831 68 1410 766 1963 1535 1303 719 1120 216 1889 1981 1973 870 1733 572 185 1974 1197 1386 52 1400 1038 1459 250 829 982 1562 1190 1992 1404 489 985 1721 1174 1718 1772 317 1297 658 1797 226 1213 221 1624 1582 149 539 615 1330 1164 430 1989 333 830 134 1265 1160 1777 1539 1952 1881 811 1071 1108 735 882 1391 701 1254 1839 1338 1499 1501 744 1511 1096 1949 372 220 1158 535 1654 1320 263 98 516 571 1091 846 783 1503 1832 844 1975 457 1655 512 872 1615 58 481 724 651 1529 714 1058 1708 751 478 1498 1518 1657 472 1983 290 1601 1229 734 395 1436 1680 836 289 1039 287 868 556 1594 786 1452 1804 557 125 203 1103 207 1690 585 1593 1257 281 384 1064 460 618 41 1844 435 505 501 1784 57 1373 1522 999 174 323 467 1069 1926 1543 459 468 1298 961 1927 79 1217 685 1205 389 193 1649 971 1210 1061 815 1209 601 1344 1547 802 910 1313 1738 892 1917 1906 51 136 1341 1798 446 1570 1441 911 760 1701 1581 850 1724 1312 1191 1605 1012 84 1587 77 1800 1688 107 1114 1628 1262 288 1853 1822 645 886 1893 122 1488 1546 1793 1858 1073 1521 919 347 1550 1790 1959 1508 346 1882 1599 1760 586 707 1027 1667 228 1962 1811 1987 1431 1000 1801 227 541 678 370 1816 896 1323 623 1206 15 522 901 1877 1656 1532 859 1113 1001 1172 1121 1998 201 479 86 1742 821 432 510 35 1786 665 962 1314 1301 1112 826 85 1652 1020 804 1407 1283 83 764 1932 1681 100 414 108 933 191 1726 729 1094 1167 1048 1389 438 1100 1251 1725 784 1530 653 688 664 1398 550 1311 1130 152 1660 1731 1194 1099 379 48 264 1177 655 1990 1566 731 1713 869 65 1691 1411 770 403 1767 1221 1865 1766 336 906 1729 1453 1540 981 1095 1592 1494 381 1911 1002 1584 968 877 924 632 681 1040 628 1310 1021 1769 1669 609 1523 356 1947 5 1569 779 1665 677 235 1123 325 1693 1791 934 1036 1954 793 690 483 1381 633 14 40 1109 1711 1092 1617 345 827 700 853 423 177 1904 463 1626 1358 458 1632 1236 1090 1470 1289 925 1714 1015 909 748 907 1278 1929 230 257 1384 1648 1958 521 1118 1978 899 225 1792 1362 517 1685 151 679 669 1133 1545 1728 660 1460 1606 367 147 359 61 188 646 1876 1451 1957 683 1367 1732 1218 1434 532 1577 1331 1764 386 1633 1089 1059 1136 454 1087 448 711 1583 1082 1554 796 1780 426 931 1891 162 1526 666 1244 1053 1833 1484 310 663 1258 1104 1023 1337 270 1840 1438 1991 1558 1448 1458 9 819 1030 1249 236 374 816 445 382 440 269 306 420 1825 268 1146 1008 641 952 602 531 1703 675 298 1925 578 1076 1856 1326 1154 280 299 622 761 349 929 418 900 442 964 686 240 368 1078 621 1717 1296 1636 1894 575 24 1490 1504 354 1595 904 33 1192 1936 181 1139 1818 412 720 500 778 295 954 124 4 29 1201 682 717 375 750 554 1849 1144 568 75 308 1901 1616 219 1208 812 596 1055 604 1994 648 746 195 1573 180 725 172 140 576 1692 1171 1635 624 822 184 1284 1068 1086 1814 644 927 1812 787 1028 80 74 976 1075 1980 1270 353 987 1875 1851 649 1467 1578 562 117 611 148 582 431 1321 1375 1817 1150 1269 569 1892 676 1789 1288 1266 876 743 406 197 881 8 625 1869 1579 1152 948 840 1809 1900 508 244 123 837 1909 1698 1802 551 1275 1226 260 497 321 797 307 451 970 337 1463 407 1466 938 659 348 22 212 361 1552 408 1512 538 1392 1088 1416 355 76 273 1159 1496 1510 1942 935 324 1672 1603 91 832 705 67 1928 1847 1770 1782 1859 1374 170 1531 1285 791 1184 1675 895 1706 466 1423 1922 234 898 650 286 695 803 1380 702 1645 1785 1740 1536 715 1748 1743 50 1017 1141 1679 1761 920 1014 1924 807 768 610 792 1720 1062 1837 1662 656 1923 871 31 1019 1343 1193 758 1357 319 1866 182 1329 129 980 484 614 1712 110 461 1557 1169 300 1161 1317 1479 607 352 1282 141 1966 217 856 1746 1610 186 1044 155 1324 112 1449 55 1255 635 357 1440 1898 1815 487 1515 1267 1149 1332 190 93 1940 1663 890 1643 1598 706 617 224 1895 583 391 1651 1186 589 824 1852 1125 1056 547 1413 852 536 2000 861 1309 1500 1933 1259 605 1415 591 1637 138 519 957 967 965 400 1031 1485 1462 1848 1 1478 855 525 34 444 738 647 1519 1890 176 1727 449 972 1439 918 998 99 1555 1105 1245 1195 1074 1405 1351 278 1506 903 630 1446 1305 1661 1428 409 1046 1564 377 639 64 1561 1905 44 1857 733 891 1836 249 549 329 1658 1631 897 1336 109 1666 1117 1045 1829 713 441 1239 1260 1228 380 1678 513 883 542 710 657 312 1003 1653 1702 1824 116 1143 1119 1988 588 1238 1202 1935 358 62 763 291 1753 1534 1982 1622 1110 54 574 912 1879 1776 716 540 1930 1214 1640 28 969 1011 1768 343 1340 239 1509 1243 1986 1873 545 687 156 238 393 785 543 798 1758 1327 825 1268 1588 1233 387 1907 1200 328 1129 1435 1272 101 1067 106 835 1216 1137 1787 1700 208 643 218 1235 795 1627 1608 597 73 1189 757 97 1077 555 1810 344 1864 411 878 780 1611 523 206 1185 1445 590 1472 1710 564 1597 334 1999 495 473 978 865 118 514 474 689 838 128 452 642 255 1516 620 1699 1025 520 1694 504 1366 338 179 133 808 1414 672 1480 941 640 680 694 1063 428 667 279 1896 1638 570 867 493 1551 752 1444 305 565 20 939 1527 1353 839 1826 475 581 728 801 944 1388 94 1465 889 401 259 1524 1888 1972 1735 567 1502 1034 592 1548 247 991 341 1368 1348 1481 579 1863 275 398 49 1385 1639 498 322 413 1364 916 202 754 1541 684 364 1315 1355 842 163 817 1237 447 1612 990 1618 1497 1155 1937 416 730 945 598 1477 1854 1707 1211 42 1977 285 1719 773 1664 1673 1956 283 1872 1902 1168 1361 1874 782 3 450 1751 301 1945 1302 1464 397 983 1779 390 984 158 1396 616 1880 1525 1861 1026 143 1750 309 1408 739 1156 1807 1390 1951 1247 1253 573 1377 1325 252 851 1153 937 1763 634 402 1961 383 243 1609 1778 1744 231 1682 365 1855 13 205 600 1227 1057 1271 526 841 1401 1393 709 1505 524 69 1293 880 1433 1739 587 95 993 1495 1971 1166 1352 863 879 1838 1918 755 986 1683 756 1263 1944 1080 1126 1544 923 1295 1953 453 1054 905 261 769 1823 1630 1846 1151 845 405 834 745 214 577 721 875 1170 1124 1931 1051 422 1870 696 1383 485 1621 1867 1182 424 736 245 1759 530 1231 1697 1556 742 1474 1589 256 456 1644 1600 59 1198 814 947 46 165 1403 626 1845 1165 1287 1604 1306 885 772 1993 1322 722 1979 994 1304 1590 1585 1938 237 1308 1102 1493 53 1083 139 1813 1860 1607 1316 1457 1757 699 636 955 204 668 932 1752 248 1127 1948 443 1140 1913 902 1369 200 241 1969 953 1230 1417 1422 437 1984 799 1955 1248 258 96 296 874 1533 419 89 552 1378 1868 914 854 1946 1450 1482 135 373 1223 956 1360 222 1093 518 789 794 1897 1834 496 959 366 421 1066 242 1382 1418 486 1409 1047 1919 1430 1079 1491 1010 843 1222 1081 1006 1883 1128 930 199 160 1454 1029 915 749 1442 692 1514 1486 727 1596 774 294 1775 1765 171 1424 271 921 1799 32 1677 1328 1920 1668 126 942 376 462 662 1203 1774 1684 11 723 1941 7 127 1455 507 1995 1379 211 1887 1820 87 332 1443 25 153 490 1629 560 631 1163 1469 1670 1781 1517 1737 593 712 1571 56 150 1294 394 363 1843 1419 427 1371 92 103 1292 1671 966 1345 1187 1794 765 548 1473 503 1831 561 1181 1538 1132 173 1489 997 1542 1914 175 1234 187 674 63 599 1354 1884 697 1183 315 1565 509 131 277 1574 167 1215 858 209 1674 1115 168 166 1734 1805 229 70 1934 1349 1803 1687 1619 1686 1033 178 1420 1756 331 732 940 534 1806 654 499 775 1461 670 157 1965 992 1300 1650 1575 1365 1250 425 1456 1399 120 362 1553 198 917 471 1842 266 102 360 1116 1032 340 145 936 529 1722 637 979 378 464 849 1915 36 506 703 580 71 989 950 1024 908 1319 1705 943 1520 23 1318 1412 1199 894 1828 1070 1098 274 800 860 1363 884 708 1862 960 887 1335 1342 1084 1013 37 1395 1145 1148 1339 12 1252 866 1689 606 1950 1736 1138 1042 115 1659 399 693 1537 553 144 18 39 1219 1745 973 262 629 1240 433 741 740 1642 1997 977 111 410 776 873 369 864 1280 1921 1871 350 1773 1043 303 1131 893 1908 480 603 1899 820 888 417 105 1256 1943 146 1788 1572 121 546 477 318 233 351 563 78 1016 276 253 823 1060 21 194 1350 1827 47 1614 718 1009 1620 1676 114 302 946 1359 1004 1273 544 272 1563 1106 1567 974 415 1696 1370 404 652 1406 1005 566 494 833 1135 1072 1437 1568 429 436 292 1179 813 1623 1730 1264 1241 1180 320 1715 726 439 848 1261 1397 1022 1886 771 192 113 1178 1492 1274 1819 396 1741 857 1591 60 492 1281 1476 137 613 2 862 392 1387 1996 1421 304 246 1347 1625 1747 584 1835 1762 1580 805 1754 1912 1101 470 1224 1299 43 1427 1107 1641 339 1783 809 1286 1147 1749 1885
