2000 10000
1853 903
1938 1988
1184 934
365 396
107 471
1408 312
5 1395
845 424
94 1558
231 961
1015 1648
1138 745
294 1667
441 1488
224 981
790 1311
1397 1960
1672 1897
1881 422
1099 786
1181 1853
1275 1376
1688 1646
1957 67
495 414
1550 981
426 295
1468 568
514 1290
1655 1165
175 1102
817 1932
923 403
1297 110
1367 335
1453 946
1166 714
1110 647
456 14
1711 1182
1552 1716
973 1206
674 833
534 1136
680 1126
1877 360
1677 649
1853 1643
1769 1443
502 671
1832 1177
1373 102
1369 421
1027 1628
20 230
631 645
1783 325
1187 480
676 955
1175 1350
699 1700
1604 1230
1673 1241
394 775
683 441
1617 1017
1473 1602
740 1225
392 691
726 510
1609 93
707 1862
1060 1911
738 1090
22 1162
1084 283
708 550
1895 1745
414 928
254 164
861 1778
1837 1857
852 1388
41 1532
1976 1197
432 815
1871 323
1613 672
1902 532
1805 1716
1904 1276
368 1727
1477 1355
1341 1655
647 1502
1591 1677
1977 445
386 1797
335 603
479 1610
879 1106
1273 1534
1693 1850
325 612
809 139
1318 1533
399 60
161 868
1423 1474
46 485
1570 784
1746 373
1458 197
240 1826
776 474
1592 510
1139 1296
1928 788
227 1423
1967 1393
1305 1946
1228 1265
756 1386
370 1899
1718 970
385 294
1798 1691
1721 1203
679 1793
943 566
1495 264
633 1065
878 730
335 656
191 1182
988 1315
1335 1495
1188 1735
1022 757
1476 1467
198 1577
119 1394
1286 971
1656 660
232 1875
1051 12
921 780
1100 173
1488 1092
760 1502
723 1683
1277 67
593 377
81 629
1393 718
1921 1024
1205 547
1227 1804
1280 592
1632 1329
1567 1972
445 982
834 1339
392 1558
1500 721
1011 1305
764 1325
1158 1613
1102 1813
1842 618
1101 1851
1328 24
1734 976
578 481
689 534
1267 164
165 1444
1095 1440
1997 475
90 1680
1904 1901
49 451
1555 33
456 252
1918 481
25 619
267 1494
1470 1946
922 116
1951 172
538 1866
790 1714
918 751
890 197
597 95
467 18
732 1505
1875 242
679 509
1734 1375
1972 837
492 655
1013 1606
1901 177
1846 661
403 1731
1835 1365
1793 1303
1274 1275
193 949
319 848
1554 1108
1530 1565
1392 1148
1208 1255
636 58
561 1469
631 1448
633 1359
1870 203
397 241
936 1213
1962 1861
1147 297
1645 993
1589 519
993 1404
1286 962
968 1583
1485 1875
1536 1193
1880 664
1888 615
513 780
893 1276
740 998
412 1031
1661 1807
1202 31
854 321
158 1928
1409 842
1498 1079
657 606
1007 596
108 606
1185 1141
1955 419
1415 818
475 1065
1644 675
1932 1551
1914 1653
742 1368
711 80
1075 1902
1649 1618
1344 1505
1579 351
533 1595
720 533
1769 138
1846 185
1856 964
1411 1887
1944 469
1851 1820
1564 381
1313 229
389 1052
1002 1573
1204 1632
749 1903
321 387
451 720
1471 77
700 1717
1874 1771
838 1579
1075 608
1320 189
1114 918
1255 999
1484 1174
482 409
1260 844
1101 1776
1313 117
381 1532
374 1446
1516 999
395 368
609 1700
1615 911
546 1325
1662 55
1578 1204
199 1907
369 463
424 1146
750 1830
1513 534
998 1914
627 149
1420 21
729 1775
1299 1444
1271 905
1262 1181
1714 1919
1965 1451
791 871
199 1798
276 78
576 1149
1162 1116
1725 1873
122 1276
1481 326
1356 1051
265 1571
403 350
1090 1844
1582 369
1787 1584
299 734
1190 83
1551 649
1999 1804
1513 1083
1414 1428
1299 170
842 1822
1702 998
1882 322
1637 324
1940 488
1036 1590
1214 1662
407 517
1040 1700
792 945
1737 1701
1081 736
212 135
1722 278
170 1950
1380 892
1958 1021
459 1895
419 1666
1209 1441
209 1019
380 1709
478 1376
1601 1352
823 1678
461 1410
34 1378
998 1855
706 1877
1334 1003
1235 426
678 1554
1192 500
470 575
396 1318
932 318
1173 1344
468 802
937 1418
1694 1687
1563 1039
145 796
986 1669
1712 1053
1042 1750
1405 987
1943 1015
427 58
1287 220
1979 681
534 448
1817 1984
1138 375
559 1901
1662 928
341 1396
38 565
555 929
1502 1754
1012 1849
1088 700
585 605
753 634
38 566
1025 785
1615 1599
187 92
1775 1150
775 12
831 1891
417 1355
281 1713
93 999
1102 1044
797 1579
1400 1981
669 1809
143 258
1977 1421
1255 1670
1858 127
1245 110
472 514
209 1718
1998 1691
398 1469
275 1770
213 369
1548 1202
1116 1329
818 1675
1616 1051
1235 1441
1301 1546
23 1365
1422 798
1281 1657
917 124
1765 659
1755 933
1345 1536
1434 583
1783 1825
1413 1795
296 1036
610 1202
645 190
603 292
738 1165
834 1268
367 1794
1552 402
200 272
1563 1853
431 453
1465 860
522 1872
786 1692
908 1165
1903 379
920 231
1358 1172
1637 78
1322 763
1777 22
589 562
141 1415
1024 10
1898 1939
1748 1654
1375 314
340 93
1585 829
182 1508
276 1661
1458 1
549 1547
1864 519
764 1107
291 595
1417 1177
1304 90
1404 1031
447 249
277 1008
291 998
667 1416
1031 666
195 1107
102 1245
794 103
937 1378
1322 1212
43 1746
211 1192
507 319
69 819
1522 1112
524 870
425 1891
629 852
1364 27
49 292
1925 1478
897 946
1863 1539
495 1101
1273 1268
1589 683
1388 1990
534 1073
186 1119
1433 1435
1332 362
1223 522
1954 413
834 464
526 1930
399 1995
1921 1118
1975 284
1783 67
1512 882
283 1438
770 1117
1297 937
1443 1479
874 1372
1108 1552
114 1941
647 136
507 1427
1944 409
560 883
108 1302
427 530
701 1538
1087 1026
450 1698
581 932
225 86
1770 855
379 1900
308 690
1345 323
994 295
1965 755
512 1918
475 1948
1839 562
468 140
276 1858
1835 735
841 1630
1079 931
755 1328
863 798
1838 1336
536 1924
1995 985
110 1114
402 51
1813 301
1781 15
1709 1351
1302 364
698 1222
1938 1209
708 608
446 1341
199 984
1943 843
602 1277
1945 884
234 129
1792 1107
245 1455
651 791
1617 868
908 430
1676 1717
979 1622
1344 666
333 298
210 1783
1314 1673
1391 1510
1275 1082
1435 1632
955 605
585 709
1972 308
1628 1703
751 1998
349 817
1574 590
1029 1136
42 467
508 1114
1647 1771
588 462
1517 1172
1665 985
427 1362
753 146
312 228
442 212
949 1391
463 351
1836 474
494 1595
1410 82
136 1144
760 742
888 642
249 1265
1729 627
569 1745
260 1275
1447 744
104 436
1978 238
742 557
1364 879
13 890
1889 1018
370 798
186 1627
1263 913
1786 335
1149 1003
129 884
1652 1333
530 958
588 234
1787 638
35 668
482 924
1099 1116
1837 182
1986 40
1381 1493
478 628
718 700
165 639
138 602
1018 160
1576 600
1456 810
1081 1349
1153 1253
1257 1434
864 105
994 846
706 1544
1170 837
814 1248
305 683
155 907
1402 886
241 174
1864 783
1677 1044
1568 1387
581 761
981 1156
501 1632
48 1408
378 247
350 789
491 1738
1940 497
1543 650
435 1127
612 1482
193 1919
649 1841
422 330
107 1459
770 1555
135 1476
390 1606
1461 115
208 624
1811 754
281 1513
819 864
1147 995
1803 533
817 2
1208 1927
1634 439
444 1958
1647 1068
896 402
1139 1944
845 1118
1765 607
1051 1241
1270 1687
696 1207
825 920
1550 1599
1542 613
1078 1672
886 1308
525 1361
1657 1182
1119 1837
1448 343
1649 1734
867 1361
1344 70
520 1140
683 846
920 1801
1475 1377
1216 579
1997 1205
1649 1084
779 1403
1847 1354
100 1348
435 86
1781 166
1119 1527
1588 1210
918 514
776 1928
1596 1048
180 1427
1220 1616
834 1447
1594 1852
644 1463
795 1543
1271 1061
1088 673
472 855
1163 1793
1151 1491
978 1940
1689 571
203 1684
789 435
1339 1114
1613 230
1381 12
1131 459
1897 736
721 1123
941 1914
477 1388
252 518
1735 1255
1366 260
136 1094
1156 1000
1972 1963
452 927
742 1523
1812 833
1436 134
156 1353
558 632
1843 1744
1995 68
395 696
1655 1004
977 1266
123 528
47 633
1907 20
137 946
271 740
1831 1697
1547 1945
62 747
942 45
767 371
1459 1949
1872 73
1568 129
6 1860
1855 771
803 970
803 1207
1886 1142
1848 1279
546 181
1393 1850
482 1272
1143 1982
1523 513
256 1994
641 1333
902 1360
1058 263
274 1012
516 1878
1886 250
277 879
1191 1895
1128 1296
716 1750
1559 935
1953 176
151 320
1596 1928
1375 1238
1332 294
1171 327
16 734
1985 894
479 1258
527 202
780 265
1259 407
918 1307
1274 1523
416 880
385 1520
69 787
1506 897
1 114
1073 980
255 1628
1123 166
1430 1098
422 1772
419 155
212 337
1813 589
1343 183
595 1568
139 689
66 1758
931 249
1259 1288
448 1014
650 107
155 1735
575 1278
125 767
148 1458
1346 1170
1429 488
1767 311
73 631
986 800
1744 69
60 1972
276 1937
1465 386
1795 679
1398 1229
982 1913
569 1586
324 1358
1024 285
191 380
780 987
449 382
1702 1205
1867 194
483 369
1421 891
765 996
160 924
31 1878
1135 1297
1874 96
332 1298
1285 1451
1148 21
195 1473
828 713
525 1424
1638 231
11 1851
1010 539
25 1208
205 1866
954 1917
1949 846
848 351
1068 1956
698 1003
1787 180
900 350
1666 1466
1832 1031
1353 1338
1053 1110
1910 967
41 1958
34 300
274 1715
1767 921
547 744
381 1463
241 1603
1650 1415
1744 1976
189 351
1485 641
4 1783
1701 721
1788 1656
573 1399
1904 194
1573 945
249 48
1706 1156
287 722
74 719
993 546
269 64
1396 576
943 1147
1346 1502
1539 1832
1506 1902
1535 1445
1459 177
521 242
1147 334
480 1149
698 232
1579 1066
1080 27
972 1727
596 67
1331 351
243 686
478 712
487 6
1511 909
1444 1515
1987 72
1022 1076
10 750
331 39
1478 1607
714 351
400 1962
224 141
1452 763
794 1205
609 1021
837 528
1651 36
689 822
986 938
48 132
1443 257
1190 1240
1302 1051
1639 1766
1526 436
1152 1814
1878 1338
1844 148
1409 391
1500 668
70 475
1714 1581
112 335
50 1242
1727 489
908 1188
13 69
720 1443
989 399
1550 826
1568 1513
628 716
960 553
1530 106
1905 1987
1656 1325
1122 142
1465 1004
1552 868
503 550
1637 591
1388 1521
159 1444
1964 1373
865 541
1477 1742
1191 1636
1437 1642
546 1173
297 73
357 1627
1048 1599
1711 878
963 705
1202 130
493 661
288 596
1619 1565
1901 690
233 1757
163 1960
519 1848
248 1708
1874 910
818 1112
128 97
1390 1077
1661 958
1216 589
128 1338
1438 1044
700 1890
404 331
704 1914
1116 352
262 1847
603 1500
755 860
337 1182
1352 1296
1970 1690
4 732
490 967
453 333
1302 879
1536 257
995 95
1597 451
1176 1442
1549 1635
10 1596
732 1279
191 890
1808 1216
1315 559
508 789
1804 1357
1899 1986
943 418
1837 1392
965 1777
786 1294
787 118
1933 1849
1417 896
87 796
1973 692
1760 1598
357 1346
1864 615
1425 975
1687 1127
630 1308
1351 1167
248 1261
1835 1154
922 640
524 1678
593 1256
1906 95
962 1485
1311 1077
394 710
1758 1465
594 844
105 1704
529 1834
1689 901
1494 1942
768 1229
832 1484
1018 1612
301 837
7 925
206 590
1239 57
608 1637
1751 1738
787 381
487 1399
1251 1960
948 376
1628 1810
1510 660
1242 1258
1902 942
1476 1368
689 1586
1135 428
675 1203
571 1151
372 790
669 1940
33 585
1705 644
229 679
2 1033
1309 254
1340 937
1900 1149
33 1226
1400 1954
1956 1104
982 666
294 435
1863 852
384 1965
1698 1066
747 530
1188 1992
631 930
965 1659
1739 1778
505 1343
1872 757
1875 1438
554 992
653 1576
379 1309
1296 225
882 426
1455 232
1490 1903
444 571
1718 125
182 905
1981 368
61 1338
660 475
901 470
1146 997
108 595
1171 1676
360 535
641 345
830 470
1830 354
549 1323
686 1800
585 1080
601 1243
589 16
1486 1994
201 1766
1950 714
1214 340
858 1730
1237 1724
551 1112
614 334
68 956
743 1925
1937 1765
1955 830
734 1129
1851 1483
236 452
1496 1541
1613 289
590 1199
1546 1114
1799 962
66 1387
1881 430
280 497
263 371
1680 742
716 667
1002 607
1607 523
1057 239
1110 100
637 1656
612 1617
452 347
1670 1196
294 439
1620 865
583 478
1938 627
1431 1484
15 1812
614 1614
1325 1236
1109 1136
1753 1873
374 1171
1816 445
1488 1232
929 514
21 1224
663 1308
1942 91
667 1234
1700 1481
1075 1050
1523 1108
586 1392
1342 371
1787 266
1799 1625
1732 122
1769 1176
856 1518
1381 1594
1373 1545
79 1905
821 395
621 1623
1898 142
1651 1654
714 652
485 1890
1696 29
214 634
1321 29
317 1874
1562 1533
1091 1192
606 1599
1249 979
505 823
1837 855
896 89
1933 1163
595 1574
261 874
1796 100
1932 590
468 1290
1039 178
1793 1606
680 608
1317 122
1722 1085
785 1496
674 176
85 1728
1422 296
895 994
1460 1128
1686 448
1184 1418
71 1521
288 1442
27 899
1749 1992
805 1279
295 1936
1945 108
1081 259
1734 293
1546 1912
595 1135
891 1082
766 421
1909 783
823 1224
256 1919
160 1943
1398 1865
1399 1520
1226 1056
312 1975
1811 1732
109 1545
1837 847
577 827
714 1376
719 833
1737 467
540 1276
846 476
1570 1722
129 1932
1126 1576
1172 1770
750 1237
690 999
763 1684
1108 900
709 95
1963 915
204 551
468 1769
1414 1458
18 1994
1657 1599
1161 549
447 1408
707 519
122 1368
1629 283
1341 44
558 1719
1293 755
373 103
215 703
866 886
1903 444
1744 1022
578 771
900 751
1106 340
751 467
644 878
1891 254
198 1074
146 517
42 933
1981 267
1006 1499
443 1946
712 190
341 1309
1122 952
1596 509
1924 1874
1960 1968
115 423
101 1015
330 789
469 1920
506 641
95 938
1944 1066
1369 375
1466 1883
373 1561
1086 1343
443 1651
417 1061
1085 1617
67 82
1092 118
1611 153
1144 878
751 1743
92 1338
902 1435
1639 1406
9 1326
1302 1233
1063 1241
995 1876
1741 1153
371 1529
603 186
1644 1676
153 652
1616 1108
1926 1114
1874 1883
1409 1217
1727 437
1561 994
1573 1660
1077 409
830 698
1884 1193
25 1683
792 1048
1678 653
1227 1531
1143 1367
1847 505
1154 1511
1389 439
1844 954
126 825
1625 381
682 204
513 1493
119 218
585 20
1832 383
1669 729
381 16
1032 561
15 1932
1944 114
101 610
1121 861
1110 1756
1484 1408
581 940
651 1440
1338 588
1569 1548
922 1496
1039 1313
1898 1119
1115 146
470 1981
976 1548
1734 862
1636 1450
957 292
1893 349
1502 1031
1151 1441
1042 440
1390 950
1669 344
904 1187
1569 561
1921 87
393 1981
443 1516
1565 1639
1214 1668
1892 790
224 1272
217 472
1300 1784
866 1125
1289 850
810 17
787 511
852 1706
758 752
1266 369
613 122
915 1750
276 631
1766 200
1274 562
1145 1351
950 1431
843 1361
884 1375
1301 934
1850 584
925 594
1732 5
787 331
46 742
1605 742
918 474
836 345
1871 1488
417 1450
971 1898
1144 228
1728 1556
1454 161
674 391
1827 200
621 1689
1355 6
145 1640
1394 1011
1909 559
1179 250
310 281
1358 1239
1732 265
1711 1435
1962 589
1203 1254
1738 213
1915 1191
1022 1161
40 57
1607 505
681 397
1506 45
1532 404
1756 253
139 1731
2000 1308
909 1428
33 1405
284 585
166 1342
704 1016
1404 1176
137 531
1550 1979
454 259
732 1169
1922 1652
696 1843
1642 805
671 49
1930 854
385 667
483 798
539 1668
347 1658
1424 1367
330 175
1896 1642
503 1825
954 1717
1620 1268
1608 1216
162 635
1453 437
1871 1302
1991 574
860 1326
738 663
819 467
97 1637
1537 230
645 1205
731 1426
1889 1515
821 1028
1619 1258
96 593
519 1771
672 147
449 807
952 1470
837 747
1250 1396
1140 1238
1659 1886
546 576
53 277
46 28
1342 1695
1215 1047
661 749
1902 997
483 1266
525 1867
1395 1406
794 1278
669 889
27 949
258 353
1563 1635
716 70
246 1454
759 1663
1195 1732
163 283
1824 1180
1394 246
1060 1040
1743 1807
1097 1178
1621 173
1372 1259
1965 1078
559 1369
1632 718
1126 249
411 1631
780 254
1687 1151
1705 106
1011 398
1641 1680
830 823
201 1129
982 1081
827 1144
171 1019
1663 1123
1328 1640
535 486
322 1744
222 1838
331 100
1678 552
596 1402
1941 446
1374 137
539 1219
277 1487
1536 1299
128 977
58 1870
1990 1446
1223 1937
1063 1420
48 313
1821 1699
720 1801
577 1452
1012 1625
562 214
1203 1043
133 1692
944 1713
932 1749
1242 1769
1641 591
737 840
879 687
1695 359
838 371
1301 921
1451 291
1523 1373
431 1120
301 1012
514 713
1359 1336
1333 1616
1848 1725
1300 564
284 2
278 809
276 1352
392 1721
1010 967
729 658
1087 686
166 1170
1211 1789
1508 413
1892 984
1731 461
1347 1625
1923 635
1520 1869
1452 1182
1044 956
1952 1394
1322 503
897 477
1653 509
822 387
1618 296
543 1520
1485 971
189 1885
1418 948
1859 864
68 8
1484 18
465 1625
1454 1710
374 1125
1490 171
1371 165
1976 1151
332 1171
29 553
886 334
209 476
1858 1733
1958 1419
296 927
63 869
1991 749
68 1807
369 1124
599 433
1328 334
1133 1715
226 480
222 1909
1365 1222
130 1138
2000 139
973 1561
1684 791
652 978
837 942
1593 572
135 1638
1333 1407
1134 1471
1578 1304
870 863
188 595
415 27
90 1579
470 417
544 1110
1797 1347
193 54
1640 1121
1332 803
1082 110
809 19
91 1198
362 407
1855 255
296 229
1800 1576
1234 157
1806 1590
1905 1339
287 1733
1100 1950
782 615
896 907
289 1032
683 743
228 1957
871 1590
1768 1448
953 1351
1049 1431
1906 1860
332 149
876 1080
1288 821
449 1626
767 1697
1176 459
1560 926
1805 1897
1153 402
1826 111
567 1238
828 9
1671 827
133 1878
1420 1579
588 1929
1108 703
1966 1982
551 1251
279 1066
871 1022
1072 301
1574 1200
1166 858
808 1924
214 1412
1993 1527
1125 178
1134 1764
353 215
679 1197
177 901
197 1295
77 169
1080 817
1814 912
347 241
1594 1667
1689 1307
902 252
759 1838
1612 184
301 1144
1306 281
520 1470
1117 349
752 1051
1905 1401
1736 344
1160 246
1507 1919
104 85
189 596
1444 660
577 180
818 1063
1961 1300
1938 1878
197 1922
1065 1469
1613 859
1457 1522
1341 1282
1553 475
1406 1437
678 1344
1340 1256
560 425
1225 1330
902 1470
784 1309
1573 1531
1955 722
1300 1889
391 579
268 1891
947 224
341 1719
1182 236
904 370
1517 542
1781 1018
70 59
979 1400
1547 1746
1688 1565
531 185
1297 283
1209 249
702 1781
183 72
1144 992
1521 1972
1222 859
420 1781
126 1695
776 1989
9 1651
414 1501
1987 611
239 1245
804 1464
1822 167
1202 1238
930 1489
687 514
429 171
1624 1144
1150 531
1123 1097
270 255
259 1360
58 1661
945 1154
1869 162
1757 429
753 1971
171 904
1677 1843
311 36
896 1143
967 1091
789 1683
1744 1861
1160 1045
274 178
1524 1934
1243 1128
1998 1085
860 334
13 1249
1541 430
1836 578
1847 529
322 1028
84 1680
768 1371
506 1822
1897 1874
375 558
17 1687
1033 1692
1916 1555
1424 13
514 545
567 775
1073 785
1277 973
1896 1463
215 1878
1824 815
845 1639
639 982
217 1651
1725 1360
410 1687
612 1853
1777 541
1447 1590
1715 1791
1440 1571
377 206
556 121
1232 291
202 101
1539 28
1386 1704
1942 553
80 222
151 1944
403 1688
630 1971
307 848
1720 1466
1242 1847
1258 1423
915 1879
1762 1515
236 653
96 1035
16 1678
1440 361
1613 115
722 1592
1054 867
1481 663
50 139
900 47
190 1608
1710 1564
464 1620
1160 1263
1867 1878
916 1371
978 1493
1163 625
1964 1013
1294 754
219 364
173 1893
1818 1441
1697 604
1751 734
1217 448
214 1342
1829 1327
101 1762
1755 1522
875 1961
1216 479
1703 415
210 743
1526 1049
1578 1365
1922 1789
98 1522
1474 1399
1197 1318
1079 639
1517 1194
664 385
603 72
572 793
1809 1324
1576 42
1721 205
1520 1124
31 493
1944 1636
1495 1975
1420 1932
1812 461
278 1763
144 494
953 1064
830 305
1527 634
782 107
910 1271
1667 958
290 1578
446 1676
1057 1170
1900 29
758 1410
301 1219
1828 1575
1394 1294
766 1376
1348 1312
1659 713
1276 1159
37 753
370 1542
82 1688
1224 991
1015 1139
990 1636
1333 176
134 827
570 1106
1707 72
727 679
999 31
87 149
826 322
266 431
1176 617
454 1870
1023 180
998 565
495 1019
1766 880
940 1559
643 1726
969 409
1833 1796
1320 1667
1783 759
481 1331
1599 1481
1824 1398
364 1527
1519 1943
1911 1170
126 772
939 1974
810 863
823 822
1132 1991
720 469
1978 383
78 1153
1919 1068
1138 1392
1149 1434
1561 96
1722 1743
447 891
1231 609
989 40
617 565
1219 1299
1491 794
1444 610
700 1066
1130 204
577 1179
1943 156
1570 815
1717 156
401 1995
1814 1072
1798 1588
2 1094
1531 1234
340 1862
1090 300
1118 288
1368 852
1028 926
1025 1204
1397 1150
759 212
289 619
715 974
645 540
1913 1151
290 943
486 459
94 752
1280 1193
797 1668
1927 1030
243 1652
526 616
1204 494
902 1447
920 1251
1048 366
1795 673
1792 1036
1949 621
597 1118
1654 1118
969 164
914 675
1313 1990
115 1369
988 1129
655 1122
57 1407
983 1295
1640 157
701 1873
88 1256
362 1633
590 596
977 318
1562 1456
266 1247
1090 250
1591 192
1442 875
1459 532
220 639
1162 495
1663 1231
818 784
297 1600
1903 1269
1489 1400
1572 78
1255 1647
951 1661
1152 606
1775 129
880 1532
79 57
762 694
167 41
888 1528
527 259
1852 1875
709 1555
1881 1790
14 223
1383 1172
1423 1135
539 804
1412 1025
1141 686
1167 1222
140 1036
42 724
264 1754
981 420
1922 363
1622 1799
1492 1735
792 1514
1176 1734
782 606
141 1406
1603 1877
150 409
708 1747
1560 1883
327 1806
816 724
805 1459
1659 1101
1802 1461
925 1154
1721 75
180 380
661 1627
609 1832
1084 1881
1557 1811
170 1174
13 1630
1232 1960
919 1746
847 4
1101 685
280 1757
1999 1549
365 1836
1714 1802
1867 1825
1242 1141
1124 88
1954 1716
1025 1906
451 1454
808 714
555 585
326 1054
1665 197
157 674
660 980
1193 1326
1071 906
1895 1042
91 1149
865 1095
681 1562
936 1536
1357 163
871 719
717 1606
1452 927
516 403
1186 8
289 1221
493 1525
1973 1954
394 958
1252 1523
477 1211
766 115
358 939
732 1891
958 1669
1548 1291
921 1969
222 668
608 828
1634 1316
790 617
119 1535
1104 1422
1293 219
1168 966
218 608
1109 327
895 1969
1587 21
1739 1023
511 977
1397 1901
474 1961
324 936
75 1396
1203 159
1635 1348
1185 301
1045 155
899 373
1673 1361
1502 231
1869 981
272 1069
1490 102
1689 482
1910 1775
1066 1796
751 1932
210 1510
1273 313
1051 1870
1477 1750
1558 715
20 123
961 1143
821 661
1870 1014
1779 1795
1379 1261
951 441
1800 1066
1917 975
1600 416
935 95
1787 451
368 1406
243 1492
1178 184
659 98
1830 559
457 1366
1747 132
56 674
710 1334
249 1666
1525 50
621 504
890 1338
1416 1739
1398 376
543 1474
1749 1251
749 1003
796 908
1690 1571
841 754
1704 940
1215 259
1727 1451
382 1218
1704 1129
1842 739
441 1720
1086 424
755 531
710 623
904 817
525 325
435 1049
845 1936
1338 1371
29 1019
691 932
1424 1008
1626 660
1543 320
379 1174
1474 862
104 1727
270 287
1886 240
1025 489
1811 1600
877 33
145 1256
1934 242
545 1584
1801 724
736 1567
1956 1060
992 729
954 1970
1043 1569
1783 1787
1469 744
890 1944
386 305
1948 520
1531 1694
1870 336
12 1320
1774 1642
913 1190
1705 1230
710 245
1041 1219
463 533
1357 288
1930 1312
1137 6
1158 85
146 523
812 1531
1364 1063
1124 815
1563 1613
321 54
110 1347
212 1853
83 951
1573 1071
1455 1285
366 517
1411 223
1614 1100
862 582
91 17
550 1941
1495 884
313 866
34 553
958 1411
1481 400
96 968
755 204
900 1894
1367 84
392 1680
1860 828
199 1050
517 154
486 1024
1379 1593
1347 1761
802 716
325 989
1127 172
1054 219
1555 482
1487 18
1861 1655
957 1742
322 1412
1208 604
1287 1149
111 1577
691 674
857 312
523 971
888 307
29 419
1214 320
731 825
939 194
490 701
223 115
1605 1767
1923 1839
932 620
1207 1864
160 1140
608 1228
1676 963
271 517
951 419
1512 1504
1377 1036
1108 477
682 325
1964 1745
1532 1587
1898 1390
433 1370
1423 810
237 1308
1451 1524
492 1956
770 796
1702 2
1721 6
1036 1884
1115 1718
444 1273
1279 707
705 369
1358 385
1136 1012
468 654
283 1523
380 1346
771 1853
380 1415
450 1239
200 1434
1960 216
385 297
1994 487
490 964
970 959
701 671
1642 1977
1923 1756
701 1089
1566 293
1182 1415
1594 685
34 598
1344 905
1791 101
680 1641
951 1521
1882 1903
1622 511
309 1163
1283 1579
357 971
1858 984
159 436
710 1791
491 194
23 1913
577 943
1395 1489
1646 1618
966 1548
1517 898
1811 1921
1010 1754
1168 1109
1685 783
283 564
1693 1048
703 1939
1341 1243
1153 1217
1500 654
1397 1174
839 879
227 408
1464 35
872 52
569 826
437 1580
11 1870
1737 13
656 1124
1956 329
1744 159
474 1226
1157 773
1570 1589
993 968
313 1385
1088 325
1068 1606
570 21
46 1842
425 1840
863 403
1955 229
1138 1097
1382 241
1114 485
196 741
464 1734
958 975
767 576
1007 1206
6 1942
390 1844
827 1695
40 180
628 389
1268 1074
1813 249
1766 203
622 1035
966 1133
825 444
1661 771
677 1445
593 1836
407 1270
1797 495
276 1031
1738 1455
687 1693
696 298
431 1223
871 152
1433 1676
1455 1056
1395 22
612 1461
964 260
1876 1593
489 613
1811 72
1470 130
750 1653
623 387
880 1626
1438 920
1967 565
164 1637
854 409
1998 1094
1879 1506
1591 169
1226 692
667 69
499 1475
1584 1103
1984 665
1493 1572
1993 1371
305 628
270 54
1632 1800
879 16
186 73
1743 1313
1125 205
586 948
1512 409
490 1801
212 1422
1631 460
1745 1500
325 1700
1196 33
282 878
104 354
958 1804
805 1091
318 376
784 1916
1963 545
1078 53
1806 1091
1201 660
815 899
60 767
366 970
1782 129
119 747
882 1998
1957 1556
1582 50
388 1548
1295 833
1053 719
1598 2000
464 1443
1697 675
694 1403
667 231
430 261
1283 507
625 1434
960 1864
1262 688
1043 1533
1701 399
1715 1013
635 776
134 1153
1581 534
1697 1965
1231 645
543 396
164 946
1300 184
1953 1067
1184 1938
615 765
1693 386
819 1022
1050 904
1852 44
1440 20
570 934
466 297
350 249
1961 493
953 652
964 1592
1129 144
1477 954
1345 675
384 104
24 1482
280 324
1893 1504
1127 1855
27 519
1425 109
1622 1520
221 893
1377 1835
711 917
1819 440
1115 1709
341 462
710 1639
488 1542
121 34
1530 1842
1342 1133
1863 406
147 324
1961 519
1082 1926
532 526
1335 1238
1011 1661
592 1624
634 182
1020 167
1164 752
1756 1312
1121 690
973 544
219 1284
1299 409
588 523
929 266
391 89
771 782
131 1085
1297 870
1045 443
1833 1058
1865 83
1108 170
1210 783
1359 1239
713 1914
214 701
1275 944
1539 587
1318 964
1989 1091
1306 1312
1501 1863
878 1478
409 721
968 1837
604 1983
585 565
1274 870
409 848
530 1493
488 1404
1005 1073
914 1681
609 501
634 1257
1705 1617
1618 1525
1921 551
826 1626
497 681
1697 57
344 1196
17 172
358 1945
1172 1968
653 1269
1630 1082
420 279
122 1997
744 1514
723 972
1583 1937
1474 515
1849 1852
961 1870
1276 930
1253 1557
1066 1467
245 543
1450 1914
919 1745
1500 434
416 1568
915 1648
1785 1884
1347 222
667 724
1852 805
92 170
600 66
1627 1831
887 573
1992 733
819 1488
89 1558
190 557
364 58
46 1882
1029 1396
265 434
755 1461
998 1348
858 1241
1449 618
581 47
1601 703
1655 1538
1824 521
1144 313
980 877
1478 1601
1136 1783
1395 1961
117 1536
1114 1958
1202 1262
367 308
157 1279
1988 1854
919 1302
44 440
1841 1570
1613 1108
1012 818
1139 1715
381 281
1359 1310
982 1758
775 1662
1394 1665
1035 1489
378 491
1212 1860
1830 1780
1613 1233
1351 240
436 941
1118 801
1545 802
528 804
259 1237
757 1214
76 1053
372 944
1622 1327
988 479
1293 1434
86 57
395 194
1138 732
1759 997
271 529
1646 25
879 620
1379 214
646 1743
302 1110
434 475
261 1467
1106 787
1152 377
679 1941
1713 491
1681 987
64 234
171 24
1386 1206
317 540
584 1325
1149 1986
557 1982
1794 2000
1002 1705
436 1979
1333 1798
513 1496
423 147
1255 993
461 68
1689 865
1153 1999
639 1955
1317 776
1780 840
579 1969
178 756
265 450
1302 1959
18 392
1772 229
1085 1016
713 245
1208 1673
188 1969
973 1327
616 1049
1481 1062
791 987
535 1382
200 468
62 274
1434 1169
911 1708
1975 1111
370 260
1902 76
1421 1556
1611 36
1536 1353
57 658
1711 183
473 1297
1194 850
147 1172
1835 1079
68 1188
1739 780
1675 1446
566 794
316 1077
91 1592
884 379
569 1949
435 1692
1995 1776
431 731
966 1760
1659 571
103 1481
1354 1579
1388 96
33 1328
701 501
142 775
157 1764
1736 1891
20 1792
558 832
1824 1440
9 369
407 1070
403 936
741 554
680 854
831 467
1404 899
810 238
1076 863
73 440
1354 1774
175 608
253 1035
753 789
579 400
255 900
1960 1743
1947 398
1410 803
126 1391
1349 126
1020 61
1191 250
440 415
594 1200
1966 1484
194 1842
471 635
435 1828
1085 1858
1986 1592
1863 1391
682 1832
299 1074
1049 436
898 1650
685 1737
133 897
1258 1444
1369 229
19 613
1407 1665
986 451
302 1476
948 1343
494 1408
1657 1639
1440 1738
591 1238
944 1748
1742 861
1203 1897
1100 1288
1040 1647
1762 1343
1176 1438
1856 1294
1114 854
1033 797
1001 238
114 41
1926 45
791 1877
287 1631
1249 852
729 18
511 1019
416 1352
1929 429
1304 971
228 590
649 49
726 239
707 597
352 1641
799 350
1210 1534
1258 1837
1811 993
1062 1450
753 1856
882 660
1401 1216
1739 1716
1824 282
1068 161
560 402
987 1288
1557 1198
1368 870
512 1653
1217 777
1935 1646
745 1939
1456 1510
660 1014
1180 1792
1971 495
1878 1426
1758 1373
78 1298
1551 288
491 1293
1369 1037
1777 559
1487 1109
1668 1035
1341 1317
1840 916
1567 900
960 1352
1284 292
120 1117
1104 1129
137 437
1662 1811
1986 1390
1747 438
216 1921
1212 1108
1160 1547
1984 1498
1980 528
1074 273
1387 1143
1726 939
820 1612
1625 1950
604 718
50 106
1981 1670
1809 1974
1769 287
1169 1332
1510 461
531 1631
1809 1694
827 279
1358 331
1362 737
388 1708
759 1863
1828 1763
443 1730
837 539
527 708
1512 7
1511 163
1253 1587
398 335
1934 1569
1608 658
102 673
102 213
712 1869
993 1748
262 1404
174 697
590 676
1213 374
1761 1146
616 1218
696 1016
1893 1193
1197 713
260 491
951 487
1414 1612
154 461
1951 1618
269 861
1960 882
860 613
1236 672
1928 800
1559 1006
794 181
1489 626
261 976
1945 981
1737 1027
1101 380
167 1241
1880 1619
198 1602
1473 821
1328 1603
1939 789
891 956
1506 599
955 1105
557 1328
1878 1028
1255 1886
1074 1787
562 1493
1675 410
1915 909
1154 1504
1326 1075
709 1323
985 428
264 929
746 411
677 1198
812 1105
1844 1422
499 816
1902 1152
56 358
1525 1031
1212 1646
1704 281
754 1612
41 1921
491 1218
1121 1531
597 1176
1610 839
1077 1822
1977 537
940 55
1272 114
731 1982
1563 1894
301 1359
268 1783
34 1495
793 1907
656 279
1029 1733
1655 1626
731 1223
1975 794
66 1051
607 1286
716 538
1661 1040
824 821
756 936
1455 690
1216 1944
1463 1796
1044 1710
810 262
1721 308
469 186
1343 929
1804 1557
1062 1752
1961 461
264 759
1351 889
90 759
920 17
615 90
492 1696
1247 543
1063 667
1715 879
1088 963
805 1539
1238 780
915 1179
879 885
1855 1864
716 1964
1027 250
1915 799
1943 181
1596 77
1444 1732
504 331
1869 1795
1322 651
1162 249
81 210
541 1972
1506 675
860 954
361 1345
357 1903
1958 1631
301 1886
326 1651
1132 432
1841 22
1826 603
854 702
674 1097
1785 1578
1170 291
1051 712
1381 1442
925 1624
22 1921
784 1162
1085 598
1901 1855
708 666
1661 729
892 58
959 1382
1187 1031
1335 558
627 24
1515 1892
938 1789
1232 1426
1398 65
199 1874
374 1116
344 1211
273 759
1972 839
1835 1645
1253 23
1592 1323
1541 1191
1173 527
1514 1450
743 118
473 524
1246 638
1741 1047
1547 350
973 1888
1565 1413
739 150
1178 1722
613 1760
22 1757
57 1700
46 1867
49 179
797 1967
719 1563
1355 626
1553 1709
994 275
1101 1427
1932 1429
946 1299
84 861
949 1765
1921 310
77 758
949 1904
1467 1112
328 846
1414 481
1531 248
604 1453
1266 1966
634 560
466 697
701 341
1807 289
172 850
107 1654
525 751
1336 1518
629 784
716 1128
150 1966
1907 1224
1684 1103
158 1809
1824 1788
1601 519
172 1213
646 1651
76 1142
1432 1919
807 1892
1457 1885
438 1710
738 520
1488 472
494 1794
1851 237
409 446
1716 1792
875 1
82 219
1410 860
1528 868
156 535
1915 52
1726 1582
791 114
1365 659
1336 665
1113 1621
617 151
833 235
752 1548
1418 1819
1283 46
1584 1041
1612 1901
894 947
1926 1540
367 1168
326 1593
733 189
641 657
109 763
1455 1809
1079 397
261 1752
238 1281
1310 1705
997 364
1025 1543
675 1991
37 1804
983 1524
105 146
228 567
537 300
1731 1227
1780 812
918 550
210 1976
1884 682
839 1061
435 167
1733 1426
130 1148
632 1701
1808 1622
348 1903
1291 1580
1852 1315
1614 11
660 1378
773 1810
1790 1908
1023 854
1074 942
47 531
1229 601
88 1855
1366 401
519 1917
1211 923
1513 1040
1387 1590
1536 98
39 711
800 178
1791 1705
174 1108
1693 966
165 416
217 469
433 242
1631 1983
1815 1599
249 1678
1018 1266
824 1527
1053 1566
39 91
560 1146
1461 263
97 458
112 1677
286 1079
1078 1386
36 172
975 1150
1856 1529
240 1227
888 409
527 451
1762 577
1319 47
403 1363
1584 1916
1879 1311
363 80
1701 276
568 575
827 940
1432 1330
1888 702
1989 1284
746 243
545 1989
1037 11
1449 1828
1987 27
844 473
1243 1506
484 545
501 1050
1271 1309
1593 416
1892 1109
1081 206
810 229
737 460
827 959
628 1879
392 148
1225 121
1637 1446
1134 1469
1551 1414
1373 110
1995 157
1326 292
251 843
1835 32
711 1459
1884 1476
416 701
577 807
841 51
1912 245
586 1177
1892 1659
1132 1640
644 394
343 599
1178 121
1494 1468
1735 23
1103 1387
1805 137
1316 870
849 711
1147 849
1656 1789
130 1908
546 1245
816 752
1468 1918
6 1149
1899 1300
1540 650
986 1103
38 1466
1311 1017
504 1020
1400 59
1351 1529
1019 948
643 1903
704 1762
234 371
907 201
988 1023
266 372
541 1535
1070 592
1154 1861
1849 220
710 338
863 1677
1025 782
1485 546
1638 6
1874 1245
1535 355
1817 1394
1671 1937
666 1201
678 121
1513 1126
422 1967
344 1176
1624 157
16 1933
774 1396
983 440
1530 1650
619 855
1047 366
1190 46
1904 1366
1952 1183
1171 1053
1822 1693
1745 460
290 842
1534 1744
957 471
1290 231
1195 1066
677 127
56 235
1368 27
1911 657
1716 1009
1184 935
671 260
1440 1855
60 867
705 1315
736 1953
1798 480
573 1935
1468 240
1308 1549
279 594
1463 1236
1056 1201
91 1548
195 1352
1412 1575
1772 1980
641 1874
1600 1001
1505 825
1147 503
499 1159
636 605
835 904
434 1753
259 1364
1608 1367
316 114
408 76
655 4
1079 1541
278 1581
638 929
1344 728
64 1601
29 743
214 31
724 639
1928 979
1440 1996
899 1069
489 1440
904 1380
175 431
974 1851
1781 582
1420 1546
1062 929
1878 199
999 1984
1587 34
991 755
1531 1002
966 471
1078 1187
1502 1441
554 609
1782 753
277 777
1179 498
746 1983
790 1259
685 1995
353 860
1930 460
179 1079
1711 1550
947 191
1049 515
336 1134
358 8
1041 1680
714 1902
1619 233
959 623
1786 1717
1533 1655
1808 1710
1125 609
138 808
1893 232
912 403
1388 320
866 1770
851 1103
781 366
280 1973
845 1190
66 1888
800 436
1403 372
74 103
621 876
1507 99
1394 1325
1849 671
1105 186
1515 58
197 1130
1825 1113
1574 958
282 839
25 1866
782 471
800 26
431 872
992 1866
856 1394
1445 836
141 1527
364 1688
855 1203
553 1172
751 1456
1391 1481
449 102
679 1078
1643 772
1621 1879
1883 856
92 1837
553 42
553 1194
745 229
1012 1876
214 702
1004 357
210 928
23 1681
1980 1123
422 322
956 1801
183 1593
494 1868
1260 674
162 1038
192 1409
1219 1306
254 302
1821 232
530 540
184 1662
303 1711
1806 1583
2000 1768
1768 995
1375 1783
173 1834
1286 1839
603 1709
817 1135
1226 217
871 1301
1372 668
176 1912
394 489
1562 1325
1998 460
1584 1430
94 1822
1528 492
305 1141
921 690
1146 90
1996 1341
733 610
1027 1064
1910 479
740 1503
371 850
1881 612
1237 567
1126 36
227 1262
1988 1537
1126 169
1445 1583
1450 471
1303 445
1296 1638
1390 1995
286 1341
554 1008
135 1040
4 1398
1475 684
1698 1975
924 661
1177 158
1149 539
887 216
331 1512
1042 686
1416 241
126 196
127 1141
62 179
827 1291
1745 1450
1051 939
67 1395
427 8
528 926
737 1664
1614 64
539 1023
753 182
1554 1004
1459 1393
550 1125
417 1901
787 293
740 855
1603 855
1251 52
1820 1634
59 535
200 777
1799 1878
1259 1748
733 87
607 413
17 1471
1883 952
220 977
1255 193
791 1919
244 347
1051 1843
1871 850
51 162
122 521
954 1641
1061 1112
1496 38
1507 1759
1957 442
1560 1884
1969 1457
1778 1203
1727 162
699 1830
633 797
1281 1180
325 561
1210 92
668 338
1912 997
547 759
194 1772
543 1673
1873 998
340 622
1429 1075
1911 12
1844 288
1931 856
219 1
1558 294
1565 1104
1943 778
575 1793
805 448
1947 1427
1432 669
989 1624
1532 3
1269 1221
1306 132
1551 1871
1234 811
73 1523
1803 128
259 820
345 1034
1756 1868
1689 607
475 1330
372 1916
1615 192
818 895
1272 1323
198 120
890 1409
1957 1780
1443 13
132 351
1662 157
196 965
212 1022
1665 484
1908 1109
425 999
1197 1087
1591 1182
816 1110
802 385
1541 728
1092 117
1312 527
1178 88
1428 961
1206 142
636 980
533 1387
256 36
648 1312
1665 202
1392 28
1377 1449
92 1719
1014 1294
1587 1205
512 885
220 1536
379 212
1493 368
1878 886
1994 386
279 1712
1656 564
671 1734
585 1816
1432 1903
220 1693
519 1534
2 1421
622 1237
1518 1321
482 91
1093 489
1966 1134
1578 1774
135 292
128 736
1909 1554
112 417
860 29
909 1006
1940 1090
1257 1169
1283 1410
1341 1565
585 1593
1502 767
863 281
574 1807
515 419
317 1103
601 345
1238 1938
909 52
1835 1340
1874 579
479 1761
1693 1864
204 928
328 1562
1202 657
1926 583
1071 1229
922 594
1648 1526
1955 943
1180 1853
1184 1230
1017 195
278 1161
216 581
869 830
120 1928
270 1793
315 1363
12 100
565 890
1783 1141
128 556
712 1496
552 756
473 392
692 735
1189 509
365 562
1619 974
783 27
950 298
722 1060
1714 555
335 1297
1860 1420
512 929
463 477
1894 945
1001 957
1581 1999
1694 744
1769 543
132 977
1032 1850
1778 126
273 1044
1754 583
1029 1065
1049 416
1028 1080
1884 793
796 1667
1703 37
458 850
1814 1257
868 1264
1246 1033
1057 1330
1213 1172
258 113
1347 1735
1024 1940
168 486
71 1134
1862 271
1971 547
1526 851
1045 1472
358 1618
1142 1993
257 446
483 1650
846 1119
1724 1787
461 381
941 998
559 80
1075 1060
1601 240
660 1371
1541 1605
643 814
233 1373
1726 131
891 1674
1493 608
375 930
45 1374
1549 1427
748 254
680 1576
1444 1803
9 1398
212 1985
69 752
1610 611
1411 820
1191 1526
508 614
939 962
839 344
112 94
777 260
277 1123
1812 844
658 758
275 477
1618 740
1826 532
458 1098
467 1420
1861 210
219 1258
1623 839
1174 1522
1673 792
1265 48
1853 613
1094 826
572 1667
1515 1873
915 338
347 43
1782 637
1078 1405
1327 913
61 166
1840 808
1774 1041
426 124
583 815
1790 1025
1653 1725
1575 1594
1360 304
738 1083
1716 1831
305 774
1637 1967
1639 1022
382 1156
1287 1456
780 711
1007 813
1455 1459
1870 300
1119 678
222 823
1760 1927
1334 1229
142 177
1664 1928
1276 1730
1021 1650
1840 440
1326 276
1264 695
507 1708
276 510
943 725
918 1156
1908 1714
1252 897
60 1777
1777 1291
1604 1048
1704 1867
1034 31
1777 133
1846 843
45 1667
422 1038
93 1683
885 1699
1962 1317
256 1481
1477 1548
1753 1746
151 152
1487 454
11 338
1881 1377
978 1406
1456 1860
908 1536
134 1790
1501 1803
27 937
343 1373
832 1058
664 350
21 938
1855 1675
148 308
1932 1489
322 186
653 1471
1494 1367
1765 1736
725 923
803 1027
1614 371
117 1180
364 1018
1901 1168
979 482
587 122
798 978
966 838
906 1211
565 877
123 58
761 843
656 796
103 1948
1712 1058
1896 536
186 642
1450 822
890 255
1469 1533
509 513
1326 739
1685 1016
1089 693
331 794
990 159
1938 1916
1965 1315
211 1236
541 968
1878 1824
1008 569
1547 608
410 27
1536 958
781 1729
901 1083
377 1820
1720 656
1646 1491
560 1477
1777 1913
1532 1961
1195 1006
1545 310
763 1967
857 1280
728 1596
1639 234
961 1957
77 58
905 947
175 68
1083 1389
9 58
1731 980
293 1168
23 1890
9 1448
423 437
971 1420
1444 1610
20 1249
630 884
602 1149
1460 1067
1801 492
1743 414
1102 840
551 1637
1708 1610
1612 839
1524 588
743 1050
993 372
310 418
1413 5
1196 827
1967 220
676 1424
179 596
1293 388
1440 730
907 429
1702 848
1817 62
1498 413
1032 483
985 232
411 770
1686 656
846 239
1950 507
745 737
598 749
1053 1582
1431 1213
975 794
1040 886
297 131
299 1802
288 718
1950 462
1790 956
280 337
744 277
1125 1255
1312 1718
1858 1187
840 615
499 1286
103 184
255 48
362 1905
1362 738
1963 1138
1560 1888
812 969
1095 860
1563 913
1583 1527
426 1421
970 1511
1645 1928
1670 1729
1753 1484
823 151
1317 1697
105 26
376 54
1875 808
1880 1103
1252 204
1841 1486
1246 1390
74 1431
623 1821
1370 1011
1347 1731
1911 703
1475 132
110 781
1093 1034
595 634
1462 949
81 1881
545 91
1890 1248
759 1844
1888 1476
1909 669
29 1826
1039 1131
523 1606
305 1590
1678 1427
1623 516
712 1664
307 1562
227 945
1203 1650
1045 1029
995 299
1905 244
42 1273
178 161
675 134
1186 186
449 1532
1146 1636
1842 1185
1612 1742
305 487
1090 977
1660 1370
1580 995
545 941
1588 1783
920 296
219 956
954 1009
27 788
364 1316
1157 667
991 249
1093 611
1504 1610
1614 1914
1088 458
1816 789
584 1088
114 1122
1788 989
1962 301
1432 1746
32 298
287 737
326 1583
258 1389
475 1479
1460 1183
1356 499
744 1630
434 830
1540 1735
1468 1809
1655 1105
15 1135
1215 1770
359 338
235 1317
1385 929
1155 1104
630 565
1209 826
905 373
578 209
1660 1658
1431 147
69 650
143 797
459 770
1862 268
170 233
1258 613
60 189
266 1721
1598 234
823 110
1152 1722
911 1302
240 546
1762 1567
459 982
1489 977
1161 1240
1109 1676
1496 916
279 1503
1411 1782
1388 1011
840 1120
852 1335
1502 765
1590 1333
1434 771
505 312
355 337
588 1526
383 1955
156 184
1531 943
195 1002
1620 1756
1311 826
1372 217
741 1757
1942 1561
720 1921
332 1914
1688 920
1921 428
571 241
624 1326
1457 414
1186 1920
1424 712
25 945
157 915
1100 268
765 1746
1879 494
387 355
2000 199
1595 433
431 39
87 107
1051 675
272 102
1559 1707
319 1623
1941 782
1594 108
231 1033
249 1512
830 1916
753 1935
277 709
1653 1018
1981 1306
236 861
1224 1298
817 1256
1369 1383
707 1031
1779 1922
327 1798
1862 734
1668 1797
1417 1809
61 1303
279 902
1433 685
1529 1075
801 1777
665 1839
1906 1259
1660 376
683 753
352 1053
1904 871
1515 692
606 862
1380 669
946 1762
1907 1346
74 921
1106 810
809 1249
421 1722
1923 814
430 1189
894 1797
317 1816
1935 283
1300 716
1568 1247
1057 795
1129 690
1017 1607
1444 1404
608 56
309 1824
1742 1936
1762 389
1954 1046
1358 1883
1044 1002
1036 1501
159 1084
1290 126
134 731
1541 1867
1185 1978
220 376
1485 809
1258 508
556 603
700 523
39 1752
1446 216
1385 1139
1590 1474
334 70
1495 1008
343 470
1144 1690
346 1151
547 1243
1283 256
1794 993
36 1597
308 1304
1386 752
1953 835
1924 1281
615 176
1357 1334
840 1492
427 1140
692 417
1978 969
49 773
820 952
1468 1499
1994 953
1379 1275
1393 825
125 1703
1878 1501
620 1362
1438 1478
575 483
1008 1959
1578 161
267 398
1836 1566
972 574
1162 1519
747 1449
720 1484
1342 1147
643 1071
1771 209
429 939
1456 212
1003 855
1202 505
143 1182
1260 380
514 517
1674 412
1493 222
860 1783
584 703
934 1550
1229 1624
504 125
1011 426
1909 340
1232 962
704 1357
573 829
1943 1112
178 1436
182 1234
1680 1617
882 1235
1524 1718
1736 846
786 140
1748 1502
1676 790
1532 630
894 538
1522 315
780 1024
1503 369
16 1102
317 997
226 1752
889 112
1767 1937
453 704
470 1238
913 244
1292 708
1819 351
1289 1620
1193 398
1623 351
1615 704
1478 1879
1509 1715
644 1539
162 992
1894 1710
692 778
1782 987
1383 386
648 947
274 1481
1194 835
1093 717
10 1956
112 423
1953 1850
587 1802
1160 1059
222 1658
552 1172
549 1605
468 54
936 654
498 1497
103 1086
1573 891
1045 946
1732 477
34 972
789 1059
424 1435
1438 1369
56 1092
886 981
1547 1285
269 356
1951 1088
159 1411
1545 1194
885 1280
803 578
811 572
1618 955
286 814
1723 217
75 1207
411 924
310 1281
1517 1628
1318 1122
1083 252
246 1849
302 579
307 1332
1019 551
1916 104
411 616
26 438
1491 1994
1600 1341
97 954
502 659
1904 657
1589 1953
1702 1883
1713 1864
1009 996
1073 1917
497 979
1453 608
200 1779
250 240
580 1352
283 226
1715 1548
73 1990
1156 1704
702 1753
1436 1775
996 1035
652 1851
864 622
268 889
935 1050
280 1474
607 25
308 1528
458 1863
417 1314
1039 1282
258 414
735 856
1236 1583
1838 1525
999 558
1807 639
95 1202
1035 1481
1953 1465
1791 1112
481 82
1842 1555
1979 1749
692 837
1422 1045
1536 1939
160 402
1287 1317
1527 830
718 1869
1216 427
36 94
670 1126
479 506
226 696
1150 1203
515 1524
43 308
548 357
278 628
1226 1250
1322 1444
1824 323
1621 305
1630 951
1913 857
1212 1104
126 1177
1098 632
497 455
1184 471
1921 1423
1911 984
1505 1383
676 1612
1222 1837
233 1430
1419 329
548 221
774 764
609 808
1366 1594
1932 1037
418 993
1478 1385
761 1483
527 509
961 726
319 702
1480 1040
744 407
1225 1524
681 1532
1893 1060
1730 933
1734 1017
252 1296
1236 929
225 302
45 1412
1745 566
518 817
434 817
210 42
421 744
362 222
1995 1022
231 1458
1924 1851
689 158
1605 350
671 1534
1611 1564
1612 969
343 1050
66 1769
1875 1551
1573 1550
1088 1693
1564 322
1945 823
1385 1349
1145 854
1210 1730
1578 1903
53 1815
642 426
231 674
1256 743
13 1293
155 1459
1610 659
1845 477
1166 1673
208 853
523 476
1751 309
264 802
1415 529
1080 1607
1828 1026
1722 147
774 185
460 1539
159 329
1277 444
721 1563
733 1258
1866 1059
1096 818
401 1233
1331 1083
153 1510
560 1625
1937 1566
998 842
63 779
462 994
522 1460
402 89
1287 1830
1209 448
651 1721
1107 744
807 1257
425 177
1428 1811
433 1731
546 479
447 1666
166 904
1260 1441
1541 398
1507 1089
848 1412
1383 616
1583 1516
1117 111
701 589
1965 585
1087 733
281 1071
1198 1562
96 1909
1164 666
1470 795
622 978
489 801
85 105
1418 1512
481 946
1214 812
478 1973
1867 181
959 848
1972 1626
1954 1423
163 1893
1300 336
1874 759
1437 1385
377 794
1748 1083
948 243
1144 1090
1171 289
171 279
852 1736
61 1316
1054 1500
1628 595
124 1142
671 420
1215 1883
1229 1510
1362 1056
1388 1106
428 229
1376 484
1778 719
690 24
1547 1475
217 166
708 1874
1827 539
774 1947
597 745
155 1444
580 1691
1872 1571
704 814
1386 178
268 191
1501 1944
1508 700
933 218
1730 1120
1283 1769
112 1992
797 1744
1305 1418
92 1112
71 1998
46 1151
1496 543
1769 274
1890 975
1188 228
1178 1674
613 699
280 816
767 867
749 1418
1104 238
10 1074
186 1242
415 1737
1026 1537
1124 1764
513 1341
1476 877
1400 130
925 89
155 480
862 1500
236 1477
738 1618
1726 1583
1275 937
1608 1322
45 1038
816 1397
1729 1087
1927 951
1716 210
620 462
536 886
652 721
1646 1657
1385 134
1825 188
301 262
60 993
278 797
100 1276
521 1236
1027 935
1013 1126
1009 970
405 1994
1306 98
1550 995
849 228
1103 1781
1911 1410
1034 278
1272 1577
1472 803
1954 387
303 1821
525 123
506 165
1684 675
608 818
6 1768
326 1167
1253 387
253 1976
1759 1621
142 1560
152 1085
778 1605
1962 1796
1501 1266
1147 308
1956 1507
338 448
670 197
169 732
793 1103
347 1893
21 1836
921 1629
1002 1955
823 1010
254 1675
1675 1048
459 992
674 247
278 1530
146 932
1164 97
666 999
660 1810
1069 1667
1510 1757
1328 620
1575 750
585 1420
1408 428
66 1215
610 892
1038 1476
1132 1381
1815 1855
1254 957
1299 1330
684 1155
223 1894
1548 1521
1247 1085
1738 276
867 1536
395 1712
844 233
110 249
1316 1911
1270 755
1676 1567
496 577
1605 1872
109 1957
1410 1509
1472 1182
721 1603
806 30
410 930
773 1825
346 691
1143 566
1780 571
1842 555
889 1228
265 782
163 1391
1194 1820
88 952
965 1277
864 1906
1381 536
1405 1987
832 1998
1529 334
876 1777
1165 957
875 711
437 1732
300 1661
979 534
1397 952
268 958
1678 426
972 1914
1201 961
957 293
54 942
1200 1152
754 179
1346 946
1742 598
831 1766
1990 264
931 879
1067 642
1639 201
1308 902
664 370
1837 1506
1238 1699
336 125
1343 870
1922 1265
1815 1746
951 1584
821 213
271 1507
1975 1138
153 789
1728 1051
1378 242
880 743
755 1138
1585 959
1075 585
699 1410
1023 1276
204 1740
1038 1147
454 1800
1658 971
163 930
160 1138
1351 1441
748 1364
743 1390
935 1548
1742 1767
466 773
523 322
526 856
1858 1762
181 1642
1712 976
1611 1544
1658 319
1482 1359
419 899
1220 1118
1068 1393
716 1960
1579 224
1326 1145
1380 1091
1803 856
1649 123
727 1132
914 1976
607 1148
613 1470
1947 1685
300 361
427 674
1016 1765
577 779
178 745
1485 693
1637 1380
1323 565
51 1615
1323 1963
1797 379
287 204
1708 1084
17 471
523 469
1671 966
1091 259
1075 1192
1804 1306
1429 812
1243 1957
1536 1081
1916 1318
1174 209
16 1535
365 1965
146 39
1726 1736
1832 929
613 1688
1672 1695
1594 1737
1956 1009
1239 262
541 714
1383 165
1828 515
1420 547
360 1869
1971 1755
1028 640
1833 680
606 818
498 1051
1756 1433
821 475
480 1778
948 1837
510 1488
731 198
556 1898
238 1007
1654 1229
1346 1919
570 1055
1080 250
1232 1175
477 674
453 1287
1242 978
1807 1716
608 1404
1130 293
93 1677
1394 1958
1343 659
1965 1296
222 1454
1503 1158
839 115
1587 1982
25 1704
428 1459
1279 1912
1310 1807
612 940
1966 1172
1787 1868
1508 1631
1237 724
934 1717
1748 679
993 235
1195 1554
1293 648
1785 1152
1626 1677
1207 703
1102 1387
1938 1756
214 941
1542 1970
758 44
1226 1110
954 1500
1824 109
427 1275
1683 1122
1336 268
1338 1993
281 1677
1487 1027
1445 1927
1627 194
1364 1305
875 1167
241 1072
1987 515
1994 1733
563 445
126 354
1857 1613
1283 1390
1037 5
1617 1664
1525 678
1951 231
1187 1278
343 1814
917 1942
268 1267
490 1243
1537 180
694 957
618 1808
1902 218
1941 1658
1058 1383
1714 527
1076 1186
1513 1479
732 1079
1157 875
1559 1972
1426 1933
1819 1526
662 1194
315 1877
866 1346
1211 1100
106 390
334 1250
1853 768
373 1915
1275 590
588 492
706 895
698 1182
665 959
1083 757
542 503
1717 974
715 850
885 1068
907 1013
1391 567
360 720
687 137
1550 963
1111 1971
1190 283
528 658
93 1824
462 1332
1302 337
183 1734
58 168
1660 1063
1585 1377
1413 10
1325 1433
1282 304
1345 1615
1479 202
1629 716
1973 1889
445 542
1527 1900
883 1241
746 810
949 1770
521 1935
321 573
1289 1353
1312 731
210 809
980 1975
997 20
918 755
939 1233
719 1249
226 265
1265 739
1781 312
1656 1512
75 101
1800 1480
197 1857
1529 1149
825 1580
777 1817
34 809
1629 107
1859 602
227 1583
1812 1758
321 693
667 924
126 564
355 343
1508 1015
1533 1413
416 736
630 1744
1336 1292
172 868
1498 217
1599 1726
1437 1428
1317 1776
1657 852
1503 1404
782 293
365 128
392 1240
998 271
639 1809
1284 1160
1544 183
1710 1359
1023 1266
307 1899
1769 1270
864 122
1511 1060
542 1244
809 790
740 320
1581 734
1192 1587
1319 724
518 537
591 538
1633 1896
1304 1961
1538 61
735 338
1562 716
602 571
890 1561
663 134
258 570
1576 1342
408 1028
849 1959
1511 1132
997 552
1922 96
1263 621
1168 1544
340 1096
395 789
1530 741
812 719
584 1069
1365 1889
1215 1646
399 150
488 857
251 380
1555 1414
287 170
536 1653
328 981
1086 1113
940 1151
548 1315
1317 240
228 1392
1014 1733
1078 1138
1098 1809
1144 1976
1683 1246
1662 241
713 820
839 969
176 967
1904 877
1164 1753
112 864
1092 339
996 194
1176 347
638 807
1303 531
1127 1577
1851 240
1621 483
1388 825
238 1435
33 719
96 1827
330 1124
1539 604
472 625
1719 655
1389 1360
1812 218
1041 159
170 1008
106 575
1924 897
173 1269
889 159
1763 1528
1406 87
1506 1255
1368 1832
561 604
41 1659
476 298
372 1383
1979 588
968 309
555 1665
1660 891
1715 1334
1630 1532
259 291
170 1402
1428 718
187 1218
1334 493
184 1052
302 193
1508 1943
680 1928
1883 1462
695 1935
428 1688
546 39
1302 1547
63 83
219 632
876 867
765 546
1300 1084
1034 1908
1222 570
726 1644
1840 1421
471 705
1571 696
779 1645
1583 1143
1150 703
1317 1223
315 923
1868 1988
839 1431
1645 436
638 286
1737 906
1142 1647
1985 162
602 658
1122 342
1237 121
55 1222
1911 45
467 696
546 885
228 270
1850 44
647 1702
798 1401
993 688
43 663
589 1039
1992 880
1419 881
847 1596
723 1770
722 1584
192 1960
1857 108
601 712
1566 1894
1175 726
93 1108
306 293
594 1019
583 285
52 1452
575 693
1497 1948
1870 191
184 710
1802 570
1609 567
395 1076
391 1765
1005 1101
1567 63
1971 717
1315 763
1382 1868
706 1862
874 1732
1208 667
1966 1561
1457 34
984 1289
322 619
104 850
597 847
1464 1513
346 229
453 26
297 555
11 1813
1530 84
1036 221
1057 423
1178 175
1354 1382
763 617
1639 750
446 487
1057 1794
720 52
1211 1069
1494 167
327 434
619 200
1577 230
427 884
1873 1635
324 1145
68 845
1561 972
736 110
991 1587
1916 383
1573 693
843 187
771 1552
440 1165
1226 265
348 750
1853 1163
1365 1331
1409 233
1236 1654
1604 1270
1947 455
1586 1579
1594 249
209 100
767 1507
1526 1912
1475 146
1614 1992
1693 848
965 1626
1737 1994
505 1939
1088 543
1810 1578
251 863
1556 574
1100 1031
1938 720
954 1825
486 562
565 529
1281 1832
1843 1755
1542 1692
1879 447
1352 1338
837 1885
220 1517
507 1586
1746 1492
360 1501
1347 956
434 1021
586 1190
117 1102
12 433
140 1267
1484 1825
435 1761
651 499
1042 1090
1998 1183
1461 1737
1067 1528
1020 949
740 1794
1172 1635
1278 92
479 731
1818 1165
250 489
215 350
329 486
1125 1618
1576 1382
85 132
39 1897
353 1997
1034 1142
1065 1562
978 64
354 1576
312 105
727 206
316 759
203 1169
382 859
415 968
1937 490
1830 396
392 1849
1358 1688
1635 60
1794 1974
1505 391
64 1318
1923 1200
355 682
664 472
1329 1656
819 823
1342 462
370 1686
375 1645
1894 329
737 703
936 1625
295 878
1713 1730
1969 465
1191 434
1757 163
568 1697
913 1785
215 1380
1748 1200
1264 341
873 874
637 1676
240 760
1306 265
957 268
1779 1893
763 620
1333 1331
1941 1309
890 1504
1609 189
1126 1240
1903 1479
711 1139
1830 297
755 390
168 1114
1778 1265
498 1266
1966 1222
553 686
1700 944
936 550
792 122
533 1885
1423 506
987 585
367 1802
1705 633
1912 354
60 1997
124 1984
1590 621
667 797
1201 460
1986 1311
255 965
455 1882
373 1259
474 700
237 897
931 463
1515 669
1368 727
998 381
1412 326
808 1629
336 362
1541 643
1306 637
1621 972
26 454
190 75
154 1684
31 972
1087 223
1578 852
1677 1895
1535 1512
1214 373
1063 1957
1258 34
126 12
553 353
1879 368
1295 1348
1674 1245
196 70
663 391
363 1908
512 594
1897 436
1816 1213
1562 173
1393 1998
137 541
1041 379
548 1007
996 291
1740 1621
885 987
1853 1587
1331 588
1718 1858
311 977
301 1415
1940 1898
1455 1434
693 1752
115 182
1061 1857
1415 966
283 337
1406 506
613 193
1681 1939
844 626
278 293
1645 1208
319 1622
892 1403
315 1101
895 1275
829 397
1555 1666
597 1936
707 1800
227 425
1905 355
1110 180
1683 1728
1296 1840
145 526
856 537
1825 1548
631 324
436 1210
277 259
1460 501
932 617
1656 213
445 1162
1931 678
1198 1943
1796 1721
1661 1891
621 1277
1388 923
861 765
1760 1556
1966 80
928 44
1891 1524
1454 975
760 1975
1349 535
825 793
647 735
662 1741
1878 1650
1795 987
1416 864
480 97
347 323
478 125
664 1829
424 631
315 385
290 1611
1060 634
1744 1535
1828 1992
1282 625
1511 330
849 1871
666 929
673 320
50 1620
1156 48
299 1092
1360 1297
223 275
1284 1454
1202 762
951 1588
928 568
1961 1184
1560 350
1177 1143
792 1790
1312 1193
1491 1059
1670 1771
98 958
995 25
112 359
1672 251
1509 228
1911 729
1073 273
1817 955
558 1051
261 940
654 1833
17 1292
567 654
175 853
867 301
491 1029
1608 759
1987 54
1261 1622
1565 132
26 1678
1938 1433
1231 1210
890 1445
1819 1029
905 1678
1039 1700
206 1735
1851 1605
613 1578
87 666
1528 1883
1 566
264 862
321 686
1169 310
998 1535
1818 1472
1586 616
809 1216
1162 1756
1099 1362
626 1930
349 226
845 443
1432 1586
407 1340
1896 1604
330 1001
383 452
853 1890
1726 1263
159 567
1362 378
1720 1474
766 209
772 1786
1212 1041
681 1654
836 169
493 1160
1586 1475
1624 908
977 842
657 1476
1054 492
1402 767
554 1619
1682 875
1838 1021
391 258
251 330
1358 1222
314 1159
1945 167
875 956
1334 678
1660 787
102 1317
1990 200
1556 947
174 481
1384 379
1281 1054
1109 1750
567 545
1902 1831
1980 268
424 327
736 941
1081 1201
511 1042
1865 1087
315 87
515 1875
1886 1277
81 61
78 1113
717 1064
1891 1273
90 780
60 654
532 1304
1943 538
1623 1266
856 683
1908 1073
978 1640
1836 1228
614 1511
330 583
1295 558
947 926
923 1230
1342 912
1685 699
435 943
1222 1822
1678 642
782 685
332 166
1243 1934
89 811
824 439
262 1344
1441 167
1798 393
9 1571
259 1627
1538 423
1885 1203
880 374
1043 86
433 212
421 169
118 649
1156 221
665 888
1863 1660
1408 32
1098 1177
1437 1409
729 46
94 778
778 791
820 127
1663 1132
958 823
678 705
481 607
1700 376
1917 1151
101 310
170 383
1399 711
1801 1439
1888 1878
680 1556
1784 438
1392 227
1309 1219
328 1616
56 583
265 740
97 1004
949 609
1315 1790
1605 524
464 1435
1311 860
640 1750
280 1085
402 1936
1398 1714
616 141
263 864
69 778
876 1853
1970 1973
874 355
421 549
434 1401
128 1322
734 1568
1016 114
528 243
1098 449
103 931
1198 163
914 1534
1385 331
215 1797
208 1958
982 1929
940 75
324 1552
553 826
716 1208
941 674
1503 1294
965 1113
489 334
547 91
1283 170
1222 91
662 404
529 1292
1757 2000
852 1339
1891 1921
1230 456
1890 1517
1426 478
1802 1631
205 1910
1650 1567
1023 1631
1351 474
1464 1276
522 1299
447 1415
1902 1009
641 1894
1981 298
1171 1243
422 1464
1178 491
1073 894
125 233
252 1161
641 1084
322 1341
1325 818
462 1929
402 565
1266 1114
1244 1544
743 1715
622 1298
1983 1148
353 839
886 70
1785 1101
432 556
30 1528
989 494
1901 1415
972 751
131 1651
294 171
831 682
513 966
1563 385
1699 1333
1568 1516
351 1898
137 608
919 1773
257 532
581 1434
1276 386
1381 1913
1150 685
454 1480
1722 967
948 1056
819 482
260 1272
1711 830
92 1241
1870 1561
865 863
1327 505
1524 1222
835 1375
26 1288
509 1090
1135 1432
667 872
458 1819
71 1844
314 1064
1879 211
1919 44
1166 1237
1347 1138
424 1460
1774 1276
978 1535
315 1693
1196 1061
364 756
743 1767
1624 986
934 1571
426 1302
591 1345
930 357
1705 1095
499 1184
1728 1310
824 808
1231 1682
1068 791
758 630
762 36
1019 231
1520 944
1000 66
631 1182
1882 976
1295 167
414 1995
124 1691
1899 191
622 446
1583 692
188 1206
1305 575
683 1695
1003 1557
1687 1474
834 513
609 1299
1548 312
159 387
1949 251
996 978
1177 1223
1782 1530
581 1200
567 1875
2000 1952
180 219
956 788
1816 947
1387 90
362 1599
1940 1558
689 166
1275 450
1445 537
770 1050
424 1903
996 1504
924 303
1521 1726
603 1051
1332 296
1072 649
979 899
503 714
1884 1984
482 838
1662 739
1428 214
987 493
1131 624
471 843
1713 965
1905 1509
1617 112
682 517
1753 1224
815 1941
1504 111
1305 662
1020 437
611 544
1298 1700
344 56
1942 1136
576 234
1282 312
1846 899
1817 1776
598 1238
1173 551
1751 1967
164 1656
112 1965
1637 585
441 1620
1805 1652
227 676
653 399
528 1723
399 1141
737 979
1122 1114
1631 340
1056 512
677 1811
1101 942
1232 937
395 1546
420 182
1530 1662
1187 671
151 1293
91 869
426 615
20 1180
538 1089
567 728
711 71
198 1554
373 1186
87 41
152 1484
909 1086
805 469
1485 1060
163 1831
1445 409
238 1587
1720 1575
765 1671
1530 763
230 968
1416 548
975 675
729 912
1346 1323
304 1264
1452 1708
1358 383
1914 16
936 1654
1414 1203
1866 64
1086 626
722 277
828 1645
491 680
233 651
283 62
1815 1037
1560 1667
228 290
1213 1737
1656 1165
591 500
936 8
771 1958
54 1054
1938 1907
1759 319
1726 122
1474 1364
994 1493
1520 1240
1838 383
1156 978
522 768
1399 1579
1685 164
517 107
1719 50
815 904
96 820
905 1245
1186 1999
1431 892
1662 1769
459 1816
652 1519
437 1821
817 552
583 847
1038 1516
938 1734
787 1701
1403 135
554 10
131 1231
768 1107
1390 1398
1064 1327
1044 411
666 1184
1472 270
189 1189
1996 1658
226 1509
4 1820
498 588
887 576
1052 685
1040 222
1521 825
1095 871
1386 1561
940 176
295 701
1875 1627
426 1141
1012 247
1652 1520
1689 809
1325 1079
1912 1539
1401 1112
1274 1520
1873 509
1493 1413
1843 1418
1410 42
224 1610
1917 477
1168 7
751 1266
1080 1250
1952 1264
772 1824
1995 803
1902 643
1795 1901
367 519
1726 802
364 1146
1238 1634
1152 1460
1669 251
780 1479
917 1618
1560 719
1663 1225
1747 1680
1543 1889
412 308
529 429
957 34
1360 567
391 912
824 1239
917 389
1762 1731
1124 1652
784 1689
939 1545
456 1272
1159 143
1120 521
1882 709
1729 1625
1423 292
545 1658
1505 1390
1604 1312
1961 1114
922 174
661 382
1076 584
612 878
1280 1655
672 401
1632 1305
998 1526
1822 372
1375 856
316 106
1951 667
1616 1145
1653 1233
1304 1469
272 1610
846 714
1967 871
165 824
1644 1379
1166 1447
1816 966
1155 890
1634 37
1829 168
1374 5
1899 1699
1627 1334
743 1987
245 359
1512 1051
596 589
272 809
1567 555
1338 1658
1160 1861
120 293
1558 655
264 1810
579 1179
215 1573
1733 294
580 1604
1174 1591
1600 1928
1615 1560
435 1344
1448 1400
594 1951
602 1337
22 1321
952 600
1641 24
394 38
647 1484
1543 1317
1292 684
1395 619
798 1940
980 1412
1277 102
1169 479
2 1604
164 1845
1427 649
388 630
376 1854
753 705
1109 1331
1634 1306
565 554
282 846
1443 1804
937 663
1343 247
92 146
791 177
492 23
508 867
1265 741
1016 1179
993 836
1380 1334
228 329
1834 1229
1284 1867
1889 122
180 1161
308 394
218 1875
722 852
1388 793
1491 920
1756 304
1403 1149
1757 1290
48 311
1649 605
1459 1095
1992 597
1637 1947
717 813
123 1562
5 785
1515 467
1154 743
1258 1606
1384 874
1091 1801
1616 1926
827 1201
1714 929
1628 1292
138 511
503 1144
426 945
1180 1076
1017 1949
45 320
23 1440
251 751
1631 817
1689 1663
1234 1748
990 854
1404 1575
1024 1497
1587 1665
1336 613
435 1149
1678 416
1433 1798
1660 1796
820 1198
685 1811
810 1419
771 1906
1888 1464
1740 1123
1030 848
260 909
774 1171
956 446
1999 626
1686 417
1776 1895
407 81
1830 1693
573 1122
339 989
1544 1393
987 1052
1626 397
239 1901
1384 259
1755 135
1317 977
1364 702
525 883
1497 233
395 705
160 1871
1919 1016
1393 602
775 1450
282 1531
891 8
1047 1114
1870 977
473 1387
1368 79
924 643
407 1379
232 1429
555 841
1033 659
1961 400
1082 1476
592 264
18 434
1795 246
1112 1589
880 373
324 1545
1088 885
537 727
1922 1820
1558 95
1688 1641
1322 112
754 1599
1103 166
1599 764
393 596
1694 1050
1273 1545
130 454
87 1712
1061 685
1536 222
428 1498
1476 957
818 738
194 788
781 348
1620 811
1206 984
1430 819
1419 903
1019 835
1911 66
152 65
446 455
4 1058
1705 718
568 11
997 1897
1686 1640
222 700
1181 457
694 1684
1535 827
196 1550
1893 1969
1100 243
1346 429
1499 900
1917 942
1458 1008
1271 1180
644 25
780 116
1908 3
588 1458
1127 354
1720 291
1294 1894
1205 577
1324 361
393 1775
1286 1554
838 773
1901 14
1856 1683
1413 240
1322 38
884 1625
974 1346
1085 1165
248 455
1780 1509
1069 1997
928 308
580 1136
1399 1356
1603 1972
1638 588
1841 1243
443 1638
915 841
803 24
380 1382
1358 1394
1840 753
252 1030
1472 1195
1089 1884
218 1897
1204 1067
364 719
341 1544
1976 373
933 151
1764 1388
827 1447
1644 999
493 57
1330 1690
33 1291
1201 994
38 746
528 1785
928 815
24 762
307 813
10 69
1653 121
1984 131
1289 417
1253 355
1661 1751
850 922
393 113
1140 728
557 1298
281 1128
844 741
407 354
1199 502
649 1987
1403 1198
1352 313
635 1256
1033 597
1271 1468
114 1850
1385 797
1739 456
509 1880
1198 1944
1710 873
1033 1683
1818 1371
106 1488
1630 1825
131 104
1622 1157
310 311
500 1433
996 1160
680 1741
132 475
1419 1497
1304 832
1089 1285
1137 69
1291 207
502 728
1317 1793
967 820
1226 1741
204 1076
1613 1576
1623 198
911 87
1279 731
1133 1801
1788 41
1857 495
209 1287
1003 1915
427 1467
95 1973
580 1337
892 1278
1743 863
696 1337
1013 1512
376 1773
169 847
1316 444
1169 1139
822 124
179 589
159 710
509 1239
737 1679
1412 1605
1991 1271
595 864
1205 1835
1110 344
175 562
1873 374
32 82
104 118
1210 237
617 1813
869 693
1632 750
567 147
1378 1483
1236 1032
910 1338
1009 299
1918 1805
1305 579
622 679
1436 1721
1256 861
136 1984
1873 244
353 770
1261 1565
1788 644
367 700
1107 762
753 1345
812 1688
724 1020
555 1248
1453 393
389 548
1722 852
1225 1595
1697 1519
874 121
977 1977
540 104
513 651
893 1947
157 1847
203 1535
856 1134
1130 1887
1898 1904
1281 19
1414 473
496 1491
1628 1220
274 1107
157 482
3 1118
247 1700
780 1052
1661 67
1376 1396
932 224
24 528
1725 1549
1276 1527
1901 1007
622 1251
942 571
668 401
1064 1052
1799 1010
1483 517
821 1264
909 1292
172 562
1729 299
1215 851
539 1857
163 419
1568 1199
718 1003
1092 1148
80 1452
1617 1417
1836 402
1978 1660
1625 1623
438 1805
1567 526
100 216
836 549
181 1748
260 1209
545 198
1519 1964
1795 710
1529 1534
1411 207
623 719
1547 595
123 1741
1686 1483
1028 764
1634 1439
354 644
273 876
1662 64
1485 222
1549 1175
1558 1393
680 229
293 804
726 1830
381 940
981 1080
1149 876
1062 1300
1795 323
823 1948
318 1984
667 1898
930 817
1494 829
1551 1060
1780 1089
140 1686
1847 236
133 1234
1021 1949
95 1828
494 1445
101 1039
166 1900
310 302
856 1755
1615 1958
1692 799
1032 1471
898 666
545 342
975 1212
1577 619
1052 933
1403 342
433 933
247 72
1131 1013
1399 829
1108 695
435 1011
658 1512
1495 194
715 1941
1174 657
117 416
101 1971
205 1658
266 745
557 301
1205 1486
1539 1503
675 1606
39 84
952 1718
249 1565
89 28
1148 612
1949 1385
1725 690
1254 1289
402 687
939 638
987 1185
1100 907
919 448
988 497
204 172
99 1811
1840 1140
1597 932
1950 982
1050 1294
928 1977
1911 1645
303 327
1612 1438
1324 254
141 1249
981 309
1192 716
1889 433
260 1609
368 1438
514 297
1023 264
1064 267
1087 71
1723 822
1340 1417
296 364
159 1296
1406 1668
63 1152
484 1086
167 223
1549 597
1798 939
1532 112
373 968
1869 1835
37 405
567 461
625 917
963 1165
1826 1133
1324 665
229 262
59 1999
1102 1831
1374 1575
1973 629
926 328
705 1856
1286 341
332 508
160 1330
319 1506
191 237
477 918
1694 1253
1628 787
994 1937
290 1022
267 304
1454 371
131 767
985 589
35 1564
174 254
578 1924
1158 1069
692 1055
1450 575
461 1392
700 335
562 523
608 539
1084 1019
718 43
1530 315
1409 1906
902 681
550 281
1484 1411
1335 703
529 436
43 708
874 546
556 1309
65 1756
961 588
1980 1759
359 405
686 561
1066 970
1517 270
264 1444
425 1660
1173 1510
1784 887
960 104
1231 47
1830 1828
1569 1797
1135 276
1558 1811
1292 1870
1249 1086
157 589
1263 1818
977 505
591 545
1783 1569
292 291
1810 1228
1116 337
1983 1975
451 1241
126 1797
638 787
1029 1036
747 1434
1034 1672
1265 988
1481 1371
776 1319
658 607
678 1244
1375 170
68 578
441 1526
1331 1249
685 104
1852 926
632 1630
1605 9
1568 1055
1554 1609
1497 1022
1522 1837
1155 1583
1999 1644
1479 488
1913 697
751 19
273 1725
405 8
580 77
425 571
1455 1536
1980 1935
915 756
825 560
104 1716
763 370
433 1742
932 247
70 2000
1021 192
921 1008
1446 1352
340 760
672 1329
1754 1770
620 1212
469 454
187 200
1674 1900
1253 513
904 156
1769 880
1780 1343
621 933
1173 171
1978 801
527 946
1558 1128
1857 1621
948 1517
1536 1633
1953 764
1367 1913
673 1829
805 573
1303 1521
224 1473
1886 678
1173 1723
272 154
714 78
1394 909
702 83
488 1889
826 857
1660 1445
358 1703
12 605
1353 1522
814 110
865 1553
245 198
1878 1451
79 666
485 768
79 1294
1036 884
1396 1553
847 641
1258 575
568 1646
1785 298
1020 213
1770 481
206 1476
862 696
971 1110
476 1134
312 465
62 1798
317 529
177 1188
1392 38
1304 1057
426 1285
613 333
1573 491
602 627
1608 709
542 1987
1363 1939
115 1614
675 1102
1980 138
1875 435
1768 1548
1511 1612
1170 625
405 1120
317 311
1116 1345
1067 346
1364 77
1287 1138
1961 1643
68 421
1361 1182
199 108
1514 1976
753 41
1535 1936
298 93
1657 1333
564 1108
1033 151
491 455
1428 1920
1292 1982
603 259
1195 767
869 1154
288 395
957 1072
1093 69
1150 1356
1756 1346
791 1481
83 1050
689 448
1147 933
1587 111
514 1878
774 887
315 1138
1781 1449
1782 1690
1528 968
744 751
678 1924
1848 768
1239 1518
177 1507
1946 1319
1043 1780
1526 1423
198 1727
1346 90
1935 1304
1806 260
638 778
680 1487
652 591
1784 826
375 666
887 1173
80 527
1825 220
1284 299
1 701
146 1521
301 1963
1990 673
294 1671
1722 1523
1301 374
832 700
819 1012
1315 1179
1592 1488
675 1011
1080 327
842 1083
842 180
118 897
398 1263
1747 347
12 429
1521 1705
634 1795
1155 159
1793 749
1608 1919
310 1313
1814 1504
1506 1636
1949 981
1474 502
120 800
1024 1472
980 572
1976 1189
1858 823
135 879
823 629
592 103
1361 1796
635 866
1246 1726
618 31
764 1625
1138 983
1498 1082
808 770
1866 1916
1049 1130
42 1673
1106 1803
667 294
617 362
1864 1347
1566 816
1385 609
800 1512
360 1009
1251 949
1815 565
531 7
1708 331
742 901
309 772
724 191
410 1658
1606 631
856 1306
1728 839
1967 841
1204 829
623 899
503 1228
1024 639
1788 1713
184 483
1202 497
154 402
1994 118
364 46
831 710
1281 969
322 364
805 1895
123 1203
514 870
1411 81
118 1487
145 709
571 1049
144 1232
1993 1790
145 153
880 368
1347 342
1935 193
498 1086
775 1445
532 672
1225 1552
1779 728
1418 426
667 1590
584 1174
1457 824
1407 155
6 1256
309 1689
547 741
1099 1108
590 1136
116 1209
1425 301
1148 1240
1944 1163
942 905
1819 1214
866 1566
143 1690
329 1674
865 1230
1992 1415
1631 304
561 1927
3 270
1955 1874
527 1803
1390 67
266 126
1455 1909
1547 1828
1362 398
631 214
1799 191
1739 719
224 117
1861 337
1318 1946
1756 1400
35 456
80 782
345 703
832 877
641 1076
1708 173
1186 406
63 1566
1638 1354
368 168
989 946
301 1961
605 1137
1304 689
550 393
801 1984
1545 1671
1029 963
1439 486
651 1506
1652 362
1354 952
803 527
53 1349
1276 1451
1836 651
1957 1586
886 285
90 1601
766 1446
319 145
1625 1041
1670 1009
537 1940
1695 249
627 1097
780 747
816 3
718 1923
1619 385
277 818
1041 513
1319 477
227 1640
877 111
1635 1499
1928 1892
1535 358
367 1148
106 1746
1151 1209
245 1791
541 9
307 859
1858 1512
1969 1116
1925 1937
1704 1108
762 228
21 337
286 165
410 1338
939 1254
1211 609
1252 547
71 1545
1920 1674
230 1507
235 273
544 1569
1505 1841
1662 512
1117 836
643 891
415 408
1991 151
1897 1890
1493 1409
144 1561
470 1791
1407 131
1708 243
1578 389
1759 651
1176 668
112 664
1613 1701
972 1366
1252 1005
462 973
1986 706
1413 377
1373 391
1551 296
1824 1422
177 1559
658 1554
16 766
1825 1435
1180 791
1177 499
841 815
429 1647
1703 1968
1139 14
1701 1037
1884 1147
823 655
1917 397
1384 40
1409 1183
1001 427
353 1789
493 1248
617 1382
1624 1941
1566 378
476 919
301 1167
1535 1565
1850 26
41 287
1333 32
1980 1133
1425 1052
1008 1609
1357 1742
933 1251
1110 270
1231 1057
1564 840
200 779
501 382
1918 304
137 551
1978 780
914 290
23 1237
848 814
265 463
1839 1293
85 1041
194 24
121 502
691 759
791 1441
1847 1795
1654 397
795 1610
1455 1685
908 400
152 1736
1405 798
358 990
1707 54
1960 1703
187 1305
947 1997
1407 705
450 142
1750 1655
825 1003
1798 1309
1525 990
1714 138
1717 1679
1291 1213
718 1570
1505 1919
255 1315
446 1030
25 545
1091 767
807 654
1271 1263
853 829
134 1247
1147 1762
109 537
1389 341
251 1424
1222 10
1874 115
852 238
681 1661
211 1539
320 469
860 1165
1884 491
952 292
545 1685
1358 216
208 841
325 1191
1947 153
1845 256
1928 318
126 1542
143 1892
230 1675
37 513
1171 690
1014 1690
1025 1554
1120 314
1041 792
86 1335
1995 965
1154 93
240 1054
581 711
1691 1406
1921 1693
270 152
238 1932
1927 845
467 1960
21 1822
581 1095
1613 1360
399 254
1485 295
758 334
1356 93
326 470
926 990
1531 1751
1176 1075
1296 1814
744 265
1790 1911
513 54
1415 1382
1665 1129
1210 158
156 1067
1285 1501
258 1509
1757 873
1246 1281
1058 1949
680 392
917 1598
1892 258
161 1412
1184 1088
1909 1695
1839 1609
165 1458
81 909
145 1210
1346 1376
402 913
1807 553
1430 611
300 589
1181 1508
1108 132
84 485
1213 1156
1175 378
1140 1035
1477 300
1577 1629
1618 93
1343 1781
778 1100
580 1408
399 1421
1357 986
132 956
695 1679
1245 525
1820 245
237 627
336 801
1883 1090
180 1720
1355 452
1079 360
1543 1186
274 87
629 874
1687 176
523 1997
753 851
1970 1945
1664 659
987 1527
742 96
1679 1658
1311 1396
328 1631
588 1788
105 1467
151 1655
1100 248
1565 648
1528 526
1081 444
830 403
1225 1475
814 864
1350 1320
918 1757
857 886
1861 1634
1722 1670
1984 1196
1245 1430
631 1644
1890 1534
83 1472
74 466
1428 1517
1210 167
467 219
568 1156
1935 157
461 113
1037 1640
1508 524
1789 289
1102 1662
1352 593
810 8
1078 81
874 1363
190 1137
1205 1141
1508 875
317 1586
614 95
918 990
1658 1347
184 1332
159 1297
1637 674
1259 1364
1216 1464
377 657
1384 1664
191 442
977 973
1347 1397
795 477
1219 40
1292 1475
395 1698
1782 1294
1496 459
1454 362
1753 450
90 1400
815 1431
208 611
126 56
269 403
963 712
1689 1762
1866 468
94 563
1680 893
1984 652
1614 298
1338 206
1799 1233
1248 1803
386 1325
968 1455
1120 66
1493 1162
1716 127
1087 935
851 1650
1384 592
1279 419
427 193
554 1000
889 382
851 1314
137 400
530 1712
847 557
78 1634
1449 1651
1277 1917
1550 1222
1652 1604
1903 1707
1704 1081
101 638
288 933
1724 1277
1352 1902
263 1569
1380 1345
266 1273
1801 1480
107 1078
358 584
1525 1663
1088 1264
483 1324
1675 1632
421 1506
715 407
1488 1410
1517 1881
1414 1900
161 1535
1395 1739
1669 940
1652 110
697 696
73 475
667 1759
719 1271
14 1357
1638 1422
1563 1861
1031 709
47 1395
682 402
585 1451
852 1023
1155 72
1164 1581
1810 1973
530 1708
325 310
900 436
582 1547
610 1951
1101 1141
1162 1612
762 28
373 1657
617 1624
564 475
1166 1849
48 220
1586 1249
1958 197
1950 677
905 1304
361 1747
979 585
505 1953
897 247
51 785
662 724
1730 1242
410 545
902 746
1601 889
356 1046
821 212
1659 624
256 1584
1360 728
1678 1139
251 1341
688 1129
1758 1647
740 249
1410 736
644 1201
987 771
1049 1619
1854 1605
456 793
1873 1108
770 516
1543 1795
1129 181
966 1423
1225 888
1995 1057
1632 1127
1798 704
698 389
981 1440
32 1071
881 644
275 349
1208 1259
1159 547
1298 301
1046 1406
1392 559
897 168
13 1829
1413 782
1832 968
184 1931
547 476
535 348
1553 388
1293 550
1596 338
996 1648
593 523
991 1453
1201 982
1248 1980
306 803
17 1511
1594 31
1954 885
52 1972
411 1647
942 1468
1630 1781
864 592
729 1406
1349 1552
952 410
1500 1427
1974 1505
1057 1614
361 1251
425 1815
302 350
739 579
439 1886
852 632
349 923
239 1691
931 960
1875 1047
1144 1921
1905 1344
1014 1194
650 1567
364 1150
224 1091
1018 210
755 1707
466 267
617 1314
1040 269
1765 38
517 1859
1983 483
1969 1615
1628 944
810 954
603 1002
775 1903
789 514
587 856
1397 345
753 1560
210 1306
1498 1399
1321 1035
574 809
802 1838
1788 92
359 1137
865 1765
869 1362
1417 1994
26 923
737 1606
1695 17
759 482
366 1725
184 1445
596 248
1633 371
31 479
1682 415
1976 1559
401 633
33 1320
1779 1896
198 955
1709 1770
1727 1040
1095 825
1764 1723
1080 1794
255 1483
1685 478
1335 936
1141 1591
600 698
1213 1909
833 591
1676 1785
208 50
1589 1273
401 719
672 1061
170 1914
1775 1069
833 1947
633 1830
1034 1688
366 175
865 1692
593 1481
389 689
518 1441
1682 1847
1192 1864
874 1785
1572 1688
1173 644
158 1824
765 161
1908 1227
132 1152
236 102
1435 138
716 1947
1116 1924
561 1033
29 61
545 1627
490 287
1781 1799
889 142
785 224
1303 1893
1851 215
1502 202
745 992
1405 712
1734 1733
1242 1207
639 308
1542 1782
101 1767
847 1888
1551 51
1750 950
1438 339
1297 947
1944 1808
658 599
691 599
830 1108
311 1533
974 1141
473 922
1794 1603
488 232
1057 1936
121 1597
99 134
1466 825
1830 1526
201 1630
1547 266
1031 744
728 1854
353 1580
1974 891
465 1371
1109 117
923 1001
1734 1546
1362 867
1150 1175
1857 29
735 1442
1681 228
859 346
314 641
423 1343
895 899
1091 517
1745 436
1005 407
376 906
668 481
275 1505
1756 1063
1990 58
1061 420
1313 1617
1339 831
903 605
809 1445
670 1147
1183 301
1135 1185
1244 750
709 1798
1462 1036
158 24
1094 1636
80 1646
187 1027
316 1648
249 1580
1105 898
261 300
1139 971
209 1648
760 1505
1306 1725
2000 93
919 712
1550 1949
216 1782
190 1597
556 394
907 558
1756 1519
1591 1134
594 1584
1113 376
673 304
945 934
1897 395
1811 1299
1024 1709
1606 1318
194 388
1396 125
747 1815
760 1477
1241 1008
1580 1658
815 1777
348 217
1472 1846
1242 1759
525 1365
1033 78
1038 1726
1709 49
275 1815
1564 589
792 462
233 1643
837 1357
1987 621
1727 1937
348 1713
627 1837
1524 94
758 991
547 1109
526 1899
329 1113
1294 13
472 574
1225 1331
743 647
1788 665
1056 10
1794 336
1979 1992
507 1282
533 1514
1868 914
729 833
3 1519
1769 507
1390 77
1028 1061
1659 775
1065 398
630 1520
45 1819
1522 1547
1321 1658
1716 1056
604 698
1556 162
9 1355
650 1893
488 1648
279 1234
474 893
1214 46
392 1438
333 962
660 403
253 152
999 707
1066 681
806 1175
1507 202
750 1537
738 993
185 76
699 59
1933 1011
985 1562
1862 1500
817 696
1450 177
625 1867
1610 1641
984 429
1084 439
1111 732
1607 1906
689 1846
1504 1978
633 222
35 1357
371 830
1467 58
1038 315
398 814
1750 1161
1839 1897
1433 493
1027 1978
623 1254
1561 222
1737 466
1352 1605
1271 230
1358 914
713 1504
1225 324
728 1324
1070 1977
385 60
1148 818
107 1068
561 536
782 640
904 1663
125 1322
127 1197
734 1661
670 119
1239 1356
217 841
1705 1784
330 917
1405 405
1973 1341
866 728
124 1849
535 197
1373 1595
1822 898
1503 515
47 1660
1729 286
59 1544
970 1354
1593 1803
1735 66
1974 60
87 844
498 1981
1996 720
56 548
1787 969
566 1819
499 1991
120 885
965 326
784 747
1180 1876
237 781
721 243
802 1625
58 534
488 765
1164 1685
311 380
296 1220
1771 111
1063 584
341 634
1240 50
1059 1582
1670 1375
1975 960
1692 395
415 595
744 206
1599 725
1830 230
589 647
746 127
395 825
124 870
742 1953
338 326
484 358
342 459
1515 109
535 55
1231 776
1944 483
823 1145
336 260
1001 255
1791 1617
275 406
1072 538
875 904
455 1811
442 1649
447 1018
93 39
590 674
374 1715
1495 1227
1499 1942
1508 502
1781 807
1630 635
1785 1554
517 1739
1379 1874
1638 100
325 1472
527 907
1528 300
1569 1983
758 1841
1186 1453
754 1359
1578 1200
1065 85
1026 1009
842 181
591 1951
1761 273
710 1636
797 48
673 1152
455 1701
1169 1381
1551 1404
700 1817
1776 308
413 1785
343 39
1449 1885
585 1701
1237 1576
1636 624
170 134
554 289
1109 341
1471 638
1142 1311
517 321
714 1585
1584 360
338 1054
1040 1374
1041 635
21 1190
1834 1753
235 752
343 893
503 1968
1066 1739
1404 695
743 536
1168 572
1039 1036
105 1688
210 76
1234 727
1304 674
286 1199
1376 462
102 247
1610 1372
401 106
352 732
656 1623
6 56
1760 1543
818 767
776 1003
1099 97
609 1723
67 1590
887 765
1925 165
1003 943
1063 100
269 769
910 1386
341 1422
1417 1272
984 1739
597 834
939 1517
1581 1401
1183 1223
1921 1841
641 61
1191 448
984 240
1051 607
902 515
1599 1885
52 1539
1551 311
1391 1999
532 1259
924 713
1245 427
1792 140
1858 1306
913 1311
1039 1561
1216 148
1906 1428
1173 1833
1508 493
1847 1031
1769 1015
1521 448
1000 605
651 538
217 582
116 1438
104 1150
59 1746
313 1548
220 88
1943 477
1576 657
729 938
1458 858
407 1600
1119 389
9 1468
1630 986
1895 1462
595 906
271 1599
72 1433
1227 435
374 1852
1236 905
628 382
1448 550
982 1608
973 753
682 1010
568 1418
481 625
326 1387
584 1698
1194 1555
1671 1229
1723 533
1096 1735
540 1670
831 1100
290 1805
706 1115
950 995
79 863
1801 1889
1650 1654
57 1495
605 196
1479 220
1279 1135
1721 426
720 1815
171 1386
1121 563
295 695
818 1160
1080 1308
634 1079
1024 1170
594 563
296 1093
1963 922
164 561
205 93
223 1428
27 245
468 580
45 1948
151 272
1543 1759
1647 1062
151 1450
1600 579
1677 1427
1957 1276
1971 1419
1250 1458
743 177
1546 1885
1293 1692
454 1012
829 180
1951 1649
743 1749
1651 1159
1006 747
1079 214
219 626
223 1699
950 546
1336 176
1808 152
241 361
1315 259
553 488
814 1919
250 1549
113 1259
999 1471
277 1961
1232 788
675 125
1606 643
635 52
677 1609
1822 1576
1647 127
1024 1407
1568 459
1448 810
1593 1305
1972 760
191 556
278 937
869 1597
1700 1022
1692 488
1802 1843
624 586
1749 1666
198 310
1830 744
656 606
350 772
1358 1998
363 1539
1024 517
599 208
1282 237
991 710
226 1952
1612 1464
1733 1957
1792 758
1476 462
635 1192
381 1891
789 1746
1642 1004
148 1112
230 408
1003 1204
212 1497
942 1027
1832 449
854 1690
897 919
1926 1134
174 1703
1393 74
1317 838
435 123
162 936
1555 1524
1250 851
1335 1052
243 267
523 1476
657 3
818 237
325 897
1141 772
1670 1278
1550 1563
1093 915
660 118
1848 1069
1967 431
155 1625
835 1390
703 399
1783 1549
386 1347
85 130
507 527
1355 1627
1568 760
820 1415
309 1238
722 654
1455 1417
1987 1533
1735 728
1445 234
180 113
1409 541
1995 1711
1897 310
1162 738
1451 1024
1358 1859
1614 555
801 643
700 1342
1324 89
1589 1711
664 1815
1405 115
1652 1203
1624 1224
970 207
1098 1060
246 1867
1202 1442
459 759
49 1892
625 205
1407 1218
611 900
1328 448
1609 1845
1667 1770
1146 880
1993 754
1544 843
1019 726
114 601
1242 502
411 279
1482 1592
262 1582
346 73
1603 1503
293 167
4 638
526 1918
590 771
1206 374
988 827
912 1156
1706 134
212 1352
147 264
621 193
653 885
501 416
510 326
1820 2
1569 508
1803 1437
15 1157
961 170
222 1554
856 1404
616 1309
318 1710
1047 1885
508 888
662 1461
995 1031
1466 1584
1795 1655
79 1770
243 1243
1095 1376
1905 1375
1080 1943
340 1672
1472 1883
1398 1041
1211 1871
582 708
294 786
1542 1544
830 1803
1078 1947
245 1410
177 726
544 1711
1489 1748
1139 1526
1941 1469
917 1572
650 277
875 989
1702 877
1796 1046
1721 1688
184 1357
6 1661
1508 1199
932 1542
1384 615
1027 1781
1050 865
1461 1134
1688 825
873 1730
1714 148
609 1002
765 1148
1083 1643
1647 864
90 545
933 34
1141 1113
1315 1294
1023 1242
960 794
1969 1280
187 1912
715 345
1231 1994
827 11
886 1988
1508 169
373 1748
1807 1890
1982 1673
397 951
972 985
1171 467
1924 257
679 858
270 1588
406 1361
864 1470
979 15
1578 386
816 436
754 1727
1774 1040
889 804
1348 1072
1759 692
1995 917
333 1923
848 1716
1619 1321
472 1297
606 397
276 1924
1116 1545
512 239
3 1953
1288 236
992 1623
1595 169
1868 1531
172 1642
1850 1836
1998 1997
574 522
235 425
1625 260
858 1953
1983 682
1235 130
1870 1969
647 151
671 640
1195 372
1225 211
1919 215
87 1114
1927 1842
1253 1890
1342 79
1453 1790
33 703
374 699
1568 856
1747 874
150 1238
1935 22
1092 1983
982 492
1693 1019
689 669
1501 1514
893 231
1110 763
1607 1116
1334 1991
1835 1408
1424 973
1666 71
1607 64
476 359
1494 1737
1336 1534
922 1490
1221 1550
766 533
1437 292
159 1079
213 1627
663 522
88 784
1946 246
1140 1764
1510 96
581 610
1742 1545
918 437
1861 588
247 430
512 1338
1277 304
255 1539
943 590
681 1251
1473 1802
1737 491
1126 1610
1781 1535
992 467
472 218
1276 1636
641 652
1557 1073
699 1598
620 1178
1231 1480
201 1685
1874 108
1555 1206
703 1157
671 911
1132 64
346 1797
551 1661
1276 993
871 1087
1280 1039
1913 1714
140 62
1582 889
9 1640
698 889
937 210
1116 1925
802 1497
1014 596
209 234
1029 264
1925 1375
684 1295
902 112
1453 1586
90 803
1294 1818
1489 1318
328 1831
1635 1471
1882 21
164 167
1568 850
1592 1735
257 997
24 788
538 1536
1325 1638
1080 213
850 776
1406 1441
1932 360
419 1520
1698 510
1371 314
1345 293
805 632
117 1931
1124 248
1811 942
914 1636
1348 1143
556 1355
1666 185
1691 1525
210 673
710 1333
692 241
1451 108
157 1783
1645 1405
1131 1349
882 152
242 1529
1649 820
1264 199
1031 807
218 276
1218 1690
1646 589
340 830
1267 1517
318 94
1752 1945
1562 1984
1087 1164
1126 1706
925 894
208 261
946 593
411 1863
1455 1752
636 895
1468 190
214 1109
592 1581
817 1323
1036 27
340 107
1021 1682
360 1378
745 896
258 351
1631 290
1258 586
1223 170
1045 986
1746 76
1225 159
961 718
1455 483
1300 1709
1146 1842
1269 88
1769 38
1936 936
1677 672
1036 1123
491 139
267 1342
732 1716
1990 1606
1541 1128
187 916
1274 1677
497 846
1756 1331
1063 1561
413 316
1480 19
1242 1719
1720 983
1888 739
1472 1345
791 356
820 292
857 1644
795 1066
323 1382
178 1908
24 1466
31 1013
383 1965
217 1207
22 127
1822 1778
590 1944
150 568
1400 1951
1831 96
1694 1843
1156 1127
790 652
123 1927
1510 616
644 1782
608 1823
11 626
1000 105
803 955
1668 1851
1044 556
574 630
289 264
1491 1375
877 1374
1345 1549
650 1015
230 1692
543 903
6 1057
485 201
1950 1801
1102 380
859 1499
1048 933
1066 1379
1422 1069
278 1488
1474 1112
1837 1695
1315 1912
1665 225
1678 1363
626 871
1963 1104
574 1948
305 1109
1900 745
453 224
988 53
42 1022
1600 54
1522 786
403 161
1346 122
550 1072
356 369
1688 470
1611 1025
494 527
1688 152
134 245
1635 1946
271 216
1262 107
275 1317
22 1067
1271 318
1029 1754
1120 421
71 1396
5 1331
1482 495
1202 1926
73 532
1811 562
1338 494
1645 1918
999 156
1405 1725
685 694
1801 1397
743 946
1374 1810
1302 777
1771 882
1647 1061
541 1248
711 378
393 1394
1876 910
1687 1154
990 1157
1099 1990
1379 1767
1672 987
702 1823
984 1928
1860 1076
1499 337
165 122
1678 1147
393 961
543 1289
1140 937
1264 724
470 1043
756 1615
934 992
617 1080
279 1036
1211 1654
1819 615
928 1891
815 1177
874 1539
719 459
604 195
14 438
1056 22
1421 643
567 1210
1920 1743
1003 1195
1261 1677
1514 1575
583 157
1383 100
25 2000
692 1211
1269 1404
280 984
537 764
1603 380
875 584
1222 717
1168 1455
1618 1841
1801 1573
885 1224
1145 441
314 1825
1135 736
1850 283
1172 392
1388 686
860 899
1014 436
564 986
1104 879
558 1289
171 1632
771 541
487 1658
901 561
1952 295
294 1163
56 493
1417 1171
1018 980
1273 205
648 1593
151 1066
1094 945
162 1445
1948 885
1544 136
1908 900
1609 1964
112 1764
1703 670
1923 623
1767 959
1047 1292
1309 1953
393 1695
1994 691
899 265
1316 1196
798 952
1220 431
1345 535
916 728
1960 1207
735 1217
1515 980
947 911
615 554
1674 655
300 219
821 831
206 919
1239 954
1042 1728
1984 1994
647 719
643 394
1814 1387
1964 207
1542 485
1699 205
1385 461
300 1390
1031 1344
146 884
1652 1277
476 1152
1328 209
1320 764
1299 1502
554 1613
1485 1825
884 11
1023 746
1471 601
311 1243
1678 778
309 801
1648 660
725 1031
910 1495
1668 1433
1140 39
280 1
524 1237
872 1816
1868 1708
591 907
1081 584
775 562
1052 135
181 1300
1091 1712
41 1038
775 1139
1686 128
1737 966
571 1435
1888 686
1696 1141
1248 37
894 650
492 99
1970 1073
421 1339
1063 1283
1770 765
959 1294
852 1247
1657 1199
1418 691
319 1184
264 1717
604 248
1140 1873
1344 912
451 1554
1645 120
1850 1503
819 1569
1715 30
617 1226
1894 1315
656 273
1998 1677
861 1448
1279 1613
752 1031
656 1868
496 104
569 287
681 935
1490 1404
463 264
455 1236
851 1459
1538 944
357 510
205 1282
1820 569
830 956
1413 1598
942 1329
174 93
311 1623
258 39
539 1531
321 138
464 1786
1650 1730
667 1593
1714 1255
1450 905
1744 775
1316 1011
1150 99
105 610
1198 1876
694 1845
718 366
124 410
1275 871
1117 547
488 186
964 257
1456 1720
1777 1434
1027 192
741 1607
204 1903
1041 49
1435 1463
1487 478
499 631
1548 1190
143 1350
609 1951
454 96
1819 164
1081 337
174 641
1333 1499
1041 1972
990 1618
404 550
1796 1272
18 496
1206 308
788 1250
1410 455
1112 1331
1177 1882
1888 982
1880 1456
841 425
559 868
1535 835
469 1737
452 1398
363 318
382 921
152 1534
1589 321
662 583
28 24
1770 417
353 259
1664 647
1163 412
320 1179
834 998
103 114
1895 1920
510 1963
701 1625
955 874
1939 1289
1953 1951
655 1800
1924 1824
477 1137
1451 517
1190 860
92 682
1784 1195
563 1590
1286 1707
207 1862
1245 1242
1790 282
1112 103
1661 1303
1303 245
1690 1199
303 426
1975 259
35 327
1412 1686
226 781
943 1408
1849 1257
21 214
1921 955
1799 1091
958 269
1939 1881
809 1572
1912 100
356 1949
107 322
1639 1006
827 933
809 1869
1791 116
1560 1225
1472 1126
1437 1947
1627 1928
2 1368
1895 353
512 597
429 1011
663 1143
735 1674
1393 1338
311 1384
1136 1509
1174 71
1461 630
1395 13
720 550
627 1836
117 306
433 364
1528 131
796 959
1337 525
44 912
735 882
822 1669
907 456
428 686
1713 78
1493 1301
786 1277
1739 308
827 606
1638 894
1049 445
1507 1927
1165 824
1483 222
1857 1128
656 1045
508 1198
611 1106
1848 682
395 1163
1011 169
1277 168
566 873
1319 1361
1650 365
978 400
559 279
190 1596
1311 959
1589 1102
127 1665
715 1688
427 1930
1918 1138
1826 1624
434 1228
1561 712
249 1533
563 1907
22 434
285 582
1208 1423
1007 403
391 1007
1116 948
1380 1418
1689 1399
1030 1077
1164 55
99 1206
906 706
512 551
62 451
1195 1035
1818 1642
1008 667
826 1405
1460 932
799 617
1581 627
841 1235
527 1270
614 730
629 1503
38 615
687 1833
37 1406
59 729
449 1512
1127 1427
972 1505
526 762
1672 864
322 171
101 328
1238 391
1615 1910
1407 1994
1453 146
777 1107
235 913
854 236
1161 478
1614 1052
714 688
1027 1380
1700 678
1668 489
1841 139
1300 1454
1163 1092
75 370
976 440
956 536
1140 624
639 364
1360 1047
226 1002
110 172
1373 1416
346 1302
1147 1522
1972 1172
461 472
207 235
1225 278
724 775
1897 641
501 1538
1309 860
138 1719
1769 1029
1616 470
919 585
1485 147
800 1737
319 1777
26 19
1806 1293
1364 233
994 136
438 939
65 1954
848 1983
1328 1895
758 693
1296 1167
454 1168
1877 1565
833 999
348 428
1269 1846
1332 1056
1620 982
1089 649
1991 1424
471 1468
1635 1328
383 1959
143 877
327 377
652 1347
1925 1832
1482 1798
1656 1830
1698 1557
302 652
553 1664
740 589
1994 1358
798 84
156 1547
698 1476
151 1045
1271 1443
1005 305
134 605
44 143
1214 1096
1451 1906
423 1837
1647 707
384 287
1561 414
893 299
1712 1566
1627 1062
444 1131
81 4
1918 91
1295 1091
458 1533
127 1748
1639 1681
1055 263
48 157
1966 225
1791 1520
327 1733
1547 406
1496 1225
1666 1439
507 1129
322 1559
884 597
835 672
47 404
229 1501
1291 1971
1383 1635
890 657
874 1429
447 269
1894 658
1467 1080
71 274
1553 115
1511 1432
1999 1740
516 1495
1558 660
1370 473
10 1214
1959 1199
500 33
1379 631
1788 549
1863 1987
914 704
1378 1364
1039 1706
121 1616
695 357
1641 1932
304 689
8 507
451 1557
1094 299
1008 1449
1757 956
1810 874
1864 172
1157 1030
940 804
1416 1845
1172 1128
1740 178
1331 1604
1745 535
1948 530
49 1216
1450 1713
177 806
83 949
908 1323
697 1746
14 1980
170 199
195 1573
1697 1691
1831 1524
1743 333
1828 424
121 128
1553 484
261 247
1110 1059
1959 1233
795 1670
1377 551
594 304
1646 1310
1259 586
1861 95
1106 888
1510 1793
1236 1183
1361 335
1927 1984
1362 60
975 1270
577 1434
928 1815
142 1837
1316 1468
288 737
30 626
1249 1462
1322 1228
1503 661
863 584
1918 366
1243 1760
646 886
1284 313
1506 1695
1033 822
852 139
88 1842
583 401
813 261
1391 1570
561 1013
1790 1278
1276 52
1235 1348
184 640
245 693
1013 1821
1705 448
1029 1397
930 1099
1985 1705
557 1925
1577 1570
1359 782
1340 1263
1362 1643
321 1825
666 789
619 321
390 1646
1960 77
1791 248
1316 32
592 551
878 203
1108 1505
1533 1249
1775 1474
399 1359
757 574
1576 1253
807 1383
1198 1715
566 1742
1146 224
42 1938
991 1921
1428 1153
302 1996
1131 1931
1310 738
1845 649
1663 25
571 1404
157 1059
727 954
1204 1738
388 314
865 1778
1572 1103
1903 890
360 1669
1882 296
1468 557
144 251
1910 28
1476 178
22 1853
789 1335
1812 59
789 1564
1121 170
853 1035
1767 524
1516 29
1429 63
490 550
791 1306
1873 358
1001 1308
1883 236
720 1143
1794 4
1392 1176
1566 1124
532 791
366 728
1053 1602
944 145
1320 853
1303 1174
1927 895
354 1559
1898 1466
1978 1375
917 1422
895 965
1398 264
374 1538
570 348
691 889
665 332
1235 492
436 1043
576 197
1933 1366
1176 1778
1224 1219
1882 373
461 215
863 243
1725 223
578 613
1294 1030
1742 568
1996 1639
909 147
356 950
740 784
1716 113
580 1127
157 1708
336 317
1124 1547
311 197
1812 1052
1382 1310
115 1268
1882 770
1441 920
938 1550
1121 1007
1126 332
1827 1076
1609 1106
941 15
398 1955
746 1386
1982 646
859 1305
1214 493
1525 1614
1001 1284
603 939
32 1950
1255 1329
1290 120
628 281
1986 829
308 1323
1334 578
221 1333
1916 394
256 510
1094 674
1076 327
1447 1780
842 399
440 279
515 204
740 1386
1484 1511
194 524
970 449
1818 1401
1270 1978
1175 458
824 1656
431 1000
1444 709
964 835
54 1384
1812 826
1489 1502
201 1176
569 462
1960 1273
808 479
647 1954
1804 1438
377 1097
628 1088
1791 274
99 1219
1989 541
896 729
362 271
1100 1783
740 1444
1081 541
1466 222
1097 1014
956 995
1777 816
1257 136
1709 195
1730 1813
700 1405
73 1998
1963 1088
1041 1172
1634 736
1061 544
330 1616
184 159
1600 304
932 1872
431 1868
1564 146
213 1043
1569 496
303 371
1654 260
1667 1494
543 119
104 1551
1315 1532
1497 1336
1538 873
1791 443
658 139
1938 127
1904 1817
1958 1276
1547 314
827 1673
368 1384
734 36
522 722
158 1720
721 1304
902 646
1941 1650
1602 872
1626 1218
1259 8
1353 409
1951 1811
741 541
1762 204
21 67
1371 1173
35 988
1315 222
840 1275
1923 802
154 725
55 200
1281 1092
1480 731
491 1154
1366 1499
1765 610
180 1175
22 1808
1589 1241
735 911
1875 740
649 520
702 481
1896 1611
1822 242
1243 1335
1094 1679
1562 1473
839 940
257 1727
1722 1088
1906 450
486 635
187 1961
1473 1806
1388 1178
1510 1345
1777 456
262 141
621 1351
659 577
915 1510
409 1892
1670 1862
550 11
1931 1526
316 1891
194 1453
1197 1384
481 1501
1930 607
924 1723
1050 148
1029 879
233 33
819 1396
1869 1291
667 1971
863 198
395 1206
1407 1815
165 543
808 963
1747 387
1431 212
355 1192
354 1012
1612 52
1249 513
1100 87
1300 113
1615 1952
731 618
280 336
484 177
764 723
678 1596
649 177
1915 634
1821 241
858 64
584 991
777 33
640 450
879 1522
762 882
1356 439
1672 1826
251 236
65 1657
292 285
850 687
827 547
1944 1585
1212 1784
919 316
1986 1795
257 1544
1577 1291
877 480
1265 572
192 930
1388 415
1458 306
407 713
1747 229
545 194
968 205
1256 896
1794 1258
1486 1507
911 632
214 1468
332 778
610 1110
91 1453
89 1977
1767 65
678 1270
1002 1598
400 634
272 13
1593 1642
972 1570
855 1540
1933 1728
1917 799
1615 369
1866 220
1777 497
921 44
287 1342
1785 103
1665 476
1455 71
387 1676
269 1398
1693 699
1935 1321
828 754
1279 1889
365 1882
963 1396
1282 287
491 1242
1086 346
981 205
1357 777
241 1992
1143 489
1955 469
1171 1630
1601 41
662 1066
900 123
312 1632
1157 210
661 237
493 106
1637 781
1357 1479
534 1844
1135 1294
426 1664
1175 1168
712 134
1005 784
1483 1530
1132 1982
466 1115
109 1105
696 1034
96 128
663 1518
1669 1048
646 1113
1763 322
619 1906
999 644
389 924
1415 889
1166 1072
1898 937
1665 679
1447 816
1002 884
378 919
1454 871
667 595
1728 936
471 629
1813 1503
1290 129
378 1600
218 1723
712 107
478 295
232 234
1943 1399
733 817
536 830
1704 345
1995 1814
1920 1627
1499 1424
516 1021
1354 1435
1331 1013
306 1013
276 815
1514 454
1979 740
942 854
351 869
1855 323
1278 927
864 31
1881 978
1358 60
8 688
393 1541
1953 1492
1268 1521
369 84
703 419
990 247
254 1975
1198 800
1913 1598
669 1860
250 1445
1322 262
538 19
1463 834
1291 1522
360 657
1251 1302
423 493
1640 1714
1053 1193
1704 1033
1948 1883
1426 1767
1433 364
1174 270
234 950
1770 1454
1653 63
876 411
693 535
980 399
1960 1072
705 852
1212 1898
673 272
278 1476
858 550
534 7
1654 1027
582 1950
681 718
1517 1581
1053 1036
828 1541
1694 609
1497 1496
1438 155
783 255
1809 1364
1669 1328
341 1772
1306 737
149 147
81 193
1544 990
1038 198
1648 1219
533 713
1943 1935
1913 902
403 1996
1743 449
1611 1661
919 490
1347 1144
351 973
758 1871
1109 1637
625 302
1082 1243
375 987
674 1584
1394 1499
1166 603
782 776
661 224
75 392
208 1776
862 735
259 1178
731 1420
1775 1823
920 1252
11 422
314 1107
1383 1487
1373 1425
1087 978
914 1943
1447 144
576 1535
1300 1110
271 1630
1185 1831
718 1896
724 1444
1245 757
1040 1408
1338 1568
1794 1901
1290 795
1750 1592
561 300
4
1370 433 473 1011
