2000 10000
621 113
1953 1418
1075 122
1495 712
960 1082
1161 1399
343 1409
1196 1455
182 1126
9 717
1752 1607
1372 464
583 1521
335 339
1080 1487
1015 845
1293 891
590 1209
1443 635
1818 638
51 1892
139 515
175 1002
1987 1807
1792 1873
315 1813
182 383
448 433
1000 103
501 465
808 1698
531 1106
548 531
940 1740
1621 686
780 1244
535 500
615 904
1264 56
867 799
1778 1464
1389 1798
480 314
1131 1547
1666 1719
77 1026
630 478
1077 824
1394 1003
1587 1100
1204 1451
620 1115
1424 275
1040 892
1167 556
1602 1242
283 23
1238 201
1073 947
1586 1685
80 1119
1736 179
1897 1197
1599 1473
1360 1182
1281 1052
39 1581
793 989
804 978
613 1276
739 149
448 901
1236 719
1100 312
544 834
1350 1091
1722 1190
836 284
1506 584
666 1644
1673 74
1316 1887
1570 1458
256 1940
254 949
1259 980
498 1322
984 464
1234 1254
1977 142
1289 281
1117 1277
978 137
1977 1632
1663 1687
77 169
1534 884
1906 873
685 1114
1275 1304
1330 424
1203 160
1837 446
553 1450
888 717
1873 1894
389 661
754 376
540 1067
1428 1862
595 1890
416 1857
1418 139
706 1652
1590 843
1554 574
88 1216
168 1320
1215 870
1069 1984
1626 1814
269 917
380 233
1809 1901
128 1800
134 101
266 1578
602 1153
1579 29
1303 241
1312 306
1772 1732
508 1525
333 1437
217 1182
1333 73
1879 306
1025 1139
1763 1376
581 1642
369 1
1234 1934
1587 1200
316 1504
1569 417
1983 1938
462 73
294 1263
48 683
1782 1775
626 1842
1456 1321
1393 1033
1210 1326
946 1410
890 1765
309 255
73 763
1001 419
719 1186
23 860
1062 560
957 1329
1763 1053
427 1720
238 1040
1968 550
1583 645
1179 1629
1932 1392
1392 752
655 1080
62 1930
1101 341
53 885
1055 1795
553 213
733 1288
1356 1326
779 79
1000 642
394 768
1913 10
1525 1603
311 991
1049 1458
736 1679
1565 138
1780 95
228 934
516 191
1360 770
90 386
25 1625
540 1711
1053 807
1563 746
1272 748
1981 1098
46 973
1318 576
876 1618
1105 1221
1645 1891
510 652
438 1054
1263 1829
206 130
1253 1974
610 1173
1056 80
691 1327
629 1049
1938 218
1536 1401
465 886
1532 102
1490 1128
158 399
1039 119
64 1015
1522 240
640 1860
1577 1377
1671 632
346 194
1883 660
1577 184
4 1379
302 1172
1400 1592
1790 828
1412 930
1127 745
112 356
210 1471
572 1619
509 479
1557 1791
730 534
1225 1071
307 462
1711 395
828 1810
1712 887
449 318
353 32
1565 770
968 598
1021 462
406 218
162 425
483 566
1469 270
462 701
3 1852
1271 845
649 1430
1892 1022
1944 1186
90 1316
750 843
965 1008
1625 1266
267 710
89 875
963 655
1744 1276
320 650
367 1371
749 1749
487 149
1079 1273
1306 1258
867 1000
1516 1762
31 1321
813 192
1448 1274
1386 1237
60 608
920 1371
1902 1943
1534 483
1286 954
1069 1079
1428 435
132 455
1189 958
1211 1898
334 1723
113 1739
816 1206
436 1561
120 1681
668 493
1654 1251
1894 1847
864 1531
806 852
507 1784
388 1671
1479 1656
514 632
917 703
1163 1464
504 374
674 1459
1058 100
1861 970
1018 1611
477 1643
286 1495
1041 1145
848 1946
1488 882
1589 355
445 892
1865 1120
644 1400
32 1139
1352 1862
475 1476
628 1945
1780 610
1184 1346
1781 1936
261 1819
1225 835
1225 593
988 56
1952 1095
328 1474
413 478
29 2
1727 1767
1955 1688
53 1672
161 936
1052 1988
467 603
614 1243
1247 1611
1020 1576
33 1254
761 1134
1979 1519
766 1507
1872 803
657 1588
103 1169
906 1667
1735 2000
315 832
508 1715
1680 600
1488 372
1885 845
141 763
1956 249
1248 635
183 1752
238 1160
1668 720
268 21
704 1677
268 1905
1863 1809
12 1396
189 1755
319 1853
1113 427
523 546
1998 1309
1825 395
1130 896
546 1863
857 1722
202 1572
1841 1771
1106 1965
842 1261
1533 1280
907 1343
715 274
1697 1827
1591 758
746 262
1938 873
862 1020
1208 639
1949 229
575 476
1196 1523
1648 1488
952 875
1151 549
249 594
1432 579
425 1685
1667 1258
1775 1510
516 491
1498 1941
679 1036
1842 1903
619 1682
770 989
1227 1442
651 1665
1258 1930
1181 125
992 1995
697 277
844 1371
1004 1072
1702 867
630 349
1147 1343
1192 1926
504 153
74 348
812 1153
1069 955
1150 1667
1305 90
324 103
520 1487
1733 1192
719 1061
1954 305
537 1364
353 250
1355 145
1157 1223
79 573
1898 711
901 565
382 636
126 173
622 1657
1977 531
1929 1649
347 1410
1076 255
242 1008
717 216
680 395
1192 1816
878 1639
1498 1938
281 1947
1925 1455
1574 875
93 847
660 1328
919 600
1905 838
1997 1355
1332 337
231 566
470 255
1991 1881
1068 965
1277 750
1519 1418
676 392
953 1132
764 665
357 649
1627 1067
101 808
1612 401
914 1984
1045 1442
462 1960
454 1800
1738 87
407 1294
1350 59
1363 1136
1005 1800
1828 1096
902 1494
1459 1639
750 942
175 1552
969 1460
1588 1091
1337 1455
1316 5
665 1381
1864 492
1814 1542
99 1206
951 708
1245 1108
1616 555
703 493
887 1043
863 1162
73 1785
1259 1050
739 883
100 1046
334 635
920 1135
1204 1355
1882 1057
1946 1469
818 801
5 732
1014 1101
1965 17
1319 1904
1532 522
420 402
172 1439
893 827
1041 898
1051 669
1168 1116
880 464
1455 1606
653 820
799 487
1327 1758
1733 1899
1550 1070
300 1243
1591 890
654 1666
1363 1067
1077 1496
1638 1472
1917 1530
863 1233
6 1158
532 1677
1979 996
1051 964
909 245
953 1581
299 1007
821 248
684 699
1275 1097
749 1902
1427 1908
1564 516
580 597
1381 718
1560 567
784 1203
1840 43
884 500
114 1337
451 1510
863 1622
1223 913
1002 722
1360 510
1136 1497
1496 763
164 1199
1966 1140
1807 891
1608 19
1681 1743
1185 200
189 524
1700 619
810 1054
750 1932
1709 619
319 1173
563 682
1371 911
1935 1433
320 921
1955 1281
330 103
476 138
1438 1035
719 300
1651 1630
1422 1112
1886 1119
1279 608
1030 1007
955 1744
409 1102
1378 1920
1506 1967
1849 1487
541 884
1958 657
1476 980
392 1866
1848 1207
311 1254
1493 438
1083 311
1163 1538
216 121
1107 899
1455 1165
459 394
1819 1548
243 1630
1510 615
661 193
1585 1813
1367 1205
671 594
1968 156
519 1510
1971 1858
196 61
822 1047
1734 115
1515 994
1475 259
1814 96
698 1033
1028 1427
1005 552
1601 1332
416 576
397 27
1401 778
1182 378
681 631
145 890
1036 933
1789 93
112 454
1465 1350
869 749
1776 1905
1074 12
1655 11
1028 809
1323 1600
1400 285
1702 286
944 1303
960 893
1830 1937
408 738
1807 503
1606 565
1635 106
309 1682
574 1275
1801 1985
1716 1874
183 105
1784 979
744 1868
326 769
1467 1169
671 1872
1699 601
29 1314
1334 789
265 956
1151 1873
326 159
1573 1838
551 1194
1872 1495
49 855
1100 803
1896 75
1510 999
800 1653
1477 948
502 1576
1408 371
968 814
1316 1099
1939 1121
240 1249
1761 49
1547 1932
486 371
147 350
345 647
548 580
1676 1440
998 1977
647 1869
1445 89
1592 766
1495 605
1724 1182
1082 151
792 931
509 1996
1910 972
544 1751
1980 737
1593 1846
1672 1885
86 260
272 22
185 935
1439 1598
1701 974
1651 1040
1839 1086
327 1950
887 1509
686 1118
1651 521
1535 1497
1472 29
748 1476
1606 197
652 1197
490 85
78 1386
1646 594
1674 482
842 1627
1265 681
991 857
1954 1505
1378 622
1200 504
620 1043
433 423
1822 1989
1218 1028
495 1646
114 1582
932 126
24 545
943 79
1446 1365
860 119
1526 468
1768 1181
522 1888
1286 1626
710 1541
842 1095
1043 987
1793 1672
1282 1552
869 78
395 631
204 621
78 1210
1962 1463
1081 551
932 173
1424 1149
1338 1997
155 54
666 280
1573 1800
1381 521
1098 1625
227 1842
1076 107
1470 1316
478 1330
1210 753
1108 1571
909 1745
1010 119
1247 1863
1267 873
213 1914
1362 1198
1985 1611
1764 1462
1698 1486
12 446
1247 1760
719 1770
1620 360
96 1139
1743 1241
448 1196
1239 1127
1642 480
104 492
836 1552
566 1079
671 1570
1806 711
1898 1971
1624 1569
1511 1976
1076 459
1304 599
1257 286
1103 194
56 527
1633 614
222 1982
349 385
1116 685
1320 575
1583 498
1778 1700
1653 923
764 19
331 287
1113 590
1296 556
1075 1509
158 1777
203 148
760 208
586 1211
168 150
1411 1890
972 92
1303 1228
746 1307
326 1135
1358 1360
1235 966
1853 816
99 728
253 1350
1449 624
178 55
1636 1423
1069 907
751 1219
720 1160
910 573
401 274
242 1513
963 1882
533 1788
461 1960
489 1712
638 108
1190 1432
1080 1214
840 1900
1336 1925
1514 1047
1416 1779
1853 1238
858 204
470 1070
952 1472
694 1051
1060 1802
262 1933
1272 397
1925 1658
1602 1475
1602 221
312 1596
234 1053
181 96
425 629
149 956
1919 282
1210 1299
1560 93
344 1032
417 101
1351 571
882 1893
1676 253
940 1610
1630 1784
1695 1662
1313 1371
1614 1434
1399 723
965 1215
854 730
1052 1138
771 188
1351 1646
902 1604
284 1483
1552 860
1184 1033
1671 1209
591 641
1433 840
402 1764
1144 1607
1397 1541
507 1628
1080 1919
770 46
629 510
1576 1170
563 1371
1777 1022
123 526
1225 887
863 1735
22 77
1161 1732
1083 253
699 236
110 556
12 161
1721 1992
762 407
1731 303
114 641
1741 1818
1556 1377
1608 1722
897 1835
185 852
807 24
1606 1149
927 1813
114 726
1691 753
720 758
1754 1574
773 477
420 290
931 1451
56 118
1873 778
1927 480
1724 260
1719 500
1886 1380
584 270
617 586
1309 1340
1991 1477
372 1605
721 495
1003 882
1166 1332
1682 1727
1483 1915
1612 1529
1551 89
1230 387
1752 1077
1937 827
1138 1808
1231 1479
136 516
949 1361
1254 978
1815 1437
1587 1397
925 1647
771 1795
1470 672
364 1989
130 25
1385 1889
1978 122
1902 213
1027 1067
816 373
851 146
1132 1768
863 961
163 214
247 1209
233 1848
756 129
518 1360
51 1085
623 1175
344 1572
88 443
1008 1351
1249 1861
988 43
660 1231
1764 59
1385 164
1241 646
85 586
1650 584
1470 1880
845 514
685 408
753 425
1453 1514
229 762
1333 485
1243 567
1475 1502
1581 1889
719 1497
628 1603
1770 1169
343 37
1641 220
1211 547
32 926
1619 1380
339 1357
244 1194
1294 1888
1906 752
1261 951
1667 1543
1714 948
1527 1327
257 4
663 1810
1494 1164
984 27
714 1258
36 673
1844 346
1876 1544
1827 1940
2 1112
1107 612
1382 1750
143 1272
1698 1163
553 1150
898 1842
1199 1726
85 1153
602 828
981 1006
1812 557
850 1118
822 1979
323 1937
512 227
1905 678
480 1710
353 1032
76 1390
525 1197
1935 5
1473 1189
1301 1007
225 1106
1239 1364
1923 1526
368 142
523 1360
637 1718
1658 671
1897 235
1033 300
1623 827
367 862
1425 733
461 331
20 13
1249 1647
1902 1485
98 575
1877 1033
1490 584
215 1031
1029 1626
824 81
300 941
818 139
896 357
1390 1823
807 768
440 970
550 777
1140 181
501 686
1917 1910
924 1807
1620 1387
1160 1895
1558 1578
1203 1747
1269 1688
1256 1709
606 698
948 1173
1701 1549
1872 1181
1778 1143
982 1108
280 51
1313 123
878 7
901 169
1215 395
808 230
803 1513
1547 1176
607 1221
1743 433
599 154
950 1224
1431 1271
1694 1980
114 1798
571 182
774 105
1850 1820
1484 1401
371 1589
365 746
190 1317
936 1462
382 303
606 1033
724 675
245 1481
1316 1836
1529 1758
844 438
825 1521
1764 365
687 1614
1932 1826
1223 1113
519 746
1385 1279
1839 1596
1096 461
95 1920
758 516
1330 368
179 1013
12 1169
1671 1286
1635 1214
1506 1732
1220 1937
433 267
810 1025
1618 266
1652 1373
1252 760
687 1060
699 652
541 1148
680 40
1574 185
1738 1641
362 596
387 1928
290 454
491 1329
1534 1190
1752 1169
1226 1086
1534 1896
877 1932
10 227
1811 991
498 1532
907 1855
1916 1485
1711 1243
1853 1578
664 289
1229 559
15 846
359 1578
674 1113
386 1262
195 1646
1970 1558
495 1939
1966 339
1274 1053
1320 1774
1412 281
1867 1552
437 176
1216 1447
1986 1684
496 1530
1885 1540
1515 1630
1105 1163
1754 1818
697 133
1856 1860
613 192
1974 264
1594 1204
1508 1661
1921 1228
492 1303
1258 447
1519 1186
269 1009
614 1484
1084 314
220 499
1919 1537
1845 1707
967 501
939 411
1161 1877
1109 402
1647 1984
1715 1919
55 1983
1408 1333
987 1463
1264 1220
1199 2
1756 396
1589 382
1143 1018
1332 435
1088 617
404 916
146 1384
1861 1657
1832 1184
277 590
520 317
1000 771
1937 318
945 1994
995 1981
272 1403
1536 607
1317 486
569 195
1290 1661
652 1651
66 1937
923 630
1257 719
388 1487
1121 1342
41 470
240 1455
27 1261
701 72
1954 593
1979 1347
68 1134
1743 73
893 393
504 1382
1362 68
76 1967
24 241
1094 963
642 1201
1238 1308
830 1548
906 283
1193 276
126 775
1459 957
67 35
1804 487
1151 136
1706 12
1977 1343
1408 1125
1567 262
1090 1516
687 850
703 1701
133 1427
850 648
620 119
1070 1725
171 946
708 1027
1199 1994
1303 760
405 422
1722 683
255 454
547 559
778 1056
557 616
1167 514
1463 208
842 1901
540 36
1085 439
1793 677
764 1925
469 692
1529 1679
1535 663
1144 43
1995 1541
1333 1354
1131 183
25 880
1115 1659
1292 574
412 1770
1915 649
696 970
201 112
724 649
1084 1357
1073 1888
1812 939
1344 1288
227 1312
1091 1173
378 891
998 929
1860 878
102 985
1358 1874
342 1650
238 1023
1855 897
791 566
362 458
1812 1717
1155 1053
729 265
386 491
155 928
59 1974
479 795
330 1311
1216 465
206 415
1678 1233
1908 1646
98 1273
169 1698
1440 1685
672 220
1074 211
244 1857
1020 1794
1001 1806
1316 1236
212 1918
1244 1910
775 1740
1862 1619
320 1940
441 257
1455 1023
322 366
1145 1998
590 51
1522 233
311 70
814 1097
467 1565
1193 1046
1411 771
1700 1789
1105 513
1876 1064
1353 987
95 2000
395 1208
1009 1293
85 1298
1228 1421
331 225
1699 340
937 1402
348 785
1081 1821
577 391
1999 1594
255 1089
1172 160
1191 1265
166 473
539 1256
1884 822
778 1811
357 1337
897 343
1011 355
606 548
583 1519
594 1736
340 1277
371 1441
599 1223
1223 1055
1090 1743
1735 1326
1115 1169
642 1663
390 133
1568 673
984 357
261 507
717 1072
833 1671
266 256
631 1451
107 272
908 1954
1895 141
108 810
948 797
1147 1121
648 1589
1864 1870
889 1280
501 680
31 214
822 1712
1373 964
392 1512
886 68
1958 1787
558 1583
1615 873
1115 1064
70 1270
616 1387
1282 1394
1606 186
1687 1997
624 632
1872 109
652 1037
1294 698
234 401
714 40
1799 1575
1006 1744
518 1367
1996 794
35 1216
792 1312
1503 233
100 555
1682 1184
1793 1363
343 1529
154 1697
276 991
241 1006
409 1388
1877 619
282 228
824 527
243 162
1005 1381
1765 897
1916 1395
869 1775
1014 1264
606 1857
1031 1993
396 721
553 1325
1331 1961
1329 1973
918 1785
473 1862
1956 1764
1001 1902
801 1894
1598 598
1387 1557
885 1819
1167 493
1674 1440
983 1001
1329 93
1256 515
1377 1524
1919 1604
275 1079
817 1860
889 381
355 815
1306 118
440 1001
1381 183
31 939
825 720
687 1329
450 1805
237 228
804 1572
226 1145
217 33
603 1737
1638 68
1612 222
93 594
867 1236
1495 532
1180 672
1106 711
919 593
306 597
109 880
719 13
417 1506
1358 61
1588 401
1158 1811
423 57
1175 78
1825 1747
1276 95
730 178
1911 1267
669 1771
1202 783
1731 183
305 1351
1528 1634
1450 461
33 1954
1271 1910
638 350
772 240
216 982
127 371
683 311
326 1796
1772 1402
989 1927
1046 1241
364 673
1514 1132
973 1158
564 450
1957 1823
1029 673
1556 1113
1576 1211
1040 1631
1796 682
1507 1959
1744 1936
702 1165
1936 1727
1563 450
559 260
495 212
1246 1700
1447 213
1385 188
1240 238
1487 985
253 726
1406 138
799 1072
575 873
1264 66
636 1349
1919 906
16 312
1845 1998
1900 1133
1532 1524
1986 691
975 73
430 494
1768 398
1060 290
157 51
93 1339
176 140
1537 832
1845 1522
966 370
827 353
28 1471
689 1881
482 169
1808 1736
673 79
895 256
1295 1141
341 1375
1529 195
1912 1839
1705 274
1399 367
896 459
1045 567
997 1052
1107 1130
1576 1260
350 7
249 1803
1776 1042
1645 452
969 1880
1745 176
1310 1937
923 518
767 147
1516 966
1539 505
1401 1109
898 955
1983 1243
283 1718
175 982
1318 468
780 1838
242 1971
182 1167
778 940
101 656
502 130
1201 465
1389 1647
291 126
1566 694
1082 344
932 975
36 1504
99 90
42 1013
1993 527
1071 418
981 93
989 271
176 510
1127 1618
1235 1236
1016 905
1101 1882
1693 1543
1697 434
794 975
450 1903
920 651
9 1692
952 329
1299 913
933 1827
1153 692
885 156
1979 1199
47 372
896 1769
1069 1668
1857 374
1893 178
484 643
722 1212
1714 1005
99 1986
185 1508
376 1750
1775 1491
1330 1879
624 1338
960 1102
310 874
398 1775
1616 740
994 1438
1066 589
757 1678
123 641
551 195
259 1859
735 512
1052 93
1659 1327
1135 40
1802 278
1638 1495
431 1168
1453 1859
847 644
861 545
994 1299
1045 944
464 506
859 1362
119 54
279 187
731 1842
1960 1041
1701 1397
278 1596
560 16
714 1841
829 517
1241 189
1027 1614
388 247
1485 324
584 139
224 1863
1387 1186
944 1198
1233 1126
1210 1726
131 1792
1599 1978
331 655
1478 268
524 1730
1132 1698
1087 1671
361 1063
1361 1885
1849 1885
1349 137
1091 624
1959 1694
369 1803
1765 1110
1308 60
1152 1242
293 1237
852 1331
1480 215
313 1016
369 783
1155 1404
1130 1744
1961 198
1049 1981
504 1611
1140 1596
270 1197
1386 1872
924 67
1380 1513
1445 1290
292 42
1515 1261
1543 1677
314 1154
1096 637
1027 1138
900 744
750 1953
786 207
855 1047
1612 410
1618 1667
1299 1300
1811 1540
1172 1042
979 921
574 592
728 188
1491 77
638 1476
1323 153
1097 1415
1630 1028
919 97
1718 1643
270 650
649 761
1602 597
909 1275
117 1780
1383 47
1268 1739
1709 963
1165 1331
106 834
1290 188
1035 1506
1966 993
40 1006
756 527
477 1639
624 804
1558 741
421 1563
392 1654
724 1142
976 895
885 369
1046 1523
1842 1019
1462 398
1686 1381
1051 943
1100 744
1937 1398
44 165
1140 595
531 808
31 1248
97 1927
910 598
1396 511
1822 122
185 1377
1091 177
721 631
1276 1415
1084 777
1554 1746
381 51
559 276
401 1292
857 120
1069 1304
1410 75
604 152
65 1361
664 639
718 1129
585 1026
911 1863
113 780
28 168
209 1772
1269 1800
313 1447
595 1823
774 1413
1758 809
365 191
1235 72
1341 161
743 750
1397 847
717 1944
855 182
1698 504
48 352
1741 1826
1985 1834
1546 664
972 1242
340 594
1808 865
295 1218
508 978
867 508
1938 1439
560 210
1694 843
1873 615
1323 1772
548 952
1860 1024
363 75
538 1152
40 1832
1846 50
1021 443
1875 496
590 1282
1173 501
298 352
729 1327
1303 1383
897 468
1291 953
1332 1853
1761 1468
1442 731
1651 1818
1778 317
278 1917
1515 868
985 1824
1012 1544
1658 1963
207 1899
1085 1732
1255 1431
481 673
217 1044
1269 219
208 357
1969 535
1226 1877
1223 1179
599 1661
416 1400
11 525
869 532
1729 505
1620 352
1756 1815
669 1158
997 1184
1046 305
341 64
353 919
927 1931
5 224
831 1283
771 700
733 1182
1860 524
1021 550
1178 406
1183 331
1635 531
1069 1810
235 741
751 1228
1175 1007
157 1666
1286 1893
216 793
501 106
1228 1122
1761 947
1690 337
1925 781
1291 1436
742 1800
1306 184
1122 379
974 190
244 1947
506 36
1390 702
1668 1649
913 994
1028 1569
1439 1711
1621 65
128 315
1736 865
692 1534
711 1785
1051 1798
711 1459
1285 1014
693 1173
748 893
1223 1879
470 1002
781 1612
1417 1022
158 601
1300 784
1333 1315
1200 383
1791 1104
479 337
397 453
84 284
158 381
10 355
140 347
315 554
930 1787
560 1746
1189 985
694 1082
207 37
1222 208
10 397
374 744
1663 1078
1716 779
901 314
1004 121
957 1327
1960 469
1557 623
1591 1903
1308 1784
909 1238
1625 51
1140 438
840 1497
550 532
1148 152
420 692
45 1270
1074 826
1443 1684
513 434
52 1473
159 260
510 732
811 756
591 254
1065 958
1000 584
1878 527
155 495
930 351
1485 390
1788 1936
1162 1358
1245 1331
1 688
1969 1940
957 992
1433 670
433 235
1800 171
120 1076
130 668
1764 788
1684 1820
1513 1539
1120 547
713 1274
1300 1282
33 1109
247 199
852 983
1284 33
1663 467
957 488
504 1028
1787 512
796 541
1893 1360
1704 1805
1847 1092
1947 180
972 1370
1834 368
205 842
581 385
537 1342
969 1411
1576 556
483 1761
1150 1929
37 331
1113 1751
1608 1053
311 1202
1634 1678
65 1406
89 1811
1892 1818
570 1662
156 912
427 941
1767 484
1822 1986
9 1320
1822 695
1293 841
1920 1068
729 1058
1042 623
1262 222
1027 653
1170 1415
1304 1650
704 1490
948 44
1481 1421
12 1157
968 1346
583 1892
729 1614
707 1957
146 820
209 686
665 1374
828 1126
146 216
1774 1534
1318 1740
1694 233
1887 1331
90 1885
1376 1677
1925 421
975 1665
199 300
460 1974
1293 679
58 752
588 485
961 1019
497 675
173 1954
796 766
990 929
399 197
486 1762
1341 1583
924 1685
253 952
29 1275
1607 937
1278 1513
1742 316
1270 893
371 243
308 639
607 1186
1186 1056
646 1153
1705 1618
1602 457
1350 349
1280 1604
1236 884
693 352
530 969
879 1683
1009 465
700 496
1280 1631
1843 1688
9 1227
1097 1760
661 76
255 273
928 1139
447 1335
1618 1137
774 737
1950 465
1794 1041
1251 1663
867 320
1830 1206
311 1290
1571 485
550 1756
540 842
973 817
1609 1101
1595 1784
1140 1871
625 1311
145 1966
1957 443
386 693
1729 211
1117 1092
850 634
710 1408
1951 1771
1098 650
1396 1340
1605 615
901 1196
134 150
1966 1806
790 1529
1793 937
931 1997
832 1948
1033 1168
42 1458
1427 557
1435 335
1662 837
1678 1998
1355 441
159 239
1775 837
634 137
1010 366
1809 536
306 1894
665 214
1797 1014
1145 1822
1374 1524
1932 1109
4 27
713 1044
937 1472
81 598
1269 282
1530 101
1665 1740
426 1675
1663 1674
319 1110
196 119
1285 183
503 1983
1569 1985
72 1630
1420 533
1842 258
1155 1312
1371 667
788 339
306 1515
373 409
439 1057
1164 1825
1240 1168
245 1198
1580 79
910 1591
1136 1563
1738 869
1389 1528
66 1523
1460 314
174 985
1817 1439
328 755
615 534
1009 1516
221 456
426 1937
1358 559
1936 586
1750 339
1153 363
65 1736
826 1965
1188 193
546 1645
946 245
1412 1879
863 835
1490 489
954 537
1001 391
97 1691
1537 1635
135 395
1482 771
953 1493
1097 1816
223 1061
288 1752
1533 254
883 220
1538 762
1975 377
237 691
1513 984
1822 1311
139 951
947 1407
243 1755
1849 1281
431 66
385 694
1219 737
1039 1927
946 881
1637 1593
272 749
588 458
1929 311
824 699
1014 987
1679 1607
1258 1523
415 1005
1732 460
984 1201
1440 1139
1704 1917
173 840
1372 899
852 789
903 519
492 116
1760 1682
266 971
1081 505
547 1764
691 1133
719 476
507 750
1904 385
1112 1801
1175 1461
1837 1289
1029 1100
1405 1071
459 792
1292 1396
170 787
647 456
1593 790
185 920
550 1599
684 1023
1823 1779
1981 1830
132 815
844 1618
5 520
1005 184
1450 1430
1427 921
772 1556
1849 1224
694 347
19 210
1498 1951
1696 1894
95 1960
529 1107
95 1112
1863 725
167 137
851 1142
729 487
1002 306
293 1286
1742 1144
155 1432
1166 853
220 1005
219 650
1733 179
624 777
69 551
411 1996
338 1240
224 69
17 309
1883 226
1096 1407
1562 1084
1495 167
654 1031
1039 783
1790 1747
128 1176
929 383
1817 733
405 616
246 186
1913 1854
726 28
718 1580
1736 576
305 449
1571 1196
1990 177
1945 1788
1300 182
1348 1499
1340 359
1986 733
1828 700
1566 157
1133 1004
1950 1882
739 1317
1081 1765
739 1229
78 828
292 1858
53 1321
402 552
693 1669
290 514
911 1483
122 1980
50 1804
1774 608
166 647
1274 607
953 1667
60 117
433 1943
128 210
1489 33
897 1400
978 720
1604 552
412 240
632 1386
1991 1911
1687 477
246 1723
475 1650
1928 864
1693 1246
723 1313
1789 113
1719 524
1236 1057
1470 1427
42 1737
1945 417
1586 1187
1682 168
593 878
1727 618
1000 1666
451 1088
722 1686
941 1713
1378 333
125 852
1806 1033
303 141
1094 1703
628 526
1493 381
753 905
1090 1426
635 327
242 1582
830 1297
461 151
859 713
453 173
185 1114
393 333
1846 1718
1795 200
1030 360
620 1394
210 1146
577 1411
229 31
228 1288
1549 788
1726 467
1472 923
762 1038
793 573
415 119
1155 207
165 718
1286 747
1277 1602
528 1474
1213 812
219 1247
1660 96
1306 1352
933 1581
90 398
615 248
598 249
867 1629
1212 1409
395 1890
1271 1259
198 321
1196 996
934 379
828 1364
1214 756
1614 1859
242 342
147 231
670 1825
1854 1996
280 497
282 1847
470 12
212 446
258 605
416 1924
1641 139
1274 1864
1063 1016
881 1264
611 357
1307 211
360 1145
1891 1575
269 168
1192 1412
1726 1129
124 1722
1204 1388
802 622
1026 1170
266 1334
1376 1460
1967 498
1016 374
572 672
926 183
1850 1384
1218 1585
19 987
660 276
731 184
1570 1142
163 1972
1182 608
1843 281
875 1898
1707 662
67 531
516 132
655 1591
1678 1648
388 1004
110 1692
1748 258
1332 366
1552 822
1704 1843
1086 1495
1455 10
446 1376
134 271
649 392
1711 1190
1965 1832
1156 645
311 1409
1433 1046
776 354
1647 49
551 39
1444 599
1953 1862
1898 774
1251 364
1563 1235
618 1603
1314 567
1630 245
391 984
86 228
995 1108
328 1377
1677 1167
725 1996
886 736
1303 1735
1001 1017
1554 1123
240 325
1822 1874
1339 1780
1386 756
791 801
328 1639
1814 727
772 1108
870 1081
371 1035
251 1486
1842 75
413 1620
846 1070
1433 1537
846 1691
1997 1384
1473 1024
1475 1080
721 1391
835 983
156 1185
1465 321
1630 283
350 1997
199 502
1539 1302
1481 1310
1969 768
1421 194
1620 833
1887 658
310 291
643 1336
1890 917
1581 212
1693 111
1169 1696
230 1023
873 305
197 745
1958 1808
235 1647
611 869
1421 633
1352 1012
1783 504
567 516
841 591
1456 1892
1989 404
698 1014
1564 375
833 1066
613 399
192 833
181 976
1496 418
1771 1736
1775 1386
245 375
135 245
1341 1657
1128 1852
1466 91
1838 1074
80 48
1790 1216
1920 668
206 1665
685 619
1630 1078
91 1820
1942 278
1620 723
1408 374
842 1660
1464 1887
1679 411
93 48
697 1574
403 1066
1450 315
212 1706
249 1477
508 1075
27 1305
346 214
76 1908
1665 877
374 1626
19 857
1949 822
396 1132
1410 456
1147 443
1277 177
1697 1384
1903 510
617 1550
1106 1387
174 902
1938 296
1846 982
604 787
1320 1272
1974 447
265 1666
799 831
1470 1400
970 337
58 1059
1120 163
1248 1493
1800 199
406 480
1136 1484
4 1684
308 969
752 1687
1181 341
333 1193
709 618
1616 1995
1167 1862
1522 1878
936 270
1446 1622
37 402
534 1860
1153 730
1395 1918
1460 529
397 516
1525 253
819 1902
1581 1623
242 1653
1125 1657
11 5
1994 145
370 929
351 529
1904 1255
1861 104
494 749
1216 782
1486 111
1784 1200
574 854
602 52
440 559
1787 958
988 96
197 556
516 600
1640 941
1815 204
1694 82
944 1192
109 351
777 1839
1264 372
594 1220
603 1878
1656 1451
1894 1127
545 1253
1132 1212
1394 553
1787 309
1782 147
1963 207
501 982
1804 494
1690 1759
1394 1932
1455 1351
634 1755
1450 1522
1454 1778
1045 843
1060 1912
415 1873
1427 878
1262 210
1192 691
1183 1787
1996 46
1469 195
193 168
368 533
835 1368
1980 319
1950 753
1593 972
143 1919
378 117
769 993
1016 1658
1946 1876
1812 1862
900 1122
821 574
567 88
971 1789
210 1998
937 1508
391 412
51 599
497 385
1624 1761
1690 1559
791 1242
1871 1756
1304 159
1580 287
343 254
757 1351
1630 1070
333 1788
712 177
1520 1766
336 1230
1636 407
1692 1361
1380 71
1102 802
1526 299
1041 1029
1447 1369
1644 167
1951 1268
23 909
1362 348
1407 45
1920 540
669 220
374 876
219 1887
870 1527
418 1695
1417 1632
42 380
1989 1148
1042 1349
1219 365
928 1366
574 98
1662 339
233 153
57 88
112 949
93 1712
74 1201
1145 1386
778 615
1404 128
1922 759
335 1890
1939 753
697 92
967 310
427 1575
1662 1989
1265 1379
722 1262
51 1162
902 502
1331 467
1873 1234
1692 1591
193 327
1198 1574
360 39
806 503
1658 1553
548 1104
1478 618
582 348
571 1742
1506 517
396 1787
875 1916
884 264
1366 1752
1696 70
841 728
1253 576
467 1546
733 264
552 1846
812 1779
1692 502
1979 878
758 126
155 1840
1857 1812
614 1286
834 1583
1112 393
800 1435
1182 1872
931 530
311 1099
1142 1767
91 22
164 722
1747 891
1964 1630
1319 517
749 1349
1892 60
53 213
1441 265
1947 531
1944 1312
1295 1654
339 1409
468 930
568 104
659 1118
1277 1964
1465 815
1241 778
1153 494
387 26
811 396
725 1136
1897 477
325 728
1574 958
1364 1131
1933 851
1349 823
591 481
1234 806
578 1480
1143 1149
807 1625
1300 369
212 706
642 560
407 847
1515 247
208 1003
466 1437
1220 323
1841 463
608 511
1820 1007
1398 341
629 1396
1503 1851
44 1942
801 1258
834 670
89 1471
1076 1161
1661 662
238 19
1125 1762
1764 424
454 1599
374 1244
1719 615
1162 479
366 1150
1099 1541
1541 804
1963 120
1398 777
1249 943
656 1511
1045 1042
67 1614
999 102
1358 128
120 326
1629 724
1001 27
606 47
1089 1234
1904 31
1978 630
1341 1997
293 234
783 1818
229 977
11 1171
1735 1854
1705 1948
617 1644
1024 1554
1315 114
494 1732
1873 1166
1398 1390
856 335
1426 353
816 253
1369 1337
632 660
1154 1822
1014 794
916 350
1102 1248
18 1900
1160 356
1053 501
1167 1335
439 1245
232 1949
739 478
1796 503
310 441
1454 1315
584 1114
728 515
1203 1145
1925 1209
797 277
1094 1753
1049 58
587 669
176 1904
303 32
182 1557
1670 415
1883 518
380 1155
922 1706
1725 1194
1322 1220
1113 1961
397 727
1639 1463
906 1920
1167 858
171 1450
215 1015
177 460
1296 1363
1327 1517
1481 365
1436 968
1536 482
879 236
1348 810
1911 614
1050 707
1616 725
20 767
782 49
93 1463
252 101
1286 1775
427 1147
1071 1891
495 1680
48 887
1320 1851
516 1626
1943 1453
496 435
514 361
1899 180
1104 997
152 1695
222 201
1507 96
224 1354
574 233
325 1230
273 1139
1082 302
426 1362
906 1864
224 1049
1995 1107
1701 1925
490 997
422 1192
247 1831
1355 424
938 663
1845 90
32 1282
1446 361
1608 1666
184 846
825 1854
53 1327
246 99
1136 1029
19 1717
1273 1233
214 1980
638 1035
1482 977
1367 695
480 1388
1147 580
1694 4
1871 205
422 993
583 32
827 225
1503 1826
332 500
1891 1550
983 172
1188 1483
1695 1552
1638 218
490 915
961 1581
516 650
1512 307
1576 1382
1873 446
1517 1249
1559 900
1458 466
1742 113
295 1260
1277 1083
1561 870
905 909
1833 910
359 423
1894 1675
1751 572
888 1025
747 1504
913 438
1215 211
1527 505
1085 1681
480 1076
1704 125
1729 271
1904 35
1980 911
280 583
497 1033
1472 736
1538 302
1546 1575
1175 307
1824 1083
739 1156
1348 1510
596 99
432 889
1127 1864
678 48
1201 1564
228 1372
953 984
1725 862
1669 1608
1703 136
1201 357
960 418
1719 446
56 420
1283 1675
1873 1888
1478 352
263 1827
1633 417
1638 1588
384 1065
710 1933
1062 644
10 623
1706 410
1102 897
1858 425
1173 1897
289 464
126 984
380 620
487 1604
1674 1103
56 1635
1205 759
1824 1801
1987 1660
1874 20
1953 1390
1076 1735
652 953
752 948
1647 563
377 1440
1488 1518
1640 292
843 1720
1068 466
1464 1079
1637 1236
789 601
1187 293
296 1835
1718 1126
1473 321
747 1577
1621 1158
14 200
655 320
1483 626
940 691
497 840
1457 755
1276 129
1848 674
1561 541
1563 1416
1081 1292
1758 759
1886 266
1624 1807
1336 1445
346 1152
1116 666
121 474
556 271
1052 1844
11 980
1134 1249
1732 311
171 657
1666 410
45 1132
1580 278
1066 1676
45 1160
343 632
626 73
1559 1768
1040 38
419 1871
142 1675
1342 1171
667 1814
1647 1041
599 122
11 474
1384 1551
167 82
1506 1410
669 517
1584 149
1957 824
579 17
1274 613
16 440
1007 1094
818 1676
1801 1417
171 1469
611 534
757 518
282 1435
1880 1856
1531 1547
1239 951
573 1399
433 1986
1213 1672
1148 744
1648 240
1846 106
1007 373
167 1268
640 1144
5 766
134 1854
815 609
1647 762
105 1710
469 1949
1494 1256
1628 1864
614 1472
945 489
1383 1177
1784 813
1708 452
111 127
852 1494
24 1486
1412 1391
1515 1338
1991 732
1737 264
984 716
1124 1032
1054 421
1622 459
801 363
134 1575
546 616
1112 1946
1414 1506
1704 711
755 275
1622 877
351 1603
1775 1504
1307 1490
78 1184
1018 570
1537 1743
1689 683
701 1973
1783 463
876 563
581 1696
1773 1490
186 853
969 1757
1012 627
1712 1386
1843 257
830 1920
40 603
1926 1175
669 436
790 44
1011 408
80 962
861 300
1927 589
486 1443
1684 1440
430 523
1735 508
1494 596
1010 1487
1290 294
1506 332
1811 137
1044 20
189 168
362 744
382 1987
1565 1707
1871 775
403 722
49 1281
142 551
556 236
89 1003
569 1468
610 1053
1869 267
751 4
1424 538
1477 245
1918 241
1925 1196
674 1019
1332 1012
1241 1460
1281 465
1234 1609
1335 1930
603 931
1400 1218
561 774
1367 898
930 1079
1935 1263
1803 1588
370 238
807 281
791 1345
1422 609
1563 1328
807 349
451 1027
1435 1687
1275 1616
1149 1086
351 157
1853 908
389 1766
1097 1696
517 18
461 376
1012 223
915 1172
1671 222
588 333
1250 1557
1441 1418
305 231
1299 1181
825 1230
2 1477
283 759
1688 728
368 818
707 127
1222 328
232 1624
1715 901
636 1512
56 389
850 1748
1197 905
1843 691
795 536
1394 650
151 860
1816 702
649 1466
129 825
1498 803
1504 76
1657 973
307 887
941 1942
162 1172
1596 1288
536 1231
749 268
663 652
1899 1631
803 1756
1044 1842
165 172
1280 1605
1756 62
48 997
660 144
889 237
234 795
169 698
92 1469
1371 1831
1085 308
1943 1308
1133 1720
1166 1774
282 575
1375 1158
240 627
964 148
475 1237
1939 1740
988 770
789 79
688 1973
120 1942
1051 1763
245 1352
1410 1548
242 187
1651 267
976 619
824 589
1669 977
337 1359
1726 1187
109 1427
965 526
151 504
91 1120
1016 1225
1595 640
794 1223
457 1431
1315 1946
1415 991
414 471
1861 1259
1729 1101
374 339
1674 958
1457 1020
219 1048
760 1092
1537 1799
761 879
844 260
89 520
330 17
634 1047
410 1486
69 1455
675 470
1175 1841
903 56
89 93
1040 151
7 612
1217 358
1030 1495
1357 69
1524 133
48 662
213 523
1781 2
1958 7
1732 715
494 1078
1536 1077
1340 385
239 1337
960 282
1639 372
534 834
1980 1947
83 1863
143 524
831 875
372 482
501 1989
1227 1388
1025 81
446 756
388 751
599 1524
1467 524
24 1880
547 221
954 382
759 1562
300 504
782 53
692 442
570 70
965 31
524 1594
1609 640
589 754
1689 332
302 562
993 1601
1329 44
1438 1203
1205 803
1620 1784
1897 463
1491 1512
1710 1354
817 206
1113 1065
1398 1481
1476 486
1804 1312
1340 1948
966 1303
1907 636
1152 1143
416 1871
258 434
491 925
153 467
557 99
1089 143
1575 537
407 1109
1765 1662
681 512
869 1060
209 1443
1161 842
382 204
416 1707
291 1788
1610 445
1184 1295
31 1233
1815 1819
525 39
1851 1781
1455 895
1013 1341
1038 914
1769 88
27 1270
128 1169
676 640
522 1380
193 712
204 945
1404 592
497 1333
778 270
1601 927
870 1037
1595 1729
126 1616
725 1639
1406 1016
791 100
1935 1432
1989 207
1500 176
353 874
655 1201
731 57
1947 1488
58 473
806 1953
258 221
95 727
213 264
50 521
1604 111
421 1167
678 1552
945 4
220 1571
738 1438
72 786
640 807
852 1332
390 306
454 201
330 1814
1792 113
1745 646
519 604
1227 45
165 1938
329 926
503 527
473 1429
1999 1296
14 64
1661 491
1417 1318
7 1292
925 611
1222 123
482 640
1793 644
1566 357
1086 1601
163 332
653 411
1758 1496
264 682
1285 1146
1034 1798
1708 871
725 1595
242 129
1297 1325
1088 652
1781 1599
1052 884
1856 418
936 1742
1637 692
1098 1094
1092 874
115 1476
273 341
1396 999
1675 821
1227 37
134 1029
1934 1881
597 1048
376 1525
565 598
1854 880
598 458
1532 455
1625 1516
103 683
180 1236
543 1160
547 319
1247 1368
1962 1743
844 109
1606 641
299 1698
784 736
914 1702
1779 1953
1754 258
724 1333
1391 631
1939 419
596 1776
1072 1571
1016 1787
375 1295
1458 1410
1534 1835
1187 222
1690 321
954 871
1105 1720
49 739
89 610
435 750
1128 1679
1455 53
760 1118
1889 689
927 364
794 1727
790 322
1374 919
395 1908
1064 905
534 392
1762 604
1547 394
1084 1385
916 701
431 934
554 1528
1199 936
721 295
1600 1505
890 1882
552 147
477 932
91 833
432 433
1257 858
873 1934
639 658
1390 1882
200 106
1442 1223
1577 971
642 1239
802 1450
1250 555
1271 1605
258 1133
1755 33
360 1434
1590 1625
376 435
1697 343
656 1272
1032 1379
1009 653
1923 157
772 137
775 753
1809 1581
63 1279
1146 902
1703 747
1676 1618
918 1116
305 1742
1537 831
755 1960
582 207
1394 912
1991 75
796 881
818 371
412 1911
1527 706
1636 1086
636 1421
886 1770
298 7
516 1180
1406 154
414 663
241 1553
113 173
535 1811
1568 1091
192 1235
1945 1264
1612 1312
402 1319
314 1545
344 1768
73 830
446 1876
1362 517
1307 258
674 1049
1431 89
1697 806
1329 1124
844 54
1139 1165
1095 1858
1644 847
1377 1057
1247 1893
1224 1455
1621 1573
600 1946
1033 685
1303 1091
50 864
1897 289
307 503
865 1239
472 1359
501 1459
785 138
1803 1609
1141 1440
1650 1912
322 1344
429 1836
1323 193
1703 1930
1385 514
1345 1732
1965 70
647 1308
389 1520
76 621
1489 203
621 1972
1627 1824
84 1000
1695 56
1001 132
20 118
1516 1537
1177 928
1849 276
1198 1575
177 277
1567 136
1355 255
1833 301
243 1902
535 181
1441 1127
1970 1493
1496 1792
1848 919
1198 1129
1316 707
1130 253
1700 439
434 1843
1012 1133
135 872
688 1709
903 1716
311 236
858 341
1769 1400
1621 140
904 606
832 1517
652 137
991 1954
1093 1741
1251 1299
1159 306
165 1687
847 881
1286 158
1339 239
937 1983
1275 1548
1893 76
250 1988
140 1769
917 1647
1607 844
933 872
1745 1858
1195 1636
508 865
1677 497
1407 458
127 1980
1027 1517
485 443
1857 646
436 1685
403 378
87 1404
815 1091
92 1227
1676 113
1496 1465
769 1885
1994 328
1026 1425
331 145
575 1754
366 482
1128 346
930 124
1178 1604
1992 1295
1397 495
1917 848
645 711
219 1282
69 1046
1332 1315
1119 953
1489 643
28 1051
897 335
1264 264
1806 1654
194 1588
172 1687
1973 1670
1410 81
617 1555
611 1672
727 1523
1538 946
128 135
329 1876
318 1418
1183 1036
1000 726
1748 1356
1809 1169
1656 1655
911 755
1184 785
174 1643
1174 562
562 55
520 2
830 1192
1151 422
833 1361
1786 993
1780 1810
56 1318
1003 1251
876 299
798 366
1894 1782
777 1386
1538 1730
1137 280
358 409
931 1905
221 559
680 1803
774 1107
166 1794
379 1875
1691 810
1437 354
981 974
1580 1135
801 1012
1954 40
669 1593
1222 1221
515 373
1091 980
1820 1754
1021 154
226 1722
1266 1729
336 956
448 1118
593 1332
737 766
443 555
640 1271
530 1885
1432 498
1408 1265
1513 904
844 748
9 1860
1636 1330
111 99
488 1692
793 92
1290 1949
1546 684
1673 1622
1075 1790
840 37
648 1297
1256 1802
362 299
1323 364
819 1225
1248 840
1156 292
31 1788
1101 1323
625 640
819 1217
689 707
1740 244
458 438
1943 1692
1351 1199
1641 875
15 392
649 1933
731 976
1240 1060
1140 317
405 1651
1525 1083
433 376
1501 1126
1061 143
437 400
1637 413
201 57
427 407
737 497
228 689
1124 87
1801 893
784 1243
1740 1705
725 64
1366 1932
141 1838
1497 1090
95 1052
1177 1563
781 1683
1085 1101
903 923
836 242
135 1791
1393 484
1609 1606
881 1814
968 1895
1750 1593
1650 1018
342 1835
602 871
1669 1829
929 339
191 1633
1620 397
1890 1599
1975 1802
115 386
1790 961
1189 579
1828 1648
136 683
156 871
765 581
1101 1236
1907 1099
1629 1063
677 1045
110 1838
1532 881
1647 585
60 265
1800 1443
1118 235
578 1622
777 1586
1867 1753
1546 151
1058 333
961 1269
824 506
1361 110
1040 708
25 212
790 189
1443 230
863 813
475 1561
1012 1762
100 83
1501 719
413 835
1499 1994
235 920
1817 886
890 402
591 340
1091 224
265 735
514 38
1074 1168
411 1415
1328 1786
1298 1816
1399 941
954 713
1563 520
1679 1664
52 629
613 1536
1975 49
1100 293
1412 1217
341 658
30 311
1667 1941
953 1369
424 643
81 1354
998 1138
1264 1158
34 1560
1620 1607
1998 1448
744 1049
56 378
1215 1145
619 1155
1521 606
881 1824
586 1569
1860 1249
1616 1324
1522 415
627 724
248 1874
191 1076
1606 890
1145 559
1303 237
1487 801
1395 980
1729 892
1683 1343
1056 1219
189 1419
49 928
104 1215
962 1620
42 1135
329 442
1037 1493
1564 1012
1824 781
982 137
1209 532
1023 720
1448 172
1744 1171
1034 1208
29 1861
1986 818
1055 1944
1105 1552
1724 1828
1080 356
1034 334
444 906
597 844
993 146
1374 1740
1024 1934
60 1929
804 928
897 204
701 409
605 561
195 1089
1270 244
295 1055
2 1568
48 191
1425 1899
843 1026
1266 1864
107 1650
885 833
1811 618
1539 394
1166 1905
561 1169
411 658
116 451
662 1920
6 996
1857 792
885 1456
503 10
1733 235
220 1489
282 789
971 1941
259 575
898 991
334 598
1575 362
572 251
207 1361
1698 757
627 1778
1661 210
1636 1370
1526 936
347 59
544 1600
875 1766
1574 1538
110 573
161 200
428 1055
694 1499
1705 617
1763 345
1253 1179
1170 733
1010 455
1455 279
1258 1540
759 207
900 315
671 1598
1458 581
891 1653
1225 609
377 672
1517 1949
1425 963
1264 356
746 1579
1750 1646
1420 1335
1341 1077
1028 1896
1807 1154
563 1853
1091 1572
819 1619
331 1473
1557 683
1786 458
699 93
271 950
1529 726
981 929
1401 939
8 116
40 1653
29 1785
1891 1808
1227 713
1017 1103
1484 621
1463 1437
1311 138
1410 1426
1355 844
1780 1918
1880 1173
1291 1721
431 76
1146 1101
1272 1957
1273 591
1135 983
778 550
1921 427
195 608
1482 314
1949 1140
1123 247
1918 906
1104 1505
456 158
810 111
223 800
829 1067
1156 855
1062 1532
248 1543
171 1743
1213 1721
783 1823
957 1013
1042 1877
1548 931
1221 777
808 481
43 1956
1065 655
988 450
1476 756
1366 343
1878 1287
377 413
305 966
449 959
660 879
1204 1727
1563 848
901 1905
1256 1408
1877 1786
581 1061
861 515
1151 1080
1880 108
1728 193
971 785
944 1917
241 905
1472 1864
255 1379
1715 412
35 1280
1345 1378
1631 1824
377 312
408 889
606 1656
744 1461
150 765
219 1451
1235 1434
1270 737
629 350
1437 1883
831 14
1606 1947
1346 1586
1055 635
668 350
1736 492
511 808
162 1816
586 1377
1170 385
1089 1427
242 35
1235 1261
1365 1608
951 1317
553 986
1054 284
1313 1860
1555 1110
1412 1652
109 1206
6 1187
1212 762
1798 1014
557 1800
352 1616
488 1404
820 1732
97 1825
1555 1244
1826 1882
988 1148
979 1431
1739 1876
1450 1735
1150 1316
112 44
1337 987
243 1661
456 21
1062 1428
1672 711
1853 405
475 1111
573 1957
868 1217
1382 480
1513 881
1019 902
1817 1894
677 734
1467 772
1756 646
1998 527
692 1930
170 1321
1398 1564
894 1397
798 1512
206 1303
706 455
1746 235
420 332
991 1145
173 207
1257 1563
657 1422
1226 1737
969 1639
896 240
41 426
235 1715
252 1557
1966 746
247 1631
1701 618
1041 1289
1489 431
1959 1066
1711 148
1124 504
1942 1699
483 1401
234 557
71 860
392 1134
79 1758
1242 1991
168 969
1685 895
543 1271
739 1777
881 1900
393 1008
1058 439
1697 1727
151 230
1662 1261
1653 913
1941 1198
187 149
519 1071
1952 1766
1140 1606
1614 1939
245 210
896 1616
409 12
1243 1912
1809 1407
474 1872
369 1755
1853 1073
614 114
927 888
437 614
546 480
1682 172
1669 183
186 775
1401 736
549 1948
920 1850
903 757
1420 857
234 1082
1079 1622
344 1340
219 178
1842 700
1681 344
1236 225
1295 176
925 1850
875 391
610 944
1341 114
898 686
1350 1621
256 1712
1327 994
158 213
455 1293
478 1046
86 1999
741 992
1334 191
1245 367
1379 1694
1327 1022
472 414
1517 946
924 1858
512 1130
780 1238
828 1359
1553 1974
45 1568
1480 1073
1112 1352
1489 1937
190 188
537 1765
1399 1940
837 182
525 1401
1924 333
1907 1045
1259 1725
591 419
1535 608
1790 203
1374 627
1530 943
1454 349
228 954
1915 1353
56 1798
65 26
450 848
465 1179
839 1182
960 1724
1059 719
791 1522
560 1738
1408 504
378 1951
636 1448
1453 82
1130 80
1697 840
1591 383
612 926
378 1868
585 563
1729 959
359 1527
855 339
481 526
1450 1402
822 341
1387 1421
300 1354
876 1308
619 1377
1414 1359
1495 1389
649 1939
1662 1720
1459 1948
1571 45
1447 1815
1953 1380
1607 1550
1817 695
1506 1530
1634 1662
225 1352
1747 1055
1513 1675
1171 1562
939 1708
678 1854
786 1515
1406 803
1833 134
1272 1710
1863 1004
1815 1620
1431 1749
1362 855
1327 475
350 1262
35 946
956 1712
147 243
1036 171
1624 1291
68 429
468 1262
594 1338
856 398
466 37
612 1283
1532 794
1282 1533
1597 1817
1080 1282
1605 244
1096 1857
1145 1479
1876 756
528 1327
1062 991
1404 796
308 240
640 994
149 809
1043 1569
143 525
62 1051
1294 558
136 1032
1085 1162
456 1288
754 401
1802 763
456 1125
259 1052
677 1684
318 79
622 741
1255 1724
219 1773
788 1891
1818 1407
159 1675
827 1051
1153 1832
77 963
889 1965
1458 1947
688 1938
906 1090
1786 91
563 1011
609 1208
625 1146
408 831
35 1647
1410 875
1347 245
1249 270
982 1072
1015 798
975 91
717 1418
81 1642
755 1559
294 1376
1044 1014
1495 552
854 752
1957 1989
918 1793
572 243
657 1089
964 245
45 379
506 1419
140 1642
1162 1736
612 1696
1070 367
39 420
87 641
404 1147
1897 1539
232 330
1704 1737
1784 1179
1129 478
200 1973
804 541
1431 1009
744 226
394 1924
658 793
912 475
629 709
480 269
1757 567
1128 525
209 166
1367 1583
25 836
510 587
1643 1436
913 1758
685 1851
4 921
1551 539
554 1950
1699 452
1280 1100
1213 1931
1652 70
1810 1730
215 532
21 772
1661 768
815 161
726 1875
1112 1543
1066 943
1678 1954
975 1035
1218 636
875 231
259 350
244 489
1778 1894
1874 1241
1008 623
963 708
1010 1440
1354 484
1314 1693
393 778
779 537
678 1063
1017 465
990 86
952 1213
489 379
1322 414
1636 126
1553 805
1799 317
439 905
674 659
915 986
753 73
978 562
816 156
1723 1176
1107 1577
1751 1671
554 1332
1685 991
843 1662
1846 1179
30 7
1206 1031
1678 381
1472 661
1734 499
1858 1261
1272 1882
1403 1679
463 1976
1639 519
277 1916
275 278
811 42
828 1063
1021 948
472 509
1039 1823
1999 398
522 532
1599 77
200 165
13 1775
1795 295
1379 749
247 899
433 1083
256 1490
420 684
122 187
748 12
1020 32
870 1979
484 924
30 1499
99 965
839 836
68 1927
427 1377
849 1944
1208 1591
20 945
432 314
1336 982
554 688
209 155
1619 283
150 1882
133 917
816 1802
98 1316
489 1065
1451 893
1711 293
542 511
1197 1483
751 859
1265 1250
1275 1886
232 812
1553 1641
23 628
86 1319
1110 335
1333 1652
644 268
49 117
581 692
565 1172
1621 991
328 904
1464 910
665 916
1711 1214
521 1934
524 347
678 169
1504 936
297 1482
321 1212
1264 1563
228 524
369 956
13 646
1736 837
1394 439
774 872
297 1156
1258 584
1991 1966
360 557
1925 563
1457 1200
1998 1503
625 1784
82 1141
1415 1775
426 771
320 621
1363 696
1122 1025
645 1840
21 1907
1120 1049
701 782
220 742
101 1357
1381 125
226 1940
1542 1194
402 598
1061 190
1646 304
1332 1035
134 1308
1812 3
1991 2000
561 746
1713 1373
1086 638
1501 523
966 1498
1674 592
1273 312
1863 1007
1359 315
150 1236
454 1879
1050 1815
1918 558
1474 1873
1588 1733
97 514
551 941
686 1222
856 834
1966 845
51 420
583 276
930 854
1820 1672
250 704
1079 1118
1680 1095
226 708
22 1508
1461 947
1563 511
696 675
1483 1102
1783 252
1207 881
179 1339
1029 62
1670 879
1031 549
912 1203
1379 870
788 795
451 287
1645 830
293 411
588 1081
818 715
1585 1414
1973 845
1735 1637
1356 173
1120 1277
1186 196
1860 1805
1140 802
1798 204
1841 890
874 1644
1804 749
1492 110
37 1042
425 1627
180 4
893 1928
624 314
1148 1527
806 254
1022 1280
1297 1373
1194 1991
777 922
609 1912
1668 344
1066 1948
612 1432
242 820
1256 213
1813 1886
1395 677
996 1329
815 801
338 554
1773 753
1405 699
1453 599
1333 996
1042 863
1957 605
344 382
56 1839
1112 1871
1064 598
51 307
1825 46
1825 92
1513 907
1217 1681
1714 882
1939 661
1170 1972
478 1929
322 351
1700 1808
591 1921
824 789
1297 756
731 99
1839 1246
461 95
134 1374
507 1118
1024 1338
1173 1584
734 1248
935 34
754 543
1140 1504
836 218
1904 1704
637 947
1179 1221
527 1648
1633 1593
380 955
1161 1184
1291 882
616 263
1578 411
1033 646
353 212
512 1113
1498 231
483 4
1492 725
360 1836
56 932
1484 1144
1412 1031
1841 1546
339 536
18 1736
479 1996
776 602
864 970
1463 111
464 1283
111 1901
924 1338
1603 1636
1807 1273
1536 568
86 408
1594 1174
1185 951
1810 273
1136 254
922 740
824 1424
355 1651
203 568
1838 1567
902 799
1458 211
256 696
1099 473
1129 323
1866 1396
710 1331
1926 1946
158 1533
1137 66
1158 591
1427 1568
589 822
1336 1920
430 1269
703 950
1985 1469
1279 46
90 1358
1116 1223
1915 39
671 1455
638 637
174 1704
1639 31
1161 129
1831 718
1124 474
1698 433
1207 404
1485 1177
1542 1050
285 748
698 187
1132 181
1512 121
1794 165
1515 1462
34 1296
1576 1801
1431 195
903 718
1808 730
1295 412
1753 1497
1210 1543
58 221
1547 855
443 1242
1092 1707
598 1478
960 829
843 1792
760 231
445 1820
703 1076
1289 1552
1477 563
1616 540
1657 380
1182 1127
993 521
204 1821
697 280
964 992
627 764
330 918
417 171
763 235
503 1265
236 860
616 1024
1778 1339
1523 778
1681 1444
1706 487
1151 262
1765 990
1235 1229
1110 770
1929 1978
333 148
1069 1083
1765 307
310 455
125 1984
1047 1138
940 138
1677 833
1754 1557
980 1897
1944 1633
1131 1138
522 34
1197 1317
150 384
1408 977
1441 1191
684 1215
905 1321
1201 181
214 1731
835 1844
1341 550
1345 1994
1158 1308
583 1329
957 1421
90 1100
953 1602
1261 455
1945 489
1983 1265
217 153
1656 1785
1589 129
851 1420
202 919
385 131
363 177
1967 893
370 99
234 651
886 1062
422 746
324 511
1249 1603
1274 1425
443 719
355 1995
748 1221
272 394
16 26
697 1358
686 1300
914 527
1131 645
105 353
126 862
310 677
667 1516
500 708
1810 929
935 62
1164 106
306 848
24 1403
1341 1352
1578 1999
302 659
1917 293
1199 314
239 1918
1608 1552
689 1468
408 1262
424 1457
1500 1925
691 1034
1795 1062
127 1699
684 889
1198 1510
1557 1148
604 606
532 441
1891 1167
903 176
1159 1435
734 1327
1581 1737
841 1598
91 846
1636 292
758 1459
836 1499
1162 1569
1243 1864
1570 428
1488 335
1538 1820
586 1732
1026 1320
414 867
984 376
1153 34
1647 466
1593 597
1128 373
1984 575
1359 1600
1723 1127
871 353
226 1933
495 1976
925 1026
928 1779
383 1503
564 555
908 227
1820 1361
914 771
1348 765
1279 1332
1571 1678
1838 1298
1713 375
507 265
739 108
1718 1207
353 794
1501 1592
1491 1405
255 1691
167 1297
466 1002
681 683
1477 252
1664 854
1355 1480
1553 1231
1205 1751
1531 994
1248 1270
498 687
266 1444
1975 238
570 1158
497 728
1371 1972
802 1903
1273 775
493 1589
1879 913
1947 1733
1727 683
1745 892
1961 1071
824 1043
63 1207
905 1165
367 1678
1678 1300
680 146
1486 1878
947 44
480 1854
1252 1149
1474 1282
1156 1696
1001 532
205 964
1330 1120
780 114
150 1678
239 156
228 97
1285 899
1267 119
560 1985
898 1433
859 1769
1090 1798
915 1847
836 1724
1761 191
1543 1408
1079 90
296 1535
1296 916
840 193
1052 125
1296 135
720 481
114 1955
167 661
316 707
68 736
869 1568
119 1098
1355 1141
816 275
268 1205
445 1758
37 713
1766 1325
1066 801
1148 412
502 1063
840 1526
348 1683
1762 1168
801 260
915 1518
1959 1414
181 1776
1800 515
1397 1213
303 81
1971 1097
86 706
1045 637
115 1005
127 534
1629 1940
1316 1676
1430 672
742 952
1761 355
1785 251
1289 426
37 1886
1669 591
1585 1809
981 604
225 56
512 1043
268 603
516 74
1835 452
992 1413
5 1684
1791 75
228 866
711 486
712 1523
1705 286
282 1852
260 1664
1546 1912
566 518
1986 735
1668 176
1221 174
1307 1706
1771 357
1787 1348
1383 1616
750 640
1822 558
122 710
1213 1878
1050 1697
19 98
1661 1576
901 245
1210 981
1768 1144
321 1777
887 1474
688 1882
1340 829
463 1932
546 967
145 931
1787 1026
1299 1613
651 1564
1221 1109
233 359
1984 935
423 76
108 1564
1008 1648
1289 1976
1050 453
422 1679
395 433
1526 1409
55 1198
479 12
718 1115
262 103
1903 951
685 216
313 689
1488 622
1929 1476
1985 794
1850 851
767 1617
885 1356
227 19
411 839
1280 1919
858 598
609 1602
129 1131
1270 440
1268 1822
1729 1194
1694 1701
1567 1439
1349 249
1303 1005
788 1679
1204 100
949 1177
1698 16
1213 478
1438 976
1377 1641
1002 1044
1632 1456
1202 721
131 111
1719 492
1976 1746
399 270
105 73
308 399
1740 1757
894 1575
1251 220
517 1430
814 580
656 1983
1554 584
391 1169
243 1375
1194 290
165 273
1517 1674
480 1009
1437 1636
1668 817
1969 1157
485 945
489 1898
1853 1013
480 949
1049 1771
1109 1533
534 1159
312 1565
670 186
1228 944
1150 1510
1135 839
582 1779
1510 1063
1047 1859
1558 1017
199 7
725 73
43 1608
606 235
822 970
618 1012
1622 312
726 612
1574 827
1898 916
1532 1071
852 426
856 1076
1263 506
883 1826
825 573
1420 41
1166 801
1672 1111
880 300
1527 581
25 1618
1632 1452
857 758
1545 1686
165 1924
1675 1353
1072 1428
1843 1013
1712 402
307 1371
1683 1326
1330 105
1056 1792
663 1190
343 47
81 1669
165 1248
602 1677
902 1044
864 126
1860 209
522 1992
77 352
926 556
1479 998
194 219
47 200
1201 1700
20 657
553 1853
282 601
862 410
829 1815
1160 295
463 203
1637 223
724 525
767 707
1044 887
417 572
1214 990
1717 1029
470 460
1852 1774
225 709
1225 59
1415 188
1980 253
1694 445
1864 1255
1457 1474
38 1140
745 1844
1762 1220
1677 997
128 163
1345 661
1407 247
314 736
1697 386
30 1578
1015 106
184 591
67 1394
713 371
761 943
516 845
302 1233
1445 546
1322 945
70 362
1471 833
1358 1234
632 1886
995 904
357 1492
428 547
1173 763
1994 1980
1165 851
1070 914
387 376
488 977
39 278
502 400
1954 1800
1587 1453
108 528
1168 888
1474 857
1599 856
977 1352
1347 112
1402 1199
1893 319
1609 119
677 1767
803 238
1029 907
1198 309
417 1161
1903 1317
1618 75
600 425
1471 256
1962 496
1633 1071
976 1957
1148 35
507 1983
1757 506
1363 1760
1520 1247
314 310
546 1594
1197 766
389 1983
1927 1740
955 1494
1028 196
662 1790
476 332
878 407
1147 783
421 874
323 1089
1720 1747
326 908
785 453
1286 315
1081 442
1792 1882
888 1597
1794 1354
255 596
142 1899
1843 1253
583 993
488 672
1255 853
1767 1041
1875 927
1373 736
106 1388
1030 188
140 702
1755 1367
596 1728
1208 114
352 1106
825 1395
1788 1127
1397 555
464 1029
358 1253
1409 799
1589 26
1411 1194
1871 784
671 176
151 954
1429 1269
1279 1364
18 1254
1473 401
256 818
566 1502
1442 748
688 94
156 746
530 1366
1835 896
1446 598
891 265
1066 1495
326 34
1248 1833
1799 525
471 896
1326 1877
423 1407
316 432
1359 1480
1413 1922
1384 1022
1994 1006
1120 512
1043 1859
1890 1452
1011 412
1875 1497
989 522
524 9
1726 900
1475 75
691 763
1661 1239
1650 59
1245 477
999 971
253 886
1518 876
1673 91
339 8
929 1486
731 708
1969 1809
1155 304
866 1210
132 50
1680 1028
1560 311
1377 193
107 1996
575 1074
1934 20
45 1310
839 102
1586 142
1755 1515
1996 153
1139 1849
1366 222
826 1336
112 938
1062 103
1616 776
797 1585
1834 1933
358 12
1869 1054
330 1837
407 1710
677 1966
878 1072
1244 454
1738 776
1991 1584
391 1782
1343 1132
1623 1246
755 531
392 1232
312 306
1158 1832
1894 1436
1568 105
455 1125
1628 1085
1752 1829
1629 1377
1101 1455
1868 1373
1192 441
251 1133
139 98
1063 1300
515 1240
1864 1372
1879 1639
272 343
1936 1967
304 861
909 949
182 74
141 164
1354 1950
1109 1599
1777 1313
337 1570
1930 1473
1729 1829
1764 1730
1807 1955
245 1985
1964 743
1971 1989
490 890
1947 1829
1918 20
1594 1358
694 720
117 961
705 709
1091 1906
836 771
1370 193
668 1984
355 1629
528 1114
1339 666
147 1560
1191 430
1789 761
1595 286
424 1122
1365 1036
1667 374
1962 802
1978 517
1521 217
1899 245
1619 368
835 822
299 1506
1710 969
1028 860
252 631
149 1468
664 1039
1768 1084
589 10
1081 1787
1603 1402
106 576
1577 1673
49 1742
1551 1366
1887 1984
1577 1153
600 1855
1337 1185
945 412
1512 1474
474 1661
32 1727
1356 926
304 744
455 908
1133 614
1222 1310
1988 1425
932 1270
845 1725
1142 894
1546 477
547 1669
1042 1428
1971 1670
368 217
1604 315
1112 291
533 1016
397 298
217 1731
1422 806
1514 373
1795 498
1254 904
279 1858
1371 95
1682 36
1453 1113
733 1939
1509 1008
1063 1107
817 157
1668 554
1786 1208
981 364
1744 943
500 1565
1660 1810
1926 371
1649 1974
939 1209
1798 325
453 1517
1290 1755
1779 554
1317 573
1363 891
461 91
1852 1394
963 909
1550 897
702 926
1911 801
1494 1216
657 1290
1635 1375
986 643
1845 1448
1613 551
1296 491
1817 1733
538 559
840 143
891 1997
336 222
563 136
377 1530
1129 888
1299 757
723 955
837 148
340 1090
164 677
1271 1661
657 1310
176 856
1432 891
405 431
1735 1333
1765 494
1756 1161
1737 1258
824 222
1079 1822
1006 690
827 1973
63 1039
1271 1533
484 1534
1635 1571
721 835
677 189
226 1371
1702 1034
1328 18
1757 743
57 1761
762 426
1804 1400
1975 1142
119 1738
53 823
1281 1493
1438 1227
566 369
1359 988
1107 1226
63 1472
149 308
635 1875
607 52
527 308
1707 997
1932 1991
1005 1038
981 1151
1954 257
1325 1907
1625 1036
701 1901
78 850
1486 1407
268 1637
1604 576
1343 1554
660 959
1555 446
1328 228
294 988
228 506
1682 310
444 777
283 622
1814 1022
370 487
1324 1455
881 1077
126 1976
1691 1065
1039 1025
974 1889
226 770
1391 1119
630 362
1959 1124
788 951
1628 1517
274 1410
311 359
861 98
1577 126
1844 568
991 666
1366 1572
865 69
623 98
1392 1280
1992 861
15 282
177 1206
596 1857
289 22
674 42
1200 404
1802 1512
1349 607
608 982
553 128
48 435
314 1489
1694 1510
981 1268
40 727
982 651
694 1268
816 1633
1589 986
1698 1792
80 253
1411 1601
1846 1808
1335 1392
1131 1383
1399 1777
280 1890
259 353
552 1284
617 1096
1157 1538
1884 1220
623 954
870 609
326 645
620 844
1393 62
1131 753
1744 1160
661 1925
796 416
1175 1576
950 1649
752 66
1452 1925
144 1523
316 551
1833 1470
1831 969
1825 1942
225 1704
665 1296
294 920
139 1758
729 305
1113 1168
1713 952
1867 1899
1989 1641
321 1821
1528 1659
1548 1139
1986 1194
255 718
1445 289
787 1657
273 1667
295 1236
1048 191
664 1282
859 488
726 1534
197 1283
1438 620
1703 1434
890 1758
1207 1796
867 42
136 1819
1086 221
597 1679
1208 742
1627 1239
363 918
724 326
209 1506
1848 71
1924 1332
872 936
1775 40
1650 1113
139 700
1766 1143
1614 1041
514 658
362 508
1987 1044
1214 1427
862 51
919 1282
427 1171
1791 1607
829 1774
600 1943
4 538
1434 1575
1890 1554
1745 11
1820 1063
1571 1913
1804 1427
782 1770
1091 428
791 406
21 1168
1085 1417
475 346
1374 1661
1009 145
611 356
1169 955
1760 1283
193 1640
591 485
1732 836
3 1286
90 137
157 319
1165 1250
463 814
843 1655
722 202
1913 1739
61 176
854 1691
610 629
1993 953
1373 128
1720 425
856 858
434 654
1372 1513
1989 437
1223 1844
1438 878
496 815
1800 846
540 1999
1021 25
1850 121
1052 1706
1464 909
532 367
1308 1047
1610 665
1031 566
60 788
359 1179
1889 178
772 911
1565 1967
1867 474
1608 1021
584 143
511 462
364 665
1921 526
444 609
1647 1680
440 490
880 492
1627 1318
583 1202
1096 1814
775 253
1695 1685
788 395
962 380
969 218
7 315
730 1049
1367 1100
1131 1376
428 1168
285 417
1506 1933
494 495
958 1370
1829 1627
391 1622
1541 1914
350 572
919 995
1223 1261
1386 1452
764 264
1262 1248
1293 130
1276 1054
1239 672
1981 1425
1524 1019
551 165
1701 1401
951 679
1972 1677
898 907
41 898
1534 1045
610 1646
1063 593
72 373
563 1468
1653 1240
1497 601
313 1515
1711 463
693 641
1645 408
1210 997
418 360
1871 1468
443 1747
1290 1545
1141 236
1127 1171
1412 1840
1836 750
451 1702
1632 1047
324 1155
1702 1491
1908 741
1729 688
371 133
1464 1508
1274 1794
29 1268
1637 607
186 1772
1064 952
1837 1375
306 717
449 1012
863 1136
457 54
1584 1637
721 109
1070 1345
1808 1417
170 397
1336 382
1978 292
1306 1045
845 941
840 1231
695 529
1483 825
1591 1148
530 875
42 901
1932 1116
1314 665
659 1284
1251 1278
743 787
1728 409
1435 85
1178 866
1499 919
1622 525
578 981
1810 1261
1980 1161
1088 1475
1699 1390
180 1807
481 441
592 1454
518 989
840 1529
1933 329
267 1523
1955 1689
379 350
1710 178
362 1678
623 1112
496 136
1467 1082
1644 647
1333 1400
1789 580
1573 1405
667 700
1845 775
1199 244
859 1048
1057 1073
847 209
1924 1383
988 30
1207 1869
964 1129
1300 18
1852 1329
1631 867
668 682
1032 324
1881 1348
1367 1451
84 57
991 1735
743 1581
801 1538
805 575
1967 306
1682 1152
174 420
1783 37
1155 124
266 212
1966 1856
1284 1775
219 1685
1839 384
756 855
1046 91
1640 1736
980 1819
1297 528
359 572
1262 1136
76 595
145 1783
148 1937
1208 297
557 1983
1858 1817
1413 1688
1484 625
1031 1690
288 1600
1099 1071
1315 1242
541 596
941 422
282 1012
38 107
102 1234
207 1371
1137 1693
330 221
811 1649
102 413
161 223
1217 1206
1380 608
257 458
1933 1950
509 1295
438 1375
338 1133
598 72
23 338
190 662
1691 309
579 887
252 1821
1593 333
1904 1009
476 776
96 413
1064 1950
508 958
784 1129
378 30
954 568
522 1787
683 1645
1095 544
1756 1917
886 390
1543 1188
29 200
1427 1017
416 1445
1817 1486
3 1944
452 1565
634 759
782 949
1288 209
993 1332
1394 1160
1029 1624
1792 1660
175 725
1986 244
1579 364
135 1573
652 181
856 1098
1150 912
673 1659
1941 1739
1942 828
803 891
690 1000
1474 602
1977 1408
1354 798
1844 1158
898 274
1261 164
1566 1194
1050 849
819 542
617 364
1659 1161
356 1530
929 1676
395 1495
1347 499
41 120
250 1130
768 183
1637 899
918 708
1205 52
1748 1092
1730 26
1301 1439
103 281
1081 651
1383 543
1129 1535
936 517
1152 176
1048 1801
1779 449
1366 456
1125 1936
1790 198
738 323
1490 896
73 420
667 1569
1751 1032
1950 676
1228 893
623 87
389 1300
1240 939
802 1045
1289 1538
1062 1334
1329 1602
978 973
310 1603
1247 194
770 567
564 1486
586 722
1763 1172
454 1915
336 872
1249 282
1773 1159
665 1054
1890 1209
540 235
636 325
1727 934
1569 1562
1911 512
1790 1938
1851 1928
1713 1249
178 1188
735 1767
1568 1766
1257 35
28 1434
726 1595
1058 1262
771 923
760 950
1756 30
478 425
1144 596
1052 613
468 1346
1665 996
378 1752
261 1007
1088 1008
265 908
962 603
373 632
1958 790
1049 1509
580 614
1736 1182
1671 1482
1663 424
1880 149
1081 567
1494 945
891 1701
1677 524
1846 522
780 811
1044 725
275 1173
639 542
11 1920
1699 1005
753 1588
1785 476
1168 1150
446 790
1651 149
1767 280
1485 1268
509 464
1360 1174
1370 978
1218 1301
6 868
479 921
1222 1643
1392 524
700 483
1088 1201
843 644
742 962
1730 421
394 1225
919 1147
1116 1298
1914 1255
199 828
80 457
1413 1205
1794 372
1694 1913
582 994
1193 1554
69 1651
1133 545
1278 550
861 458
1179 778
781 518
1193 1926
621 1606
1697 48
1606 1975
1505 5
1592 824
47 351
1382 1307
739 1726
1320 303
1678 1421
1940 640
1909 1325
1120 63
853 497
617 1954
932 1435
1911 564
1790 507
272 1019
1103 89
945 118
627 1768
840 100
1208 579
358 1556
368 1151
1799 1345
91 1578
1817 1277
1371 482
740 678
1030 1575
1929 1839
270 1269
175 1312
33 133
1022 349
1866 1823
1174 1439
1144 497
1676 144
796 921
555 1506
935 382
186 1777
476 1268
75 657
578 1526
525 584
1756 1494
1103 1192
884 319
1862 1008
1608 1639
1926 1812
159 807
1212 533
327 255
1049 1355
1385 1421
377 157
1141 354
2000 356
316 184
1160 1316
1580 593
1076 332
1000 200
349 785
732 1398
776 1167
352 1520
1569 1448
891 1869
1436 356
583 1859
430 239
1904 705
1996 1209
886 725
1438 1092
611 559
326 1763
530 884
1313 1117
121 1877
778 1465
358 484
1525 924
752 1086
1196 894
950 662
351 1124
1891 580
296 1732
330 35
1522 454
1949 989
1010 1653
40 1745
1941 279
4 231
577 642
1510 1889
1462 1295
1450 1586
72 767
1270 9
134 1840
1970 1347
3 636
1084 609
1184 1501
1294 1017
1593 949
1454 346
546 222
617 158
1415 1964
1568 328
901 1644
689 1828
1296 1449
1564 32
158 221
1536 1305
1729 638
455 1097
314 1738
827 751
1077 436
501 163
840 1511
1889 679
118 943
1214 1492
1416 1118
264 782
1729 851
126 1528
604 22
143 868
1966 1970
361 1588
127 1139
633 1486
57 634
1926 1146
413 1597
441 163
1735 1465
786 1573
1587 1542
1935 97
707 666
1758 1271
732 1595
1236 1382
1224 1809
1841 872
1646 1249
134 359
1379 1219
89 1422
1840 18
1845 675
949 1139
1060 870
1497 1388
828 157
271 954
1004 1933
1654 402
173 291
1059 684
1860 1443
1576 509
392 1326
865 103
79 1162
180 1686
419 893
1748 1317
1950 515
245 1057
956 1439
1720 1872
1684 1554
310 557
1582 614
27 1271
313 853
1299 1523
1833 655
1074 1245
254 1739
951 26
1113 1051
375 1801
647 605
719 356
1078 828
1486 743
814 731
1820 688
325 1983
713 395
316 1479
1407 287
470 112
1390 980
470 239
555 1485
1726 905
1599 194
585 64
31 1887
824 454
598 1537
451 1539
1134 1003
942 1379
1764 68
84 364
1858 1438
138 1509
1073 1695
1892 1373
24 1355
1465 394
1607 1241
1780 714
915 1807
421 1887
375 1219
1171 1869
1167 683
1525 7
1334 1672
897 1935
1653 1258
218 801
700 919
304 1826
766 159
530 1661
1822 186
723 771
289 973
450 17
1597 1125
1894 1397
754 293
1906 1421
242 1105
1480 77
799 1030
1498 708
672 1345
31 896
911 985
358 1998
38 481
290 470
1270 1341
324 1923
1896 1108
1796 1275
1366 1040
681 1396
1261 277
633 83
327 788
38 935
1276 1266
1250 1699
1987 293
798 925
1961 112
193 1261
453 431
1628 1919
753 505
714 1612
1634 559
1394 1753
369 225
1000 15
1435 1763
1171 814
1694 546
1628 721
832 263
397 1183
1066 1274
1859 662
1316 305
642 1095
170 749
1764 857
1345 1660
1516 200
1369 1461
528 1352
811 655
980 1465
442 972
333 118
813 1587
1038 187
272 680
458 1777
1912 427
1977 96
1337 1624
1746 1620
393 564
935 1933
355 31
1100 501
215 1532
1402 403
691 549
1632 917
515 1220
1490 1085
576 676
991 760
744 626
1550 1142
1597 68
45 1170
1862 1299
1579 1215
861 1948
776 1593
1364 1440
1963 1388
1205 657
632 409
465 1870
666 524
1099 1952
425 1115
381 783
561 341
1080 686
937 476
1950 135
610 672
486 1929
1416 1367
1 645
601 1714
1104 1596
1892 1060
499 342
217 1772
548 290
503 290
1602 1299
209 621
350 2000
502 912
1918 1432
1711 1791
101 12
552 272
167 1177
1702 58
111 1033
1962 1702
1249 178
1641 1120
1442 1074
281 1731
927 644
346 640
1779 1649
340 1416
1383 1496
1641 651
1345 1649
1029 713
1592 342
1538 1569
1565 1412
1005 1127
1331 1052
983 326
986 194
1863 1744
1656 1419
332 1437
1725 1708
1834 1234
1261 1604
998 1343
489 1584
1471 1533
126 1621
174 620
6 850
80 1415
1555 1959
625 959
1759 489
1452 1388
1701 441
37 1565
1534 1106
528 758
807 1523
731 927
1805 1233
359 941
435 859
1555 592
1837 1715
576 1475
878 530
148 509
6 1324
1399 77
1507 868
1622 1181
1989 1133
1153 1146
606 842
639 1187
1293 62
1171 455
680 487
1814 283
102 484
655 451
1846 1904
1605 2
273 948
1340 115
1694 1486
746 1615
1498 222
839 1533
823 1817
1895 582
1116 1143
1969 1152
1277 1548
1303 933
1838 452
414 1486
275 467
1973 1732
1217 586
53 130
236 293
1448 787
475 1634
593 498
902 328
1393 867
1671 1082
389 1425
1882 1397
710 1613
1010 713
524 1396
1182 223
1020 28
1448 1688
151 831
955 1055
467 1323
1993 1881
5 91
461 64
400 579
991 1012
1131 536
1818 19
1248 622
729 1000
805 1472
1686 1598
1811 995
174 382
1213 745
1061 882
413 1016
1499 43
291 1182
897 14
990 771
606 1651
1839 785
732 1523
25 1592
742 1340
1756 407
56 130
1761 771
87 416
821 471
266 593
1968 504
1518 1705
34 1280
204 1541
476 408
1561 327
3 233
271 766
1135 696
1146 1048
1358 592
783 116
909 1280
1222 487
1231 228
1521 709
1394 911
1555 175
257 492
1490 935
990 1091
134 1913
1329 417
887 1222
991 1211
684 1042
1041 366
645 1501
1281 1617
72 64
233 533
89 1333
1402 9
1654 414
1150 1454
408 1244
1484 1514
6 643
1767 1037
1379 1701
1665 649
683 536
1479 830
358 1750
767 1335
429 1811
1425 1348
907 1143
1890 301
444 1692
952 598
35 363
1331 1061
405 1869
6 763
1806 370
1726 1881
837 1480
885 992
720 1993
1082 891
704 604
140 1378
1728 1158
1496 973
1619 302
637 675
1824 709
1154 1300
1654 890
1774 339
138 915
1136 182
1498 631
1755 59
399 1085
513 1353
530 962
1083 1952
1324 295
1619 1382
350 706
1225 766
1494 1120
768 1568
14 164
1016 763
225 521
1691 411
877 1864
1218 1273
1485 1394
1517 1854
1268 1642
1050 163
932 376
1641 810
1135 342
1625 1168
1420 1409
560 1726
325 1393
769 1938
1602 786
813 452
1288 50
1223 1611
1195 1861
925 779
904 1574
733 1646
1971 606
807 581
504 431
1360 1854
1717 1209
568 559
1177 1738
1521 1317
1838 568
1746 1876
138 251
762 625
1674 861
1131 439
685 1196
128 1906
1187 663
924 1781
472 1993
1558 721
1064 1305
1815 76
1843 205
1983 85
750 707
545 834
636 1776
120 253
954 513
1196 236
1350 1249
1426 164
795 823
61 400
43 795
1773 548
1200 778
451 873
1397 1423
1204 1993
1267 705
1028 1507
1728 848
1676 398
926 838
651 314
248 563
466 1549
546 542
1962 1154
1489 475
107 971
189 441
715 543
1200 1101
1295 332
1267 1059
520 861
455 303
303 269
1291 1066
427 111
734 1483
488 668
707 961
1294 110
1925 1690
857 1161
1536 1133
586 602
1947 1497
750 1360
629 1179
949 41
1191 1586
1569 626
984 110
1464 1001
986 1920
1833 1246
1570 1809
1959 1127
639 1499
1997 1937
204 323
383 1070
198 467
1495 1687
269 827
121 358
1041 1205
40 28
521 330
609 1161
1509 1580
817 1807
8 896
909 538
432 1874
673 391
121 1122
1472 1287
917 1940
1128 1550
154 1867
1296 631
1237 961
89 1879
222 343
1601 1335
715 83
397 946
372 1678
1218 1973
1945 1443
329 1868
1411 767
1015 1832
1106 858
982 1621
635 1939
1608 1032
1752 1943
943 794
563 477
483 1948
216 1193
529 255
226 1426
1319 421
215 594
823 611
1943 1892
1949 1853
1365 1567
1324 1506
1858 1968
201 481
422 1616
1280 434
140 186
1832 102
458 1263
1763 874
1274 1161
1696 1223
1545 1021
460 326
525 1171
595 692
1223 507
189 787
80 1069
1100 224
851 1276
175 1495
1906 1273
29 1310
877 1811
81 122
238 685
652 447
467 1607
458 400
693 690
1787 435
1732 208
6 1410
201 649
1042 123
1800 152
1192 1011
131 1473
963 1025
823 690
1023 1287
1605 1803
367 405
1132 514
1328 1870
479 1765
458 107
796 1073
706 1170
283 1490
1121 1642
832 1940
896 1188
1980 207
589 1985
273 1400
1253 487
131 1900
31 1675
2000 1509
409 1463
1010 134
694 141
1461 194
543 1227
212 117
929 1728
551 1926
1893 693
222 250
527 181
1581 456
1403 526
1214 1448
541 810
412 891
1770 643
1907 959
1939 1485
1737 115
447 1687
480 565
553 649
258 882
181 1855
1515 608
1620 1600
690 1363
1612 141
1049 1909
443 1607
1599 1189
1254 1096
1532 1975
1307 1904
181 185
1820 958
344 965
1891 1340
466 395
982 1195
1557 1858
1157 1874
1293 37
1084 1251
492 3
1844 1787
548 1738
981 785
1380 535
1900 1827
1332 951
1195 202
129 1060
1484 720
259 1420
89 1773
176 14
1333 790
1331 1682
1918 1362
313 1301
1236 525
749 870
1200 1896
1597 345
23 981
520 1500
227 962
1723 875
132 1541
507 661
1379 35
1622 1725
629 1603
158 1485
173 1795
87 730
1088 528
436 1771
747 255
775 474
1148 1519
87 354
101 313
367 1955
133 1120
586 468
652 1313
1451 1568
523 156
1695 748
710 682
1888 1009
113 189
1820 1785
582 87
1333 678
845 221
241 1948
529 862
200 1018
1776 696
824 65
1661 1569
1492 1534
1885 1920
53 863
1334 1872
708 782
514 977
1935 227
1191 55
1247 1192
1829 265
967 1128
266 1879
1740 1929
717 1021
1332 26
1633 658
126 376
231 1583
1662 709
1349 1644
68 1498
686 1662
1118 1005
1537 990
366 1112
1661 236
821 1661
1463 355
103 47
717 547
344 540
467 402
203 583
34 1583
1488 177
1936 83
1439 678
714 1299
210 367
365 966
899 1177
1028 1616
1057 1597
1130 806
879 1297
361 153
1495 54
1646 310
682 680
1331 1775
1462 1810
831 989
1277 987
614 1537
1394 126
110 1021
721 1731
1904 1698
238 791
714 368
630 671
1628 361
1351 1165
1501 1635
88 1792
335 1622
1397 1948
1980 873
572 91
186 1341
1060 1300
739 471
1256 999
1920 483
240 697
477 185
1420 1999
1372 354
571 1309
1138 979
422 1755
1283 824
708 1728
1966 600
1927 430
1313 806
81 509
1387 1002
607 138
738 746
1173 630
1924 1007
1891 1770
435 768
1430 1966
563 1585
1214 285
1388 1785
942 616
1541 184
1384 252
763 1571
1806 464
1729 531
1706 359
1896 1825
850 272
407 1495
1764 1543
1624 828
1124 1302
1680 1627
668 658
687 172
848 630
1475 1110
878 1775
456 1903
225 1578
689 69
842 185
361 1740
1254 645
257 1718
1724 301
601 1980
1592 514
1585 389
560 1710
1926 1271
352 1943
1847 110
1979 1223
1356 544
1691 1577
957 578
212 167
788 1964
1743 475
1646 1037
63 682
656 1311
1692 1031
1623 578
489 773
481 1021
142 1366
3 1268
1542 550
546 122
118 83
320 315
850 876
1346 1307
523 819
231 360
946 740
1496 1264
291 999
1564 1835
1282 1187
1631 920
1912 495
551 1563
944 836
1366 760
1747 1822
1727 1889
380 1800
925 820
37 107
1628 1979
1473 543
409 73
60 1645
537 1805
1601 1051
1052 1408
1343 415
1815 688
838 982
782 158
926 1344
135 1637
1897 775
847 1511
1806 968
912 1888
829 398
441 1225
1617 1834
950 697
596 1668
1466 559
886 506
1902 1532
433 1034
1963 1285
970 259
614 409
1409 49
284 722
233 261
608 763
165 1006
122 278
1109 629
1005 842
1169 147
1822 1542
1324 1970
1711 110
1001 539
1147 1254
366 18
440 616
1932 976
1493 1480
1374 1525
1665 568
266 357
794 1780
585 596
1954 1232
1213 175
1548 805
1221 1182
974 218
1402 1329
1724 1851
106 555
1860 1961
1427 1815
611 11
368 1768
1537 906
1816 931
1520 450
1395 1772
1995 626
1753 503
957 951
1986 1892
839 898
74 194
851 24
656 635
1808 382
1542 1112
825 1879
1903 883
1891 312
1632 638
1566 407
1921 1310
1597 1289
984 494
1231 1099
1214 1228
238 255
1338 1324
515 768
22 1678
1192 63
1963 1762
983 443
1509 1681
1861 1987
1445 1462
1910 953
941 355
187 1473
942 196
1947 111
919 231
263 63
305 1502
573 431
309 358
203 1701
1204 1568
580 891
1118 225
588 994
1209 1419
1800 1042
743 330
506 1270
1885 1280
640 110
508 1867
1840 1277
129 348
192 1935
1857 1778
806 1716
1993 370
1530 72
876 700
176 413
978 152
1038 28
728 1410
1378 1072
1405 45
809 1810
1966 1792
411 6
607 985
1713 1574
1469 784
1182 747
1931 419
1082 898
172 902
142 1316
538 1516
958 99
1530 455
53 780
139 20
1479 17
1969 559
1236 1058
118 1017
1930 989
171 1992
143 159
1588 1207
1582 1137
362 1597
464 1816
1993 836
766 616
374 1827
1734 310
941 1025
1536 1280
1799 93
928 1341
672 358
1203 835
1730 43
946 1032
1180 1065
1588 1140
1631 110
63 211
1587 25
509 959
349 1881
1006 1997
1878 642
1063 630
830 158
1963 819
1663 620
204 140
1353 1927
1006 1830
967 1199
1289 1959
8 1360
1880 230
1071 1514
1887 813
1993 1616
252 1149
426 1837
875 1227
355 1241
1594 1641
1822 232
415 855
262 781
1787 936
610 399
23 673
1941 1201
594 206
1900 539
85 1668
272 1955
1987 1375
908 468
364 1203
224 1475
1649 1954
1370 177
1156 370
845 823
963 1103
563 1598
747 524
1190 1083
107 239
386 1161
74 647
218 449
546 180
626 995
428 1677
1230 1072
253 862
1174 1752
1653 1921
290 1469
879 774
180 1937
852 502
403 276
1603 1333
253 1551
1988 159
733 1395
1580 347
1464 295
66 878
395 1692
652 272
1723 894
411 1725
990 1701
591 1635
964 1218
817 1104
1984 1488
815 258
1406 658
1690 815
1571 1184
479 988
316 96
760 1442
1088 1384
900 1864
1276 60
955 1790
1126 1830
1542 663
1511 1517
1474 660
1849 1058
494 734
1060 1398
796 1695
1283 1309
271 1116
1525 48
482 919
1312 1933
1747 428
1232 1131
1200 222
460 310
1405 1961
1522 1025
4 148
1627 582
1459 415
1523 1592
1341 1081
839 173
767 821
303 1628
1102 1498
1017 1853
139 1783
478 842
1888 75
31 1622
1177 1802
1642 722
1992 1885
1496 1091
1123 1255
1422 1708
881 40
1389 1779
1117 1824
346 1013
119 823
918 78
1361 1521
1190 1191
1043 1685
548 1957
1075 1770
782 256
837 876
179 1196
1870 1600
1784 701
377 1781
453 1221
920 863
48 867
1273 1644
367 1132
1230 800
992 1757
1069 72
872 1030
230 379
1584 332
1526 420
1147 837
889 1625
956 230
679 411
581 811
1045 537
1458 155
622 331
491 896
72 1571
629 1608
1359 381
1438 1266
945 1404
1993 18
1362 1085
1622 1184
1722 719
1736 1209
343 1066
536 1187
1981 1200
1783 397
708 581
845 233
1536 270
466 405
1477 1510
1876 1156
1062 1561
1487 1809
776 392
288 1180
1094 149
1824 962
1781 233
1455 1563
1295 306
1797 918
1701 120
1947 1583
1 520
1852 1038
974 1171
1604 61
1687 1582
1009 518
1795 654
967 1539
296 382
1168 703
144 150
1692 1079
1093 1699
566 1529
1864 364
28 556
1738 247
294 903
827 1408
1490 1532
1155 806
1495 448
1964 685
1172 128
1149 302
1087 14
1590 642
457 1500
1408 403
1868 625
1595 1277
987 570
1513 1239
1577 275
1879 279
1990 1536
195 1038
1461 183
1985 224
686 1126
319 1315
1965 727
793 1985
1208 891
1213 369
872 1292
954 397
1729 1986
1140 819
773 1689
622 71
585 1745
773 1834
1853 698
1088 996
1445 513
1232 590
300 1263
1445 1208
1263 1879
915 1974
1868 725
848 321
108 1010
1563 1980
852 274
941 1845
1854 1260
687 1155
687 400
848 477
1710 747
208 1898
755 1466
866 724
1998 1347
2 831
1549 1099
1822 8
1120 358
1974 1348
12 246
1848 594
133 1141
753 1679
142 62
49 1159
654 887
1978 1712
1813 1582
531 1605
1153 1653
1078 218
526 1113
1365 273
1252 1008
1721 1748
1188 1407
1260 1327
1975 701
892 442
1856 1396
1883 251
1351 1983
314 1656
544 1871
97 1034
420 1437
1379 1129
1632 1058
1617 1831
17 202
1041 1772
483 242
1225 1374
24 1614
1229 703
49 176
1342 671
440 904
1113 539
357 747
561 712
229 1233
432 1694
362 753
1659 1002
1374 1129
918 1374
496 1474
331 250
1278 1474
226 471
1426 42
766 1940
1562 1016
622 289
421 119
190 180
1796 2
1874 727
1707 1385
1711 899
446 1420
1922 1636
789 1313
1158 789
738 381
97 1368
1264 1542
506 1053
1117 946
660 1967
1567 1069
1697 611
863 1537
1611 425
629 934
315 856
1342 364
1081 164
198 812
1378 405
1431 1203
597 344
1970 1728
466 1231
1309 653
623 1820
1370 1322
284 82
1518 1601
174 1172
436 1833
726 251
191 1321
1647 1904
501 1955
1097 620
556 1062
1705 445
1520 730
801 222
603 784
1467 206
1982 1956
1094 892
598 83
783 935
280 1639
1968 113
1072 391
197 746
1039 166
1825 372
533 1703
513 1403
1369 284
469 1781
1475 1405
683 50
1853 1526
254 1343
208 1061
1263 827
843 622
944 1329
1347 521
380 134
249 612
1470 8
1386 444
1679 1884
1849 1996
922 1664
56 429
1363 1756
1442 98
401 855
1905 148
325 1561
159 1155
256 327
1317 1602
175 483
1816 1614
1133 401
150 1186
1066 1597
988 1627
454 1046
1533 1535
1227 1786
166 1635
303 1899
1231 1664
768 1624
495 58
1921 1739
1954 301
507 1383
227 479
1446 574
30 1341
1625 1924
173 1683
921 1344
926 1042
1240 89
402 1566
279 659
1093 1677
321 1239
1183 850
317 1473
300 874
1239 1621
1786 1398
938 1543
201 796
204 1810
1353 622
990 1051
1171 1031
1372 958
105 1510
1250 1041
323 556
1886 718
252 1765
813 1044
955 1320
1569 1540
590 1579
1057 1188
588 1452
1959 49
410 1074
1349 926
1282 258
1126 228
1043 1211
1296 472
167 1798
678 526
1448 227
306 804
211 106
1958 1290
1199 203
1333 1117
1721 1492
1723 616
1147 1372
1936 522
210 1677
1521 1248
1648 211
1761 846
109 1609
713 1206
1296 593
1126 1490
609 1478
1087 1765
26 207
1568 940
1809 1393
1850 166
1736 369
1262 1634
845 1524
227 670
1962 1686
313 1834
1700 1232
383 234
1066 1253
1892 611
1896 1831
1122 928
641 681
306 748
854 1495
1961 1975
1999 598
963 1801
148 150
150 345
1947 1498
1801 19
494 1928
1041 1545
1286 1682
1466 792
1951 572
643 628
1978 144
1548 1343
1956 1585
888 937
1919 1354
192 1793
1894 1924
549 773
245 456
1112 1225
1666 1303
843 1250
900 1253
570 949
444 265
1999 474
1894 855
573 400
1119 1226
1967 43
1987 144
927 59
528 629
1513 981
1124 552
1229 1314
539 171
938 1431
739 1330
348 853
1469 1943
1835 1481
1136 980
1507 993
719 175
835 1616
615 569
395 46
1175 1519
1809 437
454 1960
62 768
708 51
303 765
1870 156
302 940
1389 1732
754 450
1200 1729
1801 54
536 1045
227 416
688 1236
281 1148
1779 284
1666 1581
1537 1088
1895 1698
661 1235
1297 499
908 754
1734 199
1426 639
1635 1486
1136 459
643 1674
1643 1
36 358
891 459
1689 1671
1131 1890
1926 398
1734 140
264 1557
741 1146
1575 368
1080 904
1499 1346
1184 750
842 1247
373 1271
732 282
223 1436
718 1077
679 1028
1203 849
1189 1345
1144 1561
638 1723
1009 558
1468 170
547 1452
1276 1786
1775 1656
1693 908
827 1711
347 1967
834 973
144 1375
1526 492
973 1815
892 847
821 634
1729 463
363 486
570 63
1602 805
1290 454
678 846
1470 1500
410 1929
802 1029
1832 1896
1457 1797
1562 374
862 1457
1806 1430
861 1892
1679 699
1852 1864
273 1249
1498 1301
640 352
1185 1959
568 1097
765 887
1747 714
1051 296
763 1973
693 1089
1122 1113
1214 1697
1433 441
568 13
1855 659
545 1976
1456 711
1398 819
470 836
1907 410
1281 923
532 978
154 711
1936 752
555 1225
721 834
1115 58
1711 458
410 1651
1247 1808
1345 1923
222 879
1101 1999
1190 671
63 454
75 824
355 1869
1873 579
1666 609
432 1037
1304 1437
1376 1594
1133 606
546 1726
171 1813
39 1718
1499 299
1250 675
1198 323
1228 903
1882 1180
937 1243
747 1686
597 1847
1114 1503
865 1920
915 139
1397 232
930 1658
198 262
873 900
1151 319
912 903
803 230
544 975
1751 726
115 1302
1022 251
1054 1355
711 465
369 1728
1042 1792
1394 1581
1990 81
1701 379
375 863
211 908
1087 1961
689 1063
271 1817
485 396
619 500
845 1315
1004 514
406 1146
1374 591
407 106
821 1263
1755 1415
1293 1560
1041 352
801 1983
372 16
1227 514
255 1137
1724 1346
120 1026
1349 759
1039 931
1560 1605
690 138
1411 1147
186 618
1126 208
768 1776
945 781
1638 598
70 665
610 350
1533 1930
512 1726
57 1208
66 179
1475 1148
876 961
1849 488
88 948
1899 1235
966 187
598 1747
972 1224
1539 1794
752 321
633 685
771 592
1200 1542
382 554
1538 72
1768 1835
1226 1582
1825 1706
594 754
1310 186
1945 1660
21 343
1452 1950
605 111
121 192
130 453
1534 583
1082 1100
1817 970
1142 903
1736 1338
1126 604
776 16
201 706
720 1101
1346 1767
1277 1321
234 1630
387 518
1129 1499
1440 298
475 1806
729 1989
917 691
1774 1003
284 1302
742 1727
1152 482
395 512
1324 1542
301 164
1669 1670
683 1752
990 602
660 361
1609 879
992 587
1624 1544
276 611
415 937
699 1486
1736 343
1353 1033
1692 1788
929 1684
671 1304
1831 469
661 568
1765 1101
1841 471
1617 478
1368 971
1537 938
1134 885
1305 101
319 945
1537 475
305 1373
1292 1823
1042 598
960 944
1318 1430
680 1726
949 885
524 1302
1201 1631
1342 864
842 653
1816 1276
279 1926
189 1318
1990 1144
134 1080
772 1592
376 1827
1675 979
1579 618
1137 361
447 1014
393 1125
697 524
964 303
22 1652
1244 1118
477 829
1390 861
459 798
1724 1446
86 468
1438 439
1897 85
1322 1627
1152 1586
1454 767
1019 659
545 1652
480 1521
764 1527
1308 873
274 1673
357 1209
36 1061
1725 117
1625 1304
950 1008
957 1471
573 1827
308 1896
401 1532
1022 1513
1385 1849
982 191
1750 107
102 1199
559 1266
1561 1634
960 559
1372 1803
639 513
739 1953
361 756
80 1125
155 1522
1126 1272
1675 804
1293 1162
1744 1010
186 1941
860 544
604 94
817 1456
1313 995
889 959
419 743
351 1524
753 793
1399 1191
144 409
873 1880
861 860
1071 913
553 96
1593 953
952 581
1670 1601
1062 555
506 866
300 532
304 689
1339 1223
563 129
144 1473
1329 1059
30 200
532 1266
212 1631
303 1393
751 1823
195 37
931 1660
286 1663
339 429
790 680
1637 794
1097 739
632 1916
1339 1614
422 1288
1449 1748
11 673
639 1177
1187 232
1541 372
160 588
1350 1336
482 777
1412 1222
1187 1394
801 262
1267 1704
103 1059
1038 5
1918 1375
1573 704
784 1414
255 1392
129 248
750 1020
1317 532
1045 1490
337 771
619 874
400 135
1468 839
315 906
1537 940
114 1153
1708 859
1629 1599
1945 1427
1342 1201
1272 45
764 1947
466 1933
40 1949
1828 694
1863 961
1474 726
688 1883
164 1889
1340 1259
705 34
356 350
1385 499
1281 627
1018 1805
372 1645
1553 368
480 2
920 1726
1678 444
1304 274
1763 1524
1721 1869
1487 1259
1484 1361
696 1566
1062 595
835 522
1996 936
481 1694
585 63
894 1749
206 1631
1125 1846
1719 1450
1746 1202
506 401
1060 1953
1033 1618
1739 1839
1974 813
929 1885
1322 974
952 162
206 398
1487 1886
1856 743
136 573
1852 1462
865 561
1394 977
1430 688
899 747
1909 257
1404 1318
1916 88
1377 197
854 657
1445 465
195 1536
494 1113
1614 1231
1360 1805
1826 698
713 572
1048 1876
1543 880
1901 1244
1347 1414
952 1443
1176 950
1350 569
510 1321
1800 1351
16 1938
1914 968
1508 1109
1489 102
644 384
1003 1128
1613 1526
398 617
366 780
1582 836
1202 1761
295 920
1089 1268
161 1846
242 914
1393 1516
1063 844
353 567
903 852
136 1317
762 1916
1889 973
968 1292
957 1380
771 1225
201 464
1929 513
1504 463
1326 475
1263 1970
307 781
1701 1021
1818 1314
1852 308
77 1804
1971 395
821 1918
1013 250
1270 736
66 1070
893 1876
762 439
1821 257
1871 151
437 412
1277 1483
928 1733
1689 226
664 962
153 164
1881 1933
886 1910
1477 1422
662 907
958 1251
1363 1414
789 569
421 381
1454 1523
801 1660
390 890
833 1633
1713 536
835 1084
1631 1937
1899 165
1776 688
1907 230
1539 886
976 1618
1412 144
1086 1148
1350 391
1408 1530
730 1952
422 1410
672 1719
1131 1234
252 1270
1493 1096
378 236
747 1331
1103 780
269 979
1206 493
19 350
1495 428
1093 489
619 1283
1055 1740
46 130
1494 753
1042 520
1149 1891
274 1029
918 32
381 445
1276 77
279 755
1060 740
931 1159
544 311
1735 29
1698 1810
381 498
62 1703
1010 1991
1954 379
213 153
203 1363
320 429
308 332
1442 313
1653 1320
441 773
1753 619
1910 311
1819 759
3 1195
198 551
1448 331
351 70
528 1876
323 664
1804 745
655 1045
1443 1653
1617 1585
643 569
367 1974
1700 1316
146 394
111 1833
436 923
137 762
789 1066
616 1349
28 1888
630 1258
749 762
830 292
366 1663
1395 1959
402 709
1813 175
1256 1035
1795 1431
331 1817
1460 1697
453 1934
1978 1332
183 1138
1027 1163
1931 1554
794 1385
455 1033
652 1419
1854 90
1486 1055
1390 208
1292 1139
1513 1010
1246 995
1290 952
409 174
565 1357
1574 1207
1355 1581
541 507
429 559
1154 1723
1193 1429
845 970
179 1473
1864 1492
701 1800
704 430
251 704
833 1
1458 1724
104 1891
1728 1858
643 287
958 572
828 716
1067 1937
635 409
273 885
1033 1362
810 1699
1070 448
1764 449
37 927
120 1642
96 210
567 527
1419 526
723 1511
883 610
1406 1486
959 254
477 664
485 1804
368 1439
785 1694
383 1906
1084 814
1462 1418
104 889
950 1155
765 1378
902 674
352 1363
1127 1672
427 940
999 1602
840 10
95 273
1672 5
1327 987
376 664
1960 992
481 1732
1417 430
1556 131
658 1699
700 1763
98 587
427 455
370 96
201 1118
1096 332
1809 51
822 1460
1513 1182
117 1705
617 345
617 1081
456 1808
256 1260
516 1245
2 414
1530 1204
1647 123
1518 117
997 1682
837 1715
1270 795
1592 200
851 1644
1476 1299
1032 1317
1831 887
1557 1837
275 243
574 426
1813 804
1210 476
589 1081
421 515
1897 274
697 316
650 851
760 1627
1653 464
1578 549
1265 1463
1277 1836
776 954
219 610
1299 398
836 131
128 341
1767 851
93 1211
131 387
1394 636
1394 808
219 520
1315 187
135 1255
933 982
753 1896
255 1250
102 614
328 1953
1844 1144
401 182
1027 402
545 585
1873 688
215 811
120 1603
1303 1507
1663 1168
981 358
1587 1749
136 1837
146 1407
1486 566
364 932
1055 411
1752 1527
250 1556
27 1882
1903 1462
1317 566
535 316
910 209
811 1933
186 1954
1930 1902
2000 584
1788 1388
376 135
195 1263
1983 1276
1006 1264
1486 1845
1648 897
1281 1972
255 135
831 1406
1352 1360
1572 445
40 430
557 1164
677 258
1762 1048
626 1605
1689 787
69 1401
1340 1647
815 651
1257 1261
1313 1496
1292 1891
1250 1332
60 44
371 1442
1091 645
1749 209
406 372
1600 1640
199 1614
1447 1413
474 1333
573 6
720 1041
997 397
774 1438
1039 1691
699 1513
1901 696
836 382
621 238
1224 1736
1223 1257
386 1082
1670 361
42 178
244 1471
744 1247
1678 1721
987 968
377 1351
1030 1767
759 705
1564 1807
1572 1570
1276 1616
635 1566
436 633
692 704
866 1756
1786 1621
203 1650
1833 663
828 1519
1494 1676
505 1856
256 1016
1057 553
1977 754
1806 1122
1178 1170
1008 1749
625 1124
356 1353
881 1304
635 388
1039 287
1185 48
1436 53
1879 905
76 57
351 966
763 284
366 233
1397 522
888 832
1237 1277
1579 1403
1498 1258
1395 1028
739 228
1568 485
962 969
1521 418
575 549
462 488
158 1759
207 1465
200 190
1388 1278
1313 1289
1572 432
351 986
1277 1876
484 1361
964 1533
1326 1961
663 1243
1441 1599
268 375
31 601
1917 719
113 428
275 1507
836 1252
792 1120
1066 1945
1346 859
248 621
1547 1213
1060 1449
123 366
225 273
1818 657
435 542
1014 1435
1460 1017
1487 241
1636 1311
1682 242
1680 949
1662 1913
334 810
1100 1044
1690 628
476 1245
1339 83
1959 79
970 1855
471 1496
959 244
1022 1286
1220 776
952 1006
572 484
43 930
1040 366
330 953
1956 958
1876 1821
323 1279
155 1816
1028 1486
634 1431
109 1842
664 1731
1118 36
1408 105
709 581
1275 1900
1210 653
1254 1643
1991 1896
1675 92
186 410
525 31
1496 736
1074 571
1207 656
490 1236
1760 1411
1700 1071
1097 1994
376 431
1945 572
1732 996
1993 301
1831 897
1762 1914
1230 1861
1985 1561
1272 13
1571 457
436 1112
1553 895
1384 225
701 893
970 1393
1133 868
149 822
158 732
705 391
358 967
589 1321
1487 773
6 1577
735 1742
47 1070
1668 1279
463 1078
1905 653
1843 635
142 61
662 1928
1078 85
1056 925
585 1332
880 1203
1455 676
1484 714
75 1363
1309 630
1591 546
1755 496
34 1492
820 307
1619 1636
1788 773
1748 385
1733 825
508 1268
1419 1756
341 594
373 679
930 1719
967 1604
236 1195
1509 1305
1021 248
1762 499
1963 751
1668 349
1127 416
1514 1063
295 1421
1817 1710
1650 1967
1411 1153
761 1759
898 927
206 994
693 724
1882 1802
1186 27
611 1676
1827 1865
931 437
1069 1163
527 1942
270 898
1992 830
126 1034
920 1984
95 927
1561 1702
466 522
1773 259
749 1695
1889 424
1902 334
207 1917
1275 1586
1727 1976
675 30
1845 1895
1155 1892
1190 1030
543 1148
1811 605
340 1180
782 1078
90 974
969 1654
380 1158
1464 1740
1141 1707
1058 1696
303 1745
1573 1823
1761 1148
1842 1001
711 804
718 1146
1038 713
1859 411
1328 629
985 296
129 1544
1325 840
885 811
1601 1299
872 1367
1073 890
1755 786
603 554
291 232
409 749
873 49
191 855
1107 1327
654 1809
1031 1105
857 526
581 648
167 1509
207 1929
443 182
1613 384
991 743
94 417
706 930
187 38
253 1433
86 1860
1937 89
1793 1593
1829 515
1048 348
995 1943
1317 344
233 974
371 1966
1792 879
1129 296
870 922
154 354
125 713
33 1192
604 1470
798 692
1717 670
1632 1915
1020 1613
82 81
231 116
581 1278
1752 453
217 1410
969 435
1886 1793
620 1042
76 1058
1912 316
1306 321
1864 818
1259 1273
1168 578
1005 1964
711 830
710 1698
1098 1774
1777 1829
145 1033
1897 407
1665 129
314 654
1218 1229
367 1115
527 536
439 788
170 345
28 1955
1702 132
1350 1066
1702 615
814 1349
486 1365
1305 1288
540 1081
523 1321
168 1581
136 367
1800 1968
468 1042
142 1399
1723 1510
724 1799
1340 11
921 487
869 471
770 1025
1521 245
1768 237
271 342
1685 1450
526 1810
707 904
820 1751
777 1838
40 734
506 959
134 339
1514 404
721 135
207 388
707 1843
1892 1495
1666 828
1467 1438
1291 708
1480 1223
725 1704
82 307
911 986
883 530
51 292
1383 583
1006 941
3 716
267 233
782 1935
357 738
413 1612
1593 1486
276 557
961 1718
237 581
1429 71
304 1262
1277 1278
85 1420
1595 1588
1546 578
944 1977
336 618
1165 1142
163 75
1670 1563
363 353
147 381
663 1916
1640 1455
910 399
1477 238
1253 1426
1504 1368
237 1324
782 190
1263 1052
919 1568
867 905
291 792
188 1987
1763 445
508 530
160 1037
255 1363
1116 1392
1131 1023
1293 802
871 607
1880 532
1724 1020
611 1573
1639 1813
36 1968
741 261
1275 1830
1982 351
249 1965
1196 434
1184 666
1247 824
1282 488
307 1549
1265 500
1337 1071
1369 615
1864 1769
568 304
770 308
1312 732
768 1596
1680 1836
1437 444
300 1166
136 156
1745 1194
801 1907
75 1277
848 1314
1734 1625
1407 427
274 1946
917 1186
936 1799
1493 1995
1893 1980
1669 418
1153 854
992 585
1940 864
1466 1291
194 1400
749 230
1294 1442
1953 1117
360 1628
600 1989
876 1513
1667 1404
1704 1277
722 406
1836 30
1846 1118
888 428
928 1885
1700 1675
216 1337
929 569
1617 8
1617 1006
1431 1696
539 1593
725 1101
1760 1474
276 137
1027 1092
696 754
785 546
1308 1484
620 1105
1342 1369
1244 1563
849 582
757 93
930 1807
560 277
547 1852
822 1127
1942 1093
1912 1850
70 1876
1039 698
503 843
426 1819
454 673
728 1158
269 1924
318 840
1316 1422
858 1336
469 1291
471 604
1582 948
1358 1980
905 1450
1989 479
236 586
1165 1936
1145 1107
1998 687
1867 769
528 304
583 1750
954 609
1226 1589
1244 736
743 1410
245 1939
1731 94
1013 1134
973 272
758 2
217 879
1939 112
1206 1199
861 296
1106 208
347 1436
1797 1080
531 384
1398 1151
1629 1762
815 602
1639 1506
1621 840
698 811
815 1973
1079 732
712 1973
1605 1662
1079 8
406 587
904 269
1453 1356
1459 123
1275 949
1271 1117
425 1594
1398 1724
593 730
1198 277
108 1908
1844 1644
1636 1544
1443 1542
1302 902
461 1845
1787 1256
51 1091
1719 468
1568 1021
64 84
546 566
977 1337
1351 1655
1184 31
1291 1328
1528 768
1426 452
1846 1623
1576 774
113 811
678 524
408 1246
258 1108
1368 815
407 399
1039 1824
1821 99
1655 1276
362 1168
856 1540
1082 268
334 465
304 851
1861 785
462 1650
8 105
777 379
847 202
1029 1336
10 1904
1262 1233
184 402
152 903
542 1552
1666 1914
199 721
163 54
409 1414
1850 1939
1018 1639
1915 1592
1956 552
251 1436
1826 1017
259 1166
1098 635
1752 1424
855 48
788 104
1753 1243
285 267
1955 1701
1538 539
944 451
1881 895
613 1782
1291 1417
1516 1443
1395 1819
95 446
377 55
948 1044
1232 1368
1702 1457
1631 1539
307 952
639 396
1734 1576
362 467
77 304
436 1548
404 423
375 753
770 1846
600 1060
558 1901
1048 1732
1430 1158
1127 803
1318 880
488 1903
1124 202
278 695
1386 1841
1273 1522
1314 408
1803 905
720 2000
551 1735
548 1657
1723 137
1765 1689
602 1752
1549 61
233 105
1620 1401
1498 1855
1269 1576
540 1499
1319 497
647 893
1356 1805
1140 98
1142 1224
1155 1390
580 1491
1826 1287
898 1226
1405 416
1660 717
1546 1073
736 1343
223 349
669 1887
805 1456
1478 545
1248 488
1039 365
925 1836
1631 472
542 1970
547 524
993 903
1077 1790
1347 1808
1048 1251
979 525
1440 1570
1870 1921
1275 1286
825 1820
1609 1194
1331 465
1572 1529
1171 256
1084 666
1913 193
537 542
1136 953
860 1365
822 533
1337 700
645 1464
1262 921
226 280
1099 436
78 487
1030 472
769 1587
865 742
1384 1181
661 727
378 424
404 1494
319 664
252 1854
811 1418
1212 1746
1692 1699
923 1828
1152 1645
135 908
53 1514
1918 656
1847 187
975 111
21 778
76 766
1614 587
558 1996
1516 51
206 1255
169 299
313 93
1761 1956
316 308
448 1703
1653 1423
1416 880
472 1734
1150 629
1730 677
850 1810
440 190
420 1723
267 601
1151 944
1375 27
283 1032
1263 1401
1726 1227
1148 372
1652 557
881 1042
1124 1599
228 1659
1638 518
879 423
679 161
778 783
21 475
1391 1125
1532 193
1431 1523
651 1956
300 1593
304 807
485 1437
863 34
1945 1415
938 1238
1227 945
1439 6
1542 73
1575 1688
773 1941
726 181
1341 320
1564 1959
1083 1983
1368 582
1221 1503
1712 1944
527 584
997 132
1629 112
824 194
636 360
60 433
1913 115
1334 479
1533 1768
1347 268
1116 520
1971 289
1060 1864
903 1975
1470 1179
1003 153
902 1
926 1863
1984 1920
742 228
1768 822
162 1508
662 1353
912 1168
226 442
1701 1529
1804 175
375 1743
1667 1545
1828 1166
813 1260
1038 1278
92 826
443 1388
1392 277
669 1292
807 439
1859 1778
1207 556
1753 29
187 566
868 1729
1687 164
403 729
873 1102
1035 1772
1439 1283
1317 1341
1770 1491
105 1596
1810 49
321 631
549 1714
1407 1321
394 1899
1865 415
1246 678
1973 1838
1434 513
1805 1713
865 1076
1878 250
717 201
701 1598
708 18
241 1300
888 320
698 1331
681 1747
1715 443
1888 734
1173 1707
1174 616
245 669
1952 1930
1027 90
1322 525
1645 1901
77 1537
142 1400
678 1791
29
1071 1816 1192 609 555 819 441 766 1225 1011 1733 59 33 771 691 835 1112 394 944 1374 63 422 887 830 1016 1103 1412 1247 593
