2000 10000
715 147
181 273
499 678
1695 1675
1524 1561
285 1068
451 1240
965 1583
995 272
1797 112
74 23
569 910
143 1617
105 604
622 1768
1568 272
1987 1855
1117 1644
756 496
1781 1808
979 426
340 243
1396 1136
884 548
1191 1542
1499 1990
209 1836
1735 650
1382 1649
1368 572
900 1797
1603 43
1214 1438
1220 307
1386 373
1368 1193
509 1229
1648 756
170 1277
1534 1765
748 1807
1282 962
1725 1313
258 1446
828 1205
1455 178
462 625
1824 1482
841 743
1438 708
1817 644
1492 410
278 1618
1190 822
242 537
1815 1263
1851 71
1614 174
1478 186
837 636
1828 194
1340 1205
1585 1214
1135 1003
1099 26
653 332
818 67
804 1124
339 1302
54 238
447 264
1226 860
1751 1053
1163 1631
925 392
1009 376
1422 1195
1309 1305
203 418
529 1245
1831 1148
1032 1026
1335 318
1688 731
1808 1954
856 1722
1256 1601
420 693
556 346
1545 1740
1297 1951
425 1898
353 735
1063 961
1652 1376
1898 884
1431 1619
231 1959
1214 1952
1012 869
72 1853
957 1218
1967 1037
584 326
1412 1013
1824 917
905 1434
1599 116
524 1545
1073 471
761 105
126 1382
963 823
980 514
852 1192
975 1117
592 990
801 1036
557 1637
194 148
1626 1391
226 867
169 317
1757 1702
1135 1751
929 1028
1701 1711
1300 650
1523 753
484 649
292 323
1324 784
939 955
438 993
1272 855
906 683
441 1982
521 1225
1154 1178
1165 1935
1908 322
1758 1984
1609 1856
261 1755
570 1749
447 900
1379 426
611 1716
614 745
1402 1858
961 398
1982 1476
1434 180
131 506
229 1732
794 1739
1827 996
554 593
1476 1984
484 124
1591 724
844 703
1081 166
1680 1539
1646 562
860 731
1188 553
831 1030
1679 1676
1943 1808
705 222
1554 950
732 113
182 627
1741 1862
43 871
1186 59
1238 1849
1391 464
856 1460
108 191
410 1077
1007 1747
412 604
95 37
1240 1728
1035 164
1604 1374
1129 455
1492 1828
436 1797
642 660
1830 1033
251 1827
1631 1140
1899 506
432 1340
1155 944
1937 584
318 1865
630 122
852 234
1930 1600
532 1468
467 561
1030 32
322 1225
1862 386
1203 71
1255 1799
1641 1993
418 1536
1278 18
1553 296
196 67
1360 1812
764 1193
1624 1951
1240 1766
347 1010
1004 852
113 150
1212 939
1278 1772
1617 991
1732 1348
310 1017
1781 1520
1282 1520
1772 358
479 1700
537 1744
192 1851
288 1019
1352 849
1454 1679
53 1885
71 1480
263 235
1383 1193
1040 178
995 1533
1149 1616
1415 705
584 504
1245 444
712 1391
1863 1435
375 801
985 1820
1086 1089
1977 1589
682 1848
913 948
1360 841
1493 537
1697 535
986 562
524 1543
210 740
98 1373
743 1402
1081 925
1276 773
1029 27
1283 736
1578 1440
1120 689
1571 715
1206 808
438 54
347 1601
1178 156
620 597
368 1510
87 1041
1644 1521
1867 534
474 355
125 1205
499 1521
1252 1818
802 1178
1685 1838
1517 1960
1181 704
103 119
365 845
395 366
1690 579
102 1461
1153 340
1323 1745
1155 1767
1473 417
79 1005
349 602
424 1256
714 931
8 1133
749 478
966 200
440 404
1393 1719
1727 1555
606 1809
968 1586
1244 1208
1101 1936
141 334
213 500
1159 682
316 1311
1847 1546
504 688
1954 842
686 103
509 271
425 1742
1238 1199
843 1387
455 1097
549 149
1958 245
921 775
1567 1814
1847 1596
1342 1314
420 1052
708 1582
1943 45
1666 1673
1885 1587
1199 1109
805 134
1683 1968
1600 1415
52 1881
1156 201
183 446
729 752
1036 1492
487 385
474 1569
387 26
412 423
1404 1830
1923 153
179 430
200 690
122 285
549 1879
4 647
1298 1377
874 393
98 775
1725 910
462 849
100 889
1199 280
1439 1923
101 1569
1208 1659
426 1650
1600 1288
1878 1384
997 694
1431 1001
1813 1410
1611 1525
1086 1572
248 743
1947 1985
370 602
1904 1843
444 1498
1188 1342
1212 1632
1053 641
585 1367
753 344
1704 1915
1040 100
1886 472
1571 940
1391 76
72 1077
1915 1911
269 1840
1822 181
393 316
377 299
884 1102
7 206
1378 1184
1629 1124
1705 1993
1453 185
136 918
583 561
1182 1194
1163 192
1183 2
577 1685
789 476
444 308
802 8
659 394
1910 665
650 1319
136 855
1724 1954
1669 1296
130 1989
1050 1184
587 998
1266 1134
1893 1324
944 202
567 1869
106 152
1349 341
877 1090
482 876
1581 1597
1892 1124
34 1368
284 193
1424 1160
156 931
105 840
1999 1131
211 785
1031 1182
1865 1190
1627 1403
1247 1221
160 1447
1232 658
1865 535
522 1178
215 1800
70 1313
1095 1321
1794 1379
1339 1641
1140 1744
254 1810
1761 1647
1643 1887
50 188
482 1414
552 1376
1239 890
75 325
172 538
226 1530
1943 1525
1653 1399
513 375
565 1112
235 740
626 474
251 884
1419 1069
791 1822
1168 803
1943 316
1766 198
713 150
92 952
1083 877
1304 300
1899 5
1110 1005
886 133
619 1150
158 1519
572 1673
884 1872
1510 593
799 381
1480 849
669 1009
759 1669
576 585
1850 165
642 1439
1964 654
309 1535
1858 912
1856 327
1629 1543
408 582
1837 347
576 1829
1514 1347
1107 1808
47 759
452 1067
181 1845
1205 1972
753 1614
414 363
295 913
1437 1992
258 43
318 945
1929 325
375 709
1752 1174
1020 195
490 18
1880 1488
1900 982
745 1723
229 922
1872 868
1044 200
1216 216
1083 764
1206 703
1557 1730
1635 1266
1604 1621
1208 49
472 1555
1539 1519
551 529
1446 863
441 1600
440 1257
68 157
1620 54
386 1490
373 1093
1549 1272
185 314
125 694
1976 688
1603 823
1445 780
1974 1529
1113 986
1939 1440
1262 1825
886 1134
1336 239
897 1787
779 1735
364 383
693 888
1213 1809
1131 810
744 1778
863 1440
489 947
304 20
40 1681
1661 606
1630 271
223 673
1434 1261
1127 1854
1448 279
359 721
1466 1403
118 342
1528 1612
104 909
1348 891
323 727
1543 1698
1186 189
1531 283
1247 475
595 1594
1273 322
1796 1393
868 1959
84 68
1712 1709
145 351
1423 613
608 64
939 1811
1044 1959
158 1773
1124 12
757 1361
1164 516
732 194
27 1425
1918 692
960 988
1414 1575
288 356
1629 852
104 1432
1499 716
1127 1652
284 1199
382 476
1024 1019
316 1720
431 637
228 546
53 61
1574 1039
702 1127
931 1475
174 740
1331 115
1599 807
1687 1842
67 1922
1034 1866
46 1783
1809 1140
922 716
783 1730
1235 1969
1410 260
781 1874
1437 1628
1009 921
772 1919
1493 895
855 1421
713 854
1324 571
949 187
1552 1651
1008 1887
1971 1967
1584 1370
1320 1594
53 1326
1511 772
789 1273
730 1818
871 1308
1094 1778
1907 133
1796 1342
482 400
1266 1291
1452 373
1338 464
136 1705
1234 1940
265 1813
854 1830
1921 147
177 1076
1389 359
397 1690
1810 781
1117 1024
771 1422
1426 1588
990 151
1749 831
1267 1568
301 978
1874 1267
501 195
1698 1613
371 631
1131 1962
1780 1584
545 138
606 1744
1349 569
176 975
1977 640
265 699
1378 891
1539 55
836 194
372 1043
1596 181
1684 1227
184 1935
1571 246
1431 1433
1360 211
95 1177
1160 1989
469 1365
1883 1385
1947 1110
1144 1607
477 379
540 40
308 881
67 223
1243 1828
1239 1610
1490 943
1071 1069
1717 1146
838 1598
1549 1068
961 501
1230 1141
1661 913
269 1724
423 1898
1259 498
1708 12
286 468
181 1401
1501 1561
788 57
1309 1413
869 27
47 605
727 307
48 376
1044 819
1898 483
1071 428
742 1098
7 1863
319 2
356 1334
229 253
360 1623
1008 602
1003 47
687 1175
1429 872
423 82
983 1871
197 80
276 247
732 1694
1098 822
1849 1954
27 699
1950 1666
822 1672
1629 7
1807 1260
1744 833
1348 1633
884 1516
1550 327
1939 1883
27 1381
649 446
1562 1161
520 736
1051 1233
769 559
783 662
851 1891
1815 576
635 744
1958 1959
1626 1744
202 1284
1914 70
919 574
1277 538
1263 140
840 1930
937 1465
1887 1980
76 1162
1320 1223
1582 1327
1103 1627
1989 159
938 634
838 1376
1469 977
1240 770
1399 1129
1487 1310
703 1045
199 811
923 1533
1568 368
1395 457
534 1606
1115 375
653 1237
807 942
470 1318
1102 1105
1287 702
892 1755
1864 1791
1747 171
961 1757
565 1240
1475 861
479 1776
202 446
1406 250
503 427
576 1979
233 342
980 525
1679 1369
612 698
222 113
422 592
224 1856
1416 430
535 1859
1286 257
879 1753
1576 873
802 812
1916 1141
320 993
979 520
1145 11
1861 362
243 1181
875 1331
1037 1956
322 365
455 1749
1431 1683
993 935
908 1388
134 1371
1325 807
1484 572
737 1878
1126 25
1377 1486
108 1614
1024 1419
554 891
1371 1687
693 1470
66 319
799 1227
1425 1799
1621 1884
1052 1806
69 1980
1857 846
460 1029
725 1052
1732 1355
676 1675
904 1129
1218 381
475 398
756 964
25 785
759 793
1729 1362
236 2
1112 64
1787 115
196 628
1007 165
1226 1392
1003 1826
536 1790
904 1171
887 586
1377 674
1509 504
822 1539
136 1905
735 1734
1984 1004
1398 724
1057 1534
1656 1114
64 1023
1541 641
1026 105
32 996
1454 624
722 1681
1451 982
1193 536
931 1394
1601 1438
530 1803
1788 1758
1678 42
466 454
167 445
491 35
1065 545
1133 1839
559 732
1212 109
1599 390
1716 662
674 657
168 1510
919 725
955 1042
903 706
1876 1522
723 1445
1963 617
497 1927
1263 1044
151 1237
1253 1194
241 960
945 1402
1296 1744
371 1806
645 859
719 707
1370 923
1888 337
782 1439
1004 1430
1471 125
61 400
1338 1718
1947 1532
710 1540
620 1406
1211 1155
1474 1986
1569 1554
646 1754
1003 1804
378 22
1262 261
1888 1079
1081 282
483 1713
1873 1665
841 1307
315 1267
1006 168
122 686
316 835
775 708
1785 1399
1174 586
1726 1906
677 940
810 1075
139 1146
1586 1516
1984 1071
727 89
1317 1928
1039 1788
551 1036
103 1281
1382 637
1526 451
1663 331
282 108
1952 610
1203 1554
117 1756
1640 1139
1932 1066
833 378
1631 293
1934 1657
1411 1360
1658 381
864 1266
35 1480
1490 434
1727 1617
689 1144
825 667
1627 1346
520 220
1275 911
1402 1906
1689 87
1375 25
1104 1638
1095 639
752 890
1060 351
1295 1594
233 831
1580 421
475 1293
1911 285
1821 1562
472 767
1142 904
941 1079
329 1923
675 421
1406 600
1440 1297
1061 1416
1826 1706
1234 1085
974 527
910 379
1045 594
695 1114
323 297
1694 13
192 529
51 1157
1917 1119
1161 1027
144 944
471 824
523 509
1645 687
526 561
1428 1404
732 1483
713 1842
830 598
623 1935
1371 1639
1815 918
447 652
11 16
529 1743
533 1054
1981 1089
501 185
1506 1590
273 1456
530 1316
1548 130
588 1835
1921 942
943 1246
134 1196
596 285
157 40
1122 1695
241 744
1402 807
910 1669
691 85
97 1321
1382 441
1281 1354
438 349
848 183
614 25
8 1024
1149 1246
1573 412
1017 692
584 1997
510 1152
1507 1122
890 877
1255 1177
1798 1968
1806 945
1063 1939
1787 1375
311 644
817 1201
548 1314
693 1762
962 702
1773 652
606 471
1700 1265
1220 1132
1766 926
1851 778
1188 100
65 1720
1452 477
1277 1676
1092 641
1546 1522
1148 1341
299 1692
1533 217
911 1785
47 817
1229 1831
1878 1549
1650 1583
372 766
663 1984
2 1375
334 808
982 1987
1936 1102
601 581
828 1475
1398 1651
1198 793
985 1146
780 465
1941 140
706 977
331 1306
1179 968
184 470
752 1689
582 262
398 1449
321 119
876 770
1908 862
52 447
1045 358
1665 1154
1976 344
405 47
43 813
1428 554
1166 1576
1991 1104
394 929
1344 834
1629 1768
1574 332
659 1474
47 1747
394 210
1201 1714
522 1410
851 541
1498 342
338 639
175 1780
1965 606
1552 1516
1610 897
648 1901
134 390
1847 1602
293 340
1122 1868
765 1234
1342 1897
674 458
661 725
783 1237
1797 1736
1931 772
870 833
1790 411
917 1779
249 455
1937 1947
382 539
574 1486
602 1326
1250 1549
454 419
104 966
1696 1805
833 715
987 982
1187 1758
691 17
58 429
194 10
1080 1297
1679 475
1057 499
1302 165
190 1741
1260 829
1893 1175
377 1772
1855 1473
600 921
1002 882
1298 1039
1264 1851
424 1744
1151 1237
730 1123
1286 882
1164 952
1467 1212
50 589
678 337
698 1874
1559 1928
1002 219
1325 661
1887 1060
565 1743
1359 267
1242 925
1607 1524
700 951
1130 437
1130 855
1341 1346
581 184
221 1120
294 947
1737 1183
179 1838
652 707
1748 424
389 1731
1627 1948
1416 1976
219 1814
1708 200
1466 1977
1865 893
598 328
623 175
1147 655
1042 803
255 1282
1534 1948
816 1609
679 587
427 1142
1153 1252
114 908
1863 38
1278 436
59 416
257 1121
352 1286
18 1834
684 1584
1408 332
183 1442
675 10
1673 1948
924 1421
1310 969
1565 1340
204 443
1956 188
590 1734
1290 1402
1895 67
1519 8
1031 110
937 1134
1405 603
1498 1042
1038 369
1830 366
797 1210
243 1408
1956 1987
1627 1811
874 1515
72 1352
547 834
1488 1249
1211 1288
942 442
984 1939
323 207
1265 1694
997 1521
710 1619
106 742
302 286
285 1898
538 153
148 1009
1062 1436
939 220
1524 666
1281 227
1369 299
105 279
1529 978
686 734
1965 1092
751 1036
697 1847
1554 1420
65 195
1207 387
1297 1587
257 1420
348 1020
490 705
63 681
1850 2000
753 1941
190 952
1785 7
742 1028
480 1929
197 1479
990 1132
985 232
1188 907
1765 418
1395 1705
305 135
769 1649
430 657
1828 1762
131 1745
1443 1849
579 731
1947 35
1525 239
1986 1876
434 453
1611 209
947 773
808 1051
238 206
487 1265
1791 1299
948 294
1117 859
1532 1676
868 127
1748 498
1714 1535
126 628
734 1478
1776 1868
584 894
568 1157
906 595
740 524
682 1214
67 907
1484 345
320 1979
332 1445
1577 123
1789 1758
547 1175
463 188
1593 1830
747 1002
1844 316
311 948
651 1036
858 827
1542 1969
1632 334
1622 1597
1262 282
419 1705
1828 1147
1974 694
108 1400
1733 555
1638 795
1145 1584
1228 867
1865 1262
101 1284
1096 23
935 1268
340 1168
375 1096
1759 665
1255 791
693 632
848 256
1714 1243
1080 1468
109 1467
517 1190
1411 323
1785 181
408 821
190 1261
1967 1501
1744 835
1570 1673
77 1292
1113 1639
999 1088
1027 227
420 21
651 1605
27 811
29 1930
265 1320
716 1174
1078 611
955 1215
1221 1338
1078 1342
1355 1766
516 209
199 623
1589 1950
595 1701
406 1798
1375 734
466 830
482 1952
2 1755
112 1933
1670 195
1424 410
961 1103
766 1883
242 1379
714 1786
160 340
439 497
300 1360
151 29
607 382
569 1060
1311 307
1866 1234
1614 1632
171 381
961 463
1458 219
276 360
295 30
25 835
1031 1407
56 751
44 135
300 1940
388 401
415 1201
1802 1144
860 1571
215 892
946 449
1977 787
895 1149
503 154
328 172
281 732
617 569
522 1136
1467 1045
1013 504
1754 1387
695 621
743 619
1935 86
425 336
1133 1989
1877 331
233 990
463 671
1687 1246
602 885
1518 1914
442 693
1241 7
1716 1232
1331 1183
1478 1681
1266 47
1681 1615
1848 1186
753 1806
1904 553
416 695
920 414
945 676
651 911
1325 97
687 836
1373 669
1066 1101
646 401
1571 1322
25 944
1040 1643
1526 630
1154 736
512 758
1964 271
1563 1466
94 760
972 747
265 67
780 185
1620 1678
437 1224
1538 671
62 349
627 862
1885 884
1080 123
691 515
163 1905
432 1693
116 306
1872 1710
789 1855
1567 1270
269 336
779 1532
1417 1066
1444 1725
1673 1928
1646 1197
50 1447
1461 703
311 504
831 1908
42 792
916 525
201 1517
1562 1367
1027 358
811 1319
549 129
1829 1144
1809 1125
1557 1724
288 590
345 1809
1080 4
287 1020
992 393
744 1845
770 740
856 942
1412 838
758 608
731 940
34 1678
1590 1347
1304 1580
234 1760
559 1449
975 1712
1043 1328
1919 1705
1810 1172
523 1921
1527 1629
317 350
1153 532
1211 135
1527 367
1802 1540
131 866
1358 1310
1302 1837
660 1188
331 326
118 1752
181 1079
49 1090
1676 1772
1617 170
70 817
219 1225
151 422
506 1592
1657 1675
1389 1286
830 406
437 1790
1348 1369
322 1239
1975 453
1487 999
1809 604
443 1566
123 1686
1396 671
1221 1001
542 838
678 284
1074 1508
1413 121
126 1902
1753 1315
1432 1104
723 1449
1414 1190
1831 1932
53 1589
1128 127
1884 1392
1597 454
543 171
1577 1876
177 1107
1387 1777
750 583
1184 1655
1351 564
630 1849
663 1670
1743 1868
1833 1477
1530 347
1310 1176
706 1981
275 981
1318 537
1481 861
1741 646
674 601
99 1049
1785 1124
943 271
173 1251
356 128
1677 1753
1129 1407
625 714
238 409
1735 321
164 610
997 511
1798 46
1737 77
207 1983
772 1534
85 1942
1674 1781
866 1974
1900 118
1712 328
238 1792
1406 892
1232 361
129 1851
51 1073
233 1523
732 985
1814 1749
1842 635
1196 1284
1157 557
346 1237
1775 1062
1974 1955
1231 1527
659 1001
846 1239
1982 1943
163 1484
608 1033
1526 1155
1771 500
1269 1611
251 1090
1744 1301
556 1334
1521 420
1236 944
1118 788
1732 306
1601 909
1869 1113
785 537
82 614
1943 1577
211 239
242 424
124 1991
1386 857
1836 611
8 1210
1819 895
438 281
573 253
1658 638
1201 151
480 160
241 1290
1921 1147
1533 1312
412 61
519 803
1455 884
1019 545
1322 336
1525 692
124 1851
623 709
232 1607
138 1150
1248 549
1968 200
847 1499
653 1434
76 478
1926 875
306 1275
1849 951
37 738
1349 974
1993 691
70 1611
626 1465
307 240
718 521
570 462
1659 1693
1154 1450
1475 1003
571 1137
1498 266
1383 1639
1652 439
1983 620
1676 1588
307 1284
1686 933
1188 1984
1392 1847
332 731
1393 564
501 1285
183 406
1037 1721
798 296
804 1785
1267 1353
512 990
316 1708
1634 657
910 1835
1657 233
49 9
709 54
1915 400
1078 473
831 382
576 887
1688 1051
1426 757
796 775
941 1006
1045 1268
963 1420
556 219
1908 1519
1097 479
1914 1959
1943 1835
112 425
934 944
1929 1865
655 319
1124 1242
1032 1073
171 1398
1019 1083
1385 856
1107 1628
782 446
1452 302
289 1947
1149 423
1031 1078
473 934
1457 1913
1989 1606
1117 272
1065 1414
764 87
955 917
1706 638
1488 274
705 1752
1057 1593
182 1386
1014 1756
726 189
961 936
1150 658
844 837
994 1472
1640 674
85 1917
1176 1645
306 1680
1124 1777
737 1416
1394 1385
100 1001
932 386
217 1028
1912 247
394 993
1751 477
1386 695
1241 597
719 1280
1961 1208
1236 799
208 1149
580 1689
1120 1620
173 1437
1394 341
1210 1658
1204 929
418 346
1748 1097
1415 669
546 1452
1521 1979
556 1811
1189 576
1719 279
571 1976
1464 222
77 767
1878 1933
934 971
1251 1968
1930 1746
1895 1660
1517 972
1861 930
490 1536
1863 1689
938 1035
1797 1307
1155 1589
1041 1223
1403 1721
1352 324
504 1051
1568 761
66 1624
716 1986
426 1947
152 490
1889 1958
518 258
1320 1102
1370 1426
411 1280
1929 294
162 1113
579 1201
810 152
1596 996
1768 373
1571 890
1672 1047
191 865
1478 21
173 494
423 1780
677 138
20 268
1884 326
82 1369
873 1671
1477 1873
383 870
568 486
966 1249
1291 1043
749 1726
1732 833
515 945
646 924
1042 1514
502 629
960 870
1123 441
914 1302
1728 899
1456 1747
1362 1603
1629 893
1239 119
1397 328
1606 1288
1443 1190
178 1730
1814 1074
265 1367
1860 600
1849 341
1740 54
200 1645
1500 1027
494 1416
885 574
1032 739
1855 1724
980 576
1738 1706
777 1235
223 456
506 867
1731 1231
1935 71
918 769
1451 1747
1873 146
1844 867
9 1666
967 156
710 88
127 177
1737 92
138 1695
1219 1228
1370 1430
775 50
1889 897
957 230
1453 1982
953 42
1799 1538
1423 255
229 1916
161 1891
1029 1602
1980 1140
798 868
1263 1375
1228 177
1628 1138
1242 1794
1685 50
1619 1415
915 859
971 1334
1965 1157
736 62
926 963
1433 279
330 623
875 1125
83 1954
455 680
1838 936
536 1122
589 1215
1422 1954
435 1404
1980 202
1548 1285
1473 695
1207 1015
822 1261
755 1346
69 1539
381 1706
226 1555
1559 1428
1228 487
495 1351
1530 55
1170 111
1487 1343
716 226
366 727
809 1793
269 612
1805 1629
848 1345
558 1755
1506 306
1234 1692
1145 1024
779 1160
740 686
202 284
418 202
1981 507
133 1561
410 485
422 1904
1745 1011
87 1268
1991 1507
117 135
295 1966
1460 1733
243 1688
845 1882
1683 975
1325 1287
384 1876
1784 1407
758 932
1392 1772
443 1360
603 1326
1199 82
1912 23
692 822
978 316
932 1760
1725 815
1571 1031
333 779
434 528
23 899
1424 496
148 935
49 336
3 799
617 49
37 1295
622 557
1903 169
1987 1679
1092 1802
72 1271
736 126
1502 1775
1521 1712
313 1987
61 1423
1781 1044
1516 633
1089 242
1330 1281
1488 555
1348 840
1065 1934
342 294
744 1569
1290 368
694 1919
1317 711
747 1411
1324 230
1360 1424
1381 1141
1867 1302
512 674
1918 371
435 1674
1661 1291
1081 694
853 650
1330 789
1357 466
1437 1358
721 81
1027 327
1612 937
193 1089
1806 774
1402 888
1911 792
995 1231
116 825
1212 1312
897 1804
930 592
39 376
9 1267
997 1454
1273 123
1502 175
915 1328
1560 1135
104 261
1933 205
1708 1091
1191 429
1580 9
332 57
1437 1838
1854 90
1959 1466
1311 41
682 904
158 944
1954 908
926 917
310 441
381 1263
692 214
495 985
1892 692
1767 1387
505 469
1065 565
527 501
377 253
1367 1264
842 1670
153 942
1540 786
591 765
1279 1209
1368 476
442 466
1858 1492
1489 183
914 713
250 1495
1183 989
1698 656
168 1244
1347 1392
1591 864
1029 1058
1840 1541
1002 25
834 1435
1155 1900
168 1972
20 281
232 595
753 1468
190 229
430 1547
1613 596
658 1115
609 697
445 278
1277 1051
950 710
24 298
1900 310
549 712
1805 611
1866 440
1924 777
253 692
1122 594
355 1433
161 171
610 1168
578 44
382 1151
914 1882
1730 1759
1177 1297
1123 797
986 1441
40 293
959 1161
978 1244
1251 83
203 772
1831 1235
249 176
411 1558
1505 1389
1106 1247
1384 792
896 344
1764 1317
709 459
1625 1328
1110 635
1390 818
691 1050
852 24
1628 1750
53 1178
1379 1738
1327 762
10 1930
638 1810
1670 1403
1738 1679
1282 1015
1970 309
476 1129
1935 977
1655 513
226 991
1492 467
905 1572
717 908
833 299
1205 387
1676 141
954 411
1151 39
1650 872
939 937
1833 309
1726 243
1333 57
287 959
392 241
1498 1504
1370 1055
297 1634
512 132
817 1453
1214 1183
788 1654
996 1155
654 226
1356 928
375 25
1742 1479
630 1140
497 1319
1505 1700
1569 1372
1504 1362
1730 174
577 1140
1460 1575
1710 1707
612 1424
1855 593
512 721
6 523
1783 1134
194 1348
21 796
1532 1940
974 1042
1315 1313
287 484
660 1824
1987 1434
1948 62
1888 1945
523 1484
1722 415
937 824
1369 503
1470 335
1735 624
1062 1100
1599 1626
960 519
975 718
1980 872
1233 1496
1371 296
404 1400
405 1881
318 727
1999 471
915 1946
290 1
1905 1886
1804 1266
1412 1612
624 1982
662 24
732 227
1220 991
867 1058
950 1310
789 558
396 1873
1982 176
1082 462
1225 264
583 533
1753 1968
1355 403
1369 261
564 372
1817 223
713 1055
1293 1214
1329 567
1493 332
1950 373
210 199
1520 900
607 116
1666 1084
61 389
641 1270
1256 853
869 1787
917 1025
1230 144
1000 1367
594 1952
1010 689
1924 263
1602 1142
2000 820
825 1594
739 1862
1052 1966
1088 1931
55 1284
255 632
440 869
237 575
766 1979
604 457
755 1143
963 1544
1102 1012
508 316
617 1034
541 1079
63 19
1094 983
505 1303
421 1101
1280 1910
234 1653
329 186
1963 1337
151 139
236 248
157 58
125 1869
1289 1997
75 751
1097 630
1308 286
228 39
264 524
181 775
1549 1202
580 15
1687 82
1276 832
186 789
1957 131
1546 1479
1729 875
1807 101
83 209
1755 1782
771 255
1150 241
167 785
1228 1113
1114 884
744 1993
1986 987
1804 1088
1851 1870
664 1533
28 994
465 1421
1429 207
1851 1159
1140 1672
1661 1722
402 683
788 1859
989 1943
1179 543
425 1718
765 320
1246 679
1368 723
891 952
638 431
162 1596
1039 261
633 83
1780 1265
1226 1207
1767 1456
75 1255
1513 630
1066 659
1877 1697
1802 508
997 1558
1802 1252
1037 503
774 586
236 984
358 52
102 993
1742 1325
1186 608
422 1586
3 1360
1483 654
1952 1131
1811 1253
1484 874
1739 713
1531 119
1878 692
1739 1323
627 386
432 1770
1910 1730
833 1053
409 1895
633 373
1634 34
1365 1496
810 1621
1267 1851
51 1487
1600 296
917 1590
1689 556
918 1460
803 999
1131 1771
1182 6
311 15
77 315
1294 1759
1718 463
695 287
1440 1772
1301 493
473 1632
1144 541
410 828
835 459
627 999
1312 1959
445 1360
542 870
1698 928
475 91
61 137
28 608
431 1155
871 1275
1647 1864
1170 883
4 5
1116 1981
178 1791
1006 494
884 563
877 1356
1270 1941
1272 1927
55 1726
1556 436
1842 1476
995 1202
1814 1694
177 1740
148 1429
1517 1037
481 1126
685 1773
488 1617
787 948
180 1823
996 1011
1522 1632
945 1848
1633 1822
1863 856
530 1367
589 357
1560 318
1839 1143
52 1999
508 1586
659 178
1321 185
303 58
1137 7
662 1055
1083 472
1914 695
1300 183
1976 669
939 853
1762 984
1974 199
1575 501
1291 1970
1092 189
1577 1392
872 513
1173 362
478 1111
1052 268
1232 923
1589 691
401 783
1136 1826
725 873
1337 348
119 265
761 771
1735 1907
261 780
967 575
10 1148
175 1994
1667 628
1599 1272
1560 885
399 106
1340 72
1875 943
1708 981
469 725
1497 1217
277 1335
1308 766
1470 482
702 1969
1311 1397
1510 911
380 678
1317 1091
612 1965
138 1403
1484 1983
190 385
1843 1612
918 624
1017 286
238 1381
1378 415
1172 278
1095 340
1677 1178
501 1767
1728 504
259 406
386 1959
1892 450
1024 1996
6 1234
1821 345
45 1424
1500 696
424 843
332 880
509 1267
241 1201
857 1275
1115 41
1445 1600
1911 919
87 199
1666 1366
823 1385
899 98
1911 197
634 247
1158 1350
380 805
255 1605
1876 801
500 942
1317 1388
1920 638
943 1352
1636 652
1451 129
1245 1508
254 1499
864 989
1015 873
903 209
1809 187
80 1599
1556 1701
662 504
1530 1690
753 1666
598 1221
1124 1597
1310 1472
1756 1548
1270 1800
1847 487
1975 1191
632 1197
1702 290
1933 680
1175 1084
1190 1305
1186 963
294 1764
579 1742
529 1524
283 1437
401 874
443 1759
1827 681
1362 1340
849 1602
403 121
403 261
1319 1678
170 317
905 797
1763 362
638 1355
1226 429
1075 730
419 1166
1484 439
1349 1311
319 1298
1793 421
1731 1843
1405 1676
1855 1301
1227 1231
1093 262
394 130
797 195
1021 1484
200 928
1163 1223
214 295
1551 1759
665 172
1775 1692
1007 532
224 1509
1630 389
544 1724
1220 1796
1053 1280
875 1849
1159 749
1134 194
34 1769
313 1658
1094 119
1794 449
667 1193
524 565
288 1755
1621 688
1901 323
955 685
1494 7
388 1185
451 1333
263 1239
1720 1087
270 1733
5 1284
21 605
37 416
1322 1472
1810 1594
784 116
1746 605
1191 1603
822 166
904 728
1487 1585
1618 1404
1103 1426
223 581
1333 362
35 487
633 378
16 375
423 503
1913 1934
1867 589
1704 925
617 1210
1177 461
1784 610
179 1538
1954 736
1011 1221
1557 1047
1272 76
1102 1331
1580 1469
1235 1721
608 126
124 1081
19 733
1529 1189
1437 1728
1249 453
295 105
317 365
43 79
898 1477
1090 15
1950 47
1313 278
526 1711
628 1607
405 1986
1998 171
1233 1442
1311 325
658 1875
1981 1618
1602 103
1433 653
61 502
1091 1715
1063 1798
627 329
1873 1254
1458 1755
1910 631
468 1115
1673 1398
915 1554
1711 685
1577 503
1973 42
282 5
1498 1662
1514 1045
1078 914
373 1644
491 1789
515 978
1903 1303
92 985
632 283
820 323
1466 55
983 1865
1002 702
1937 1311
483 1062
894 821
934 282
1102 1970
90 1357
608 1485
871 375
683 1018
843 1204
1052 891
520 1335
96 756
344 1550
536 1751
1410 1984
1190 1921
1306 1008
944 956
1598 1500
1331 1810
1209 836
1538 48
231 1503
456 1797
1654 1552
1239 1156
1143 1683
999 14
608 1420
972 692
966 263
1959 1509
57 820
1626 200
209 1939
1190 473
175 1174
1073 666
1434 1610
1412 1533
970 1948
738 471
182 1554
1684 198
1227 658
1944 1760
727 1315
1423 117
1308 1020
1824 245
163 635
1780 465
1832 1409
1975 745
1153 1331
388 1448
1250 1569
520 813
1420 1506
1378 248
1874 1560
1741 936
160 1502
842 72
1465 1578
611 941
1357 1041
1334 975
1616 512
1798 1467
47 930
842 1019
467 477
1373 49
1485 192
356 1475
1206 1373
1167 1580
869 44
1818 810
1602 1845
1972 684
1588 154
477 631
1209 437
25 412
92 1645
1861 1217
1787 352
263 230
1350 1033
1183 431
1220 1146
1393 1489
20 573
1463 998
1807 338
770 535
1144 968
1494 1383
220 1371
906 1073
503 1973
1722 1302
1547 1846
595 1322
763 1931
946 491
1038 1470
1009 333
1150 1440
645 182
111 283
46 469
454 606
399 1015
563 913
1052 1029
1311 1492
126 1008
1750 1050
1168 721
1647 109
1493 410
348 1257
109 112
1817 249
389 1968
560 1910
1129 1124
1063 267
1329 1164
1470 837
729 792
604 153
1542 79
1430 1967
1888 1802
1500 1924
1769 177
853 8
1700 1093
1246 329
423 884
1130 1962
1421 248
1818 1892
436 374
1457 1428
1956 733
1665 1688
802 1475
500 635
641 1217
1154 462
390 353
965 1467
529 42
396 1334
1756 146
951 1656
1394 1152
1324 1467
1683 1833
139 1360
10 241
1377 1857
1434 1093
44 278
115 672
1696 258
1351 1038
622 1683
940 1791
840 795
1094 1958
1999 372
281 1312
33 302
1854 1833
545 1701
658 942
652 1141
1365 593
1660 540
787 1960
508 1411
955 541
947 1740
1816 415
752 163
1709 667
1580 415
1504 531
978 972
99 8
1110 1402
30 900
1880 452
1254 434
921 1744
1148 1206
1318 238
1997 1230
962 265
415 1530
713 1539
1505 1539
617 348
775 289
572 1955
1193 864
1715 990
1092 100
170 341
156 1300
1713 1162
225 1885
1149 1031
1390 345
1765 1070
527 695
1087 1472
834 893
1732 1777
1131 1245
584 727
1165 1208
386 1754
251 1488
1608 6
128 1732
1197 1125
285 778
97 153
579 596
1970 1915
843 795
1051 991
434 1484
1646 1947
1688 134
53 1846
92 550
947 315
1876 239
1625 53
429 1375
1985 474
1480 625
1759 889
1790 224
1090 1016
959 1956
1549 430
1613 467
309 291
215 308
1510 524
348 1664
1801 21
1843 1721
1028 447
787 565
1718 1213
675 1950
1764 1759
1515 1196
1266 963
716 297
916 1568
770 1718
1389 1472
1072 1480
27 357
768 1340
94 791
693 1113
816 545
1582 694
1102 1205
1504 148
1935 1232
184 131
198 1085
1684 177
32 428
1263 458
1476 125
1373 903
165 1347
1059 1649
1631 407
1408 274
178 568
1927 95
326 399
191 501
1330 59
242 521
1892 999
300 823
510 128
534 71
945 684
1371 182
1915 481
1415 1504
1466 279
1018 500
311 679
518 412
1389 687
659 1636
1599 185
1875 1202
901 1189
1458 1167
138 119
1504 438
1818 1418
1129 1937
37 281
1208 222
1999 432
835 109
1293 1198
348 1057
542 453
1855 1383
1910 51
1187 696
1125 270
832 1497
1380 1194
1965 1503
1975 1155
1989 1651
87 1802
1846 1639
88 1768
1578 279
455 528
772 591
1559 649
80 1393
122 825
1594 1169
920 1821
291 510
159 500
1336 487
823 249
206 1931
1779 980
1367 952
1444 472
984 981
1433 1966
1006 69
1536 337
1548 172
662 1745
162 1252
1757 1414
1053 973
415 745
1594 276
1315 1139
408 1092
330 1842
411 89
1174 313
228 1259
799 1479
575 1073
602 775
1873 1504
1007 1495
445 1669
1551 1570
86 500
1226 227
1037 1741
1310 1231
1884 59
557 411
460 121
303 1700
641 1967
1299 61
1015 1627
567 182
1427 856
325 1912
1179 763
1193 271
210 1732
1530 1740
1877 1980
613 34
1340 1243
427 1112
1819 610
1308 271
865 1752
513 1044
627 793
1223 252
1561 939
78 764
792 1993
1298 1139
383 684
238 458
244 9
799 372
1882 962
1382 801
220 927
889 1632
401 1185
94 1910
303 1675
1507 245
1815 1176
1045 148
513 620
999 1468
1439 1522
364 93
307 1627
247 354
1772 1024
1239 1926
925 881
1724 1884
33 775
989 538
1193 261
650 734
608 1652
868 505
594 1873
1291 1722
1431 153
1807 1449
1978 1092
1807 483
377 739
108 1265
374 969
873 852
989 1275
701 26
711 1201
1306 1639
51 1238
1962 1388
73 1380
1169 1608
1241 433
1 1011
1848 568
1976 390
498 1677
1572 1223
523 291
910 1645
872 190
661 1018
549 937
1542 1093
22 3
1803 433
1053 914
120 1870
312 1198
142 1602
711 548
1651 1203
965 213
50 1436
1486 1241
569 1827
1316 632
87 1415
1000 1959
1083 1849
1357 1959
87 1150
1726 677
1117 1912
1326 315
1720 983
533 104
557 1495
1245 1089
794 672
866 1503
908 1859
540 1430
411 359
1994 261
83 729
811 1990
1414 669
978 150
1627 516
236 1859
284 1514
998 1841
1459 75
1214 1643
348 440
466 64
746 1276
59 1924
1215 675
1970 327
1025 1547
1705 1278
1652 286
214 1530
715 1920
1075 976
1168 412
1958 496
453 843
866 20
1383 721
939 1268
911 473
534 665
125 846
1260 1831
456 1365
45 366
426 1883
1555 482
512 875
764 74
135 1719
1931 128
847 51
1670 264
1484 22
1343 1485
1112 791
13 1705
1174 71
1931 217
1364 370
973 944
1473 1904
270 619
75 18
584 1114
794 1641
1803 1156
1787 823
469 1438
699 704
331 1155
855 581
1138 569
1356 813
89 1567
1441 599
181 28
1837 1304
1389 1011
63 1930
202 494
829 1091
1792 107
1980 1869
1810 1951
1066 213
1077 686
1184 1305
447 123
252 630
319 1803
460 174
276 1599
752 148
1869 1092
436 1617
1855 346
1561 808
1464 269
1262 178
982 416
1552 1163
525 20
554 89
777 746
371 805
1042 1069
1634 340
1328 648
1667 1041
342 829
303 7
1251 588
975 499
1475 1935
1477 225
718 123
731 1849
858 877
1835 1286
1198 1736
1538 1555
425 591
245 1986
1295 402
1539 699
284 1272
1357 1044
311 819
288 275
491 1546
669 907
773 321
1128 1581
1513 1334
306 929
1182 1343
1424 598
1555 354
863 1615
1760 1615
540 1136
357 1181
1349 1737
1995 1776
386 1670
1438 750
1704 579
1763 269
1631 1211
1676 1328
329 1459
1484 1322
147 975
1377 1070
1819 535
725 560
823 410
1513 1544
1907 1370
1873 1905
923 83
1245 1251
1604 425
820 348
1328 11
365 880
310 733
1747 1471
596 646
1129 460
1401 1887
1916 1506
306 835
274 1009
1995 315
1113 1252
1781 804
1705 204
1794 475
1175 521
245 632
589 541
951 1894
1162 184
787 284
1144 1914
1662 474
270 638
1401 1250
1302 1064
521 1427
32 477
877 327
1434 826
1571 1409
1038 653
1288 1312
980 1664
1046 488
870 218
1729 1288
906 1507
1510 1150
51 1134
515 1064
1482 452
1046 1433
638 1474
672 574
1920 1380
517 22
350 1655
1989 529
1678 25
495 1794
107 1915
170 544
348 1062
1847 434
1808 1487
1750 1275
1029 353
344 27
551 390
262 1537
633 1966
93 1272
1816 171
234 1443
1608 1128
1293 444
595 761
971 1219
938 8
1575 1517
962 1837
903 1582
421 1555
256 1372
960 1618
910 102
521 1556
1338 113
605 467
1448 1700
762 1987
200 106
85 636
1115 391
1646 559
1015 1686
934 404
753 591
129 1763
183 1339
650 1301
159 1414
1018 119
1945 259
1442 126
1584 685
498 12
417 1641
1336 210
760 1352
455 1119
695 600
1693 165
948 1082
1579 1266
1951 1360
203 513
897 1573
1665 1672
1184 57
111 523
777 1756
1360 1375
111 1050
1940 828
1360 1401
820 1541
1909 1211
187 882
1810 505
94 182
1747 1077
1622 1598
1423 900
421 1479
1215 221
529 83
645 1661
318 1478
112 1921
257 1663
229 950
175 1940
1315 428
1623 361
519 1189
760 1947
1981 589
1309 1020
298 1206
1753 1950
328 1684
939 570
1365 1932
463 1070
700 993
1141 1837
771 1925
88 1520
562 1619
244 1989
1371 1554
374 1150
459 319
794 876
1855 760
1310 685
716 458
1283 346
1389 500
197 1375
1501 188
1774 1229
1820 1232
1003 819
1076 544
856 1101
476 329
1683 1262
2000 666
714 529
1530 248
1279 1566
1961 1993
508 638
875 955
1605 1043
68 1976
573 61
1415 171
730 1336
178 71
1437 1218
1577 1501
1419 1103
1785 701
1291 1631
299 662
486 1931
870 1713
1095 320
431 523
1394 426
923 1334
966 1457
371 1474
1452 1408
1047 1085
1477 164
1313 1506
809 1085
347 1130
118 1389
1782 1096
340 34
162 1881
1905 233
256 744
1975 407
1058 842
467 216
1707 1730
956 74
46 848
1395 1412
1495 1210
1613 445
1796 302
101 505
931 84
1056 486
129 1133
416 1719
136 1231
1424 272
727 1840
782 1110
10 1744
352 1640
930 958
1770 196
403 132
1119 472
1870 1160
1442 1770
337 93
140 1497
1383 238
761 638
118 1184
1227 969
1203 1454
604 1469
1597 58
187 1886
395 1949
1502 752
1073 446
959 162
950 213
491 506
641 1892
858 254
1372 1580
974 1061
786 1902
1327 1931
515 1842
166 1401
1106 287
502 569
1258 896
700 116
1603 1149
1388 560
1409 610
1681 1850
916 877
609 276
726 593
1569 1315
1315 1597
1459 1409
1198 934
283 337
779 923
1233 1943
1038 841
79 836
52 291
1784 1954
824 1949
1213 1753
830 586
1838 1877
573 306
1432 1426
76 1384
358 1166
1344 1660
314 705
1199 1233
1859 1206
1807 677
642 958
595 1016
1148 1559
1074 99
83 550
1591 75
913 1426
334 417
1428 1122
909 753
569 1210
1987 338
729 105
1620 1491
1446 1045
980 263
154 940
1484 610
1801 1915
1941 151
837 1260
1571 177
1878 1450
325 1854
821 275
668 31
824 224
1570 1180
1770 1986
1138 1255
1829 106
1519 97
985 414
26 791
77 913
1335 498
682 49
1587 841
1942 664
1865 1082
322 625
1512 962
676 1445
771 1395
1551 174
1782 628
383 97
689 1087
1848 1413
668 1451
1706 1318
407 1190
1020 1880
1039 1507
808 1366
1572 1919
125 1278
1139 1889
1790 783
558 1670
1488 920
664 1089
392 1728
185 558
569 495
1542 766
644 158
858 955
972 640
1721 243
279 538
873 547
907 1499
178 848
1437 1634
1921 971
291 849
1348 865
1915 478
762 1609
1689 1031
679 678
82 1596
941 520
936 222
697 77
997 1166
760 385
488 391
686 1698
1285 1281
1362 918
1923 1129
1390 1994
1531 798
655 668
11 44
1560 1671
1821 1216
1905 1912
354 257
101 1716
202 608
1019 1650
63 682
344 1750
912 346
249 1906
1612 1400
1214 1038
1581 838
293 158
214 549
1436 1503
904 1236
1542 1668
1660 100
1841 1827
1603 1767
463 1098
417 649
655 1567
1456 1911
1886 1921
1258 1101
710 727
784 1587
1911 1590
751 1496
1036 1579
209 1505
920 693
436 420
1060 74
683 183
669 324
182 1066
861 553
1033 1333
1916 901
197 794
785 1429
12 425
1594 1247
426 292
1597 50
1495 1597
960 479
777 1846
681 1572
878 1325
649 984
666 1891
58 1371
285 1665
524 699
695 840
1265 1767
1066 1863
287 1479
1106 1447
1796 153
527 625
185 1819
1040 1753
432 979
1021 1361
894 1109
732 1717
136 1546
1959 1028
1948 820
734 1459
1211 254
1538 1385
1232 295
708 1116
1469 1408
955 439
860 650
426 1367
136 1911
1154 1950
45 1577
140 1885
1532 186
1128 228
1511 534
762 976
1202 500
1632 604
1294 1810
940 1921
1878 1085
301 1525
1262 255
1870 148
1414 695
590 65
1459 1228
378 150
1701 648
1279 977
112 341
379 1659
365 919
492 668
732 1975
1969 1177
107 1794
1815 766
1871 1452
503 1476
617 1831
612 1708
1354 168
1258 597
1729 1823
1037 1715
109 1453
807 719
548 1422
1534 50
425 1699
1353 1039
94 1199
1975 860
526 1593
1214 1395
116 1755
284 1021
1536 1437
195 348
633 1938
1849 455
1185 1456
187 866
1752 263
58 633
1794 1319
1884 161
1968 824
1620 1875
1099 1172
1895 1606
463 837
354 1562
1337 964
785 1124
804 384
577 1322
848 263
572 610
670 1501
1024 1817
1985 1252
1371 323
320 1498
483 1295
857 279
975 1871
1836 1292
1512 1482
1099 750
342 3
506 1822
1452 525
1477 1115
87 33
1269 90
1970 661
1504 868
1674 1894
1801 1545
285 602
1553 638
26 1288
638 273
518 416
1732 1951
705 368
882 839
955 1719
688 785
1081 1878
1468 607
1400 383
1339 1944
239 1240
2 921
613 498
529 1341
1674 729
1150 1227
930 336
554 939
1386 831
513 1406
1307 215
521 974
54 1413
406 1947
1780 975
1490 1667
1381 1893
1860 892
1680 1229
551 1075
1037 1688
729 1020
97 1086
221 755
1471 278
1289 1351
1048 524
1887 518
1771 1330
34 567
914 257
968 1929
496 1417
176 1524
1309 519
1567 17
1706 1411
778 1739
967 1647
334 1734
1104 853
1248 589
97 379
1382 1813
925 548
1587 179
1643 1439
1615 1071
1327 1065
40 139
62 1670
728 739
1789 889
249 23
1559 1586
1567 1595
1551 1621
35 1049
1128 1071
1348 1651
919 156
178 1132
83 1989
1801 806
822 1569
1511 1873
1295 515
877 586
669 487
706 780
1246 881
1446 1152
1405 1415
835 1283
1438 1103
1727 1494
1733 1108
1396 1509
202 95
451 1802
861 1361
1630 1669
143 1268
442 429
937 1453
1859 603
598 418
982 252
1140 1415
433 508
538 1527
1948 119
565 42
1349 668
819 1813
1315 1224
700 927
1772 392
1085 371
1038 1915
241 656
404 1891
535 1011
792 1939
1324 60
323 39
895 344
1077 1102
281 71
1646 1680
567 454
731 1736
1165 502
529 1438
657 665
1077 22
389 456
1463 434
144 412
1050 722
981 136
645 1833
1992 952
1 472
957 324
1104 851
1846 1885
1431 1564
546 1479
941 1086
1067 711
1989 1597
797 1460
421 264
66 159
1750 1442
1312 1422
568 1818
1701 287
985 1538
747 624
1594 1202
1559 524
1923 1450
743 852
1919 1734
1668 146
1585 445
218 240
1303 148
1862 902
291 1541
1483 1021
1792 419
1522 991
667 429
28 835
1001 738
1025 1998
1830 1049
1931 1884
218 1731
795 495
293 1981
436 1588
880 82
1513 1434
981 1160
19 518
961 221
152 1044
1457 514
188 1614
1926 896
1268 1340
1846 1634
191 1861
1501 1542
218 608
1416 317
97 574
516 1720
1774 1877
847 54
1060 1117
1612 411
244 1606
1728 151
675 873
1085 1635
1406 709
891 226
1707 1273
1016 721
691 1622
1664 981
649 330
1456 704
56 1908
136 1987
1412 967
473 1844
1930 660
1728 914
308 683
1987 179
805 767
560 347
1921 1094
1248 1955
786 1948
415 282
1389 191
832 1471
1989 1550
223 506
1286 342
427 5
704 1926
141 1133
722 629
1358 154
1486 222
544 1959
1628 1651
1597 502
355 1602
326 133
575 1100
155 1359
835 1911
999 1259
1817 1730
1497 210
984 1989
542 852
1139 427
1445 828
105 456
1248 1712
236 1904
658 1620
475 914
745 365
338 186
1014 890
542 325
1204 1174
1349 1981
383 1881
1347 1247
1133 394
566 976
1963 1456
758 1310
1606 283
1330 1938
1466 1869
1470 1604
364 1670
1996 1445
1039 92
1332 666
1872 1972
577 1060
18 504
116 1384
1294 701
930 1856
1277 1338
1260 1384
618 363
1861 835
1477 273
1977 1424
979 495
442 421
1872 751
371 48
780 1942
1917 446
104 1561
1407 1643
1038 922
1831 1763
697 508
1811 1559
1493 1597
314 726
973 1524
1705 1243
1563 772
1485 406
78 779
111 1465
1943 984
1166 1211
870 1127
1547 68
174 1360
591 1565
39 1371
208 1309
241 1715
1805 685
1166 1799
768 80
1475 390
39 68
1163 1171
1069 1581
1873 1981
1886 1044
781 1861
212 766
382 950
1659 293
313 651
1379 1325
1406 1081
1948 337
1033 100
1405 1795
1165 1135
1228 1691
20 1208
1301 84
548 1701
1729 300
1066 1499
588 348
185 757
270 1264
1051 750
915 539
144 1193
358 1729
363 1822
551 1339
700 215
1214 766
1923 1645
106 1439
1835 579
561 84
696 1926
477 578
1227 123
311 1667
9 1255
1323 1847
198 1549
1702 525
1510 796
251 1564
24 1529
1471 1271
1534 942
245 1033
1800 46
1785 1273
243 690
710 708
398 1326
1399 354
1217 99
764 1223
1923 1331
1743 1359
942 793
1633 890
1291 903
374 704
393 945
25 41
1056 120
242 577
70 237
1571 1178
1013 746
1752 960
763 1529
873 1563
1407 991
1384 1759
1087 1716
1302 643
1929 693
1692 1907
49 332
246 1186
163 1566
501 679
1150 525
787 380
1425 530
267 306
520 749
1640 544
741 1768
602 1385
1855 1498
424 443
839 485
733 227
513 1093
1637 249
1583 1426
1539 1530
1905 1807
1155 1622
862 1384
1956 359
313 1689
1889 1716
1545 960
1524 437
1944 1567
1054 1433
1477 1486
1539 617
943 861
1981 652
413 1059
1122 173
253 1182
30 390
1048 1509
796 284
317 490
905 1
1435 388
801 1008
509 779
1931 651
455 34
126 1715
1417 1550
1439 1406
1198 378
1612 1691
1913 781
1533 309
1367 121
1370 1509
179 1309
1117 46
1004 187
693 160
408 384
802 881
35 645
1880 1648
933 1209
1670 1441
762 758
1275 982
1504 52
779 1616
1839 699
1620 897
1868 41
1886 1388
1685 179
795 1082
1013 360
325 1292
1844 556
842 1835
334 1941
1633 1038
1260 957
251 1599
1300 692
1897 1634
1037 1450
532 629
1777 4
427 637
1447 288
1619 601
1923 783
14 1586
485 1672
484 1538
1124 1602
712 508
1192 165
1618 541
1763 82
704 772
1786 1757
794 659
29 1715
255 1407
381 1639
979 556
635 794
878 292
1451 1865
1079 753
836 450
645 1265
1423 1151
1521 519
1737 51
1298 883
1482 1952
63 1178
1487 330
1726 967
1976 1972
1261 1802
1589 298
481 37
1751 1119
1301 1243
1442 1913
1140 1373
164 785
1042 867
1182 1690
928 1007
1609 391
1899 914
1031 1463
1322 1540
1035 781
196 348
1546 883
1927 570
514 1263
1234 1192
689 420
486 82
97 876
695 528
859 1326
1615 782
642 481
1544 41
258 1375
1630 1965
1748 1432
490 1327
1652 1651
1188 881
317 1775
104 772
1051 1562
1785 1997
1577 1362
1486 1339
1284 697
1805 1871
2000 914
1822 1052
195 834
1661 508
366 128
1869 1884
554 1021
709 82
1579 1327
1148 1585
1907 895
968 298
198 1835
891 818
147 308
1983 525
1227 303
1962 1128
445 802
446 228
757 1848
735 435
1011 1795
1575 704
716 1602
1189 1325
516 1732
1201 317
774 1019
1909 361
171 312
59 834
1296 18
1212 1109
593 1978
1668 78
1446 1659
1308 1531
1566 688
1388 1003
190 514
939 815
1114 1313
1075 558
1596 826
1104 1036
210 236
1874 958
1390 182
1207 1808
338 1805
545 827
387 1274
1164 1712
1612 104
273 1842
276 1721
1273 1126
1540 1548
24 95
1792 1348
490 1966
1653 1304
599 870
332 1541
1539 491
324 909
1392 592
1268 1881
1374 1675
306 1614
560 1371
1296 499
1186 298
124 1416
1286 1785
568 1144
1694 1798
490 890
1685 1329
1612 841
1832 866
1299 1015
806 1350
13 1213
359 1975
1550 165
1193 1080
534 635
1687 547
1254 592
1076 1328
242 1564
380 1048
306 1518
1440 225
379 122
441 1125
1684 56
1406 631
544 241
1077 644
584 1691
1119 479
581 454
1697 1921
1615 1972
1904 1292
542 1143
1787 1277
1916 1934
650 668
1095 910
382 1091
1259 715
59 282
886 171
1649 105
414 1633
998 1840
1738 1676
336 1925
1871 65
1719 249
1959 1897
246 181
849 1809
931 1932
65 558
1489 1769
1505 1854
1677 1731
1264 193
111 879
693 1952
827 755
554 217
1696 860
824 1763
320 1481
1250 47
73 1750
14 835
111 1711
1229 136
1829 524
333 1798
888 592
296 984
406 194
128 1013
1706 1176
433 1281
221 1111
1802 1312
1585 1206
848 1039
1343 998
1651 513
1980 892
891 400
184 895
1533 1649
660 868
33 509
1308 1048
749 1656
939 1718
259 884
1305 1919
1418 1516
1061 894
1086 1096
206 1821
1080 1118
1727 1871
1693 1652
1140 1439
381 990
91 191
1915 1958
176 1770
869 296
265 819
1610 1497
398 1317
143 1615
490 1706
1940 497
582 1212
758 204
1377 822
1265 246
418 308
506 143
706 1175
104 604
1003 864
206 1778
1435 835
1815 1605
435 1916
209 590
605 282
1239 478
54 796
603 1085
1736 310
363 797
969 1527
599 1968
1606 863
228 1788
932 1694
1098 1771
527 101
33 816
644 456
325 2000
347 143
1600 1733
1622 1545
1613 1996
1326 34
1904 798
1658 612
107 16
1144 1431
886 671
1457 571
1274 1191
958 1576
1059 547
309 177
36 742
1032 647
991 1702
134 1764
1445 333
957 761
163 520
945 1636
761 1525
100 1271
1025 621
337 802
1348 1667
1692 450
323 905
287 1420
1887 1922
1393 1479
265 1248
366 119
1993 1811
1614 1558
1463 545
1703 1059
410 1069
758 1331
1140 445
1286 963
1920 1670
147 1514
1631 1066
633 1819
1693 1859
54 37
968 983
984 515
626 739
668 14
1610 45
927 1665
603 893
427 718
536 1893
10 1951
310 213
1256 1815
28 1573
945 472
1047 1387
1655 1007
860 1788
992 328
1365 1975
1133 1461
1990 1957
738 70
778 912
430 1572
89 1620
519 1455
1822 1378
483 519
1061 1895
924 1263
1885 87
1905 609
709 64
370 90
1481 1468
1472 3
1004 627
914 99
1556 1179
537 770
765 1770
433 883
114 1820
531 1477
161 1608
1789 1568
50 372
1113 1862
83 1887
1099 124
1957 1894
1333 576
536 1104
123 27
807 1331
805 263
559 1309
749 1177
292 639
290 1070
479 1039
1834 331
222 1317
437 352
241 1798
75 1111
782 83
1339 227
1246 1151
332 761
634 83
1944 1087
969 68
208 311
1299 1064
622 1563
389 511
345 1084
850 881
758 503
1765 1325
287 231
779 1537
425 655
1821 1048
1397 892
1729 1826
1471 905
1177 44
441 338
1088 1464
1702 1905
1877 136
1586 394
639 545
526 191
1094 288
1786 1416
950 1966
452 113
1197 481
1723 486
1272 3
1772 1355
1389 807
274 1397
1194 1213
1920 301
353 67
241 777
1627 1737
833 334
112 956
1924 1742
396 678
334 1535
1097 1838
1947 1877
1639 931
803 104
225 1904
124 1799
718 1398
688 265
1111 1983
1918 1375
1846 1516
1876 634
272 1620
1935 383
1128 1705
379 1022
219 394
792 1040
1600 1389
195 1710
781 126
268 271
4 342
1746 1342
457 640
950 1379
970 992
642 963
1837 472
1836 1638
367 1210
1745 167
449 1759
1015 1369
448 1788
1623 30
209 1791
274 1938
1479 43
1886 1332
1629 252
1342 1764
1471 930
196 931
1640 1462
673 1931
252 861
545 1123
520 1006
675 1437
1807 989
1269 226
1043 1451
1866 1658
1888 220
344 1937
762 499
1385 278
1345 30
271 778
103 1064
16 213
660 1140
961 206
1636 1762
623 1409
1788 585
722 676
1150 1193
360 160
1466 1668
821 54
211 1621
1849 167
1932 1159
67 1894
150 1428
840 364
1907 1684
100 628
995 767
1795 1224
1968 1567
318 1417
797 542
1626 402
990 1054
338 1279
1589 1679
499 393
475 1369
411 1981
1485 1305
808 484
518 884
1814 51
515 703
1756 832
869 1453
1066 1037
506 1865
1929 993
235 92
808 917
1409 1372
798 496
1750 1742
789 615
442 1213
253 1870
175 602
1790 574
1990 103
1720 185
811 1253
1622 362
1730 49
294 528
1707 886
410 1434
913 1805
1493 1922
954 1558
1534 537
1976 1547
1134 981
1584 1727
662 576
1277 476
54 1561
1980 817
1495 577
1578 516
153 440
1765 985
1375 8
1597 305
1152 507
647 35
246 1765
1060 929
681 1384
819 907
1965 805
138 372
299 208
908 4
1920 300
1477 1649
1924 612
234 663
1212 1168
178 1543
402 56
1549 1294
571 1198
86 1634
783 856
1347 912
853 1306
598 78
476 1249
1458 1431
827 365
1876 1758
150 769
861 1743
479 618
1700 157
1756 943
1807 1912
148 211
1510 312
1462 820
1733 418
1547 1072
904 1529
1419 1354
1099 1220
1361 1406
687 1206
1160 596
1613 204
1762 322
350 1364
1381 1040
255 1560
246 1856
1898 1903
409 1959
272 1388
765 1296
969 1891
1738 970
261 999
374 490
1787 219
111 243
1207 79
114 871
86 424
702 1358
1510 1215
55 912
264 1366
1806 259
93 1553
1045 6
929 1220
126 788
1631 1615
723 998
1616 1555
140 1166
771 1835
218 787
1467 224
1576 1571
1501 345
268 620
966 1848
1282 1682
499 902
202 1028
637 1361
23 1410
1835 1892
1365 331
1427 1943
518 794
340 1102
420 842
503 1066
222 990
1863 46
1453 1117
613 513
1647 229
729 850
1370 308
1431 1007
1893 1224
1720 1316
1432 1374
1724 1056
408 558
1768 163
766 1476
1262 764
730 1803
53 1025
294 1874
1570 366
383 653
8 28
1537 1166
347 1255
1245 426
36 1553
1236 1127
1639 1558
683 1236
440 817
69 163
339 566
452 889
1219 1693
1336 882
1568 240
198 973
1972 261
1745 951
1971 1322
1103 1080
365 374
1266 400
416 38
1871 1872
150 1439
352 652
1463 299
1182 261
265 1249
1501 398
1755 1988
563 439
481 979
407 1746
965 1923
1343 1648
11 796
1332 1394
650 140
898 512
452 1180
1278 790
713 1523
1838 1380
1367 359
622 1062
248 172
4 720
1128 1948
1791 1417
951 680
15 821
1414 1791
160 1746
1373 1814
749 28
635 1336
670 590
1641 1930
165 1559
621 51
1313 1327
573 225
227 1535
899 1285
517 1684
310 891
887 1587
1616 903
1874 1331
1605 294
1670 692
1903 654
1962 1040
686 1051
285 1075
927 489
1778 190
1196 1436
690 117
762 880
1329 690
1563 253
1458 184
634 1608
974 26
1594 502
712 531
301 1653
1844 1396
557 742
197 270
1369 318
1905 1091
672 1508
1336 775
181 910
582 66
385 1855
1668 1460
1924 366
1627 1373
132 290
1514 52
444 110
1032 919
1887 714
614 558
859 1938
265 643
679 685
1993 161
1261 266
44 337
1181 165
102 234
847 1850
1898 606
1359 1269
1517 456
645 1089
796 1127
1405 1914
257 228
1020 473
104 1649
499 841
203 1794
1540 517
1489 596
1452 696
599 1175
1621 1671
1335 963
1531 194
156 1233
319 1338
1156 412
638 1509
1267 129
1053 375
1549 312
86 68
704 1182
129 1852
894 570
1746 1113
846 1231
956 106
391 664
281 417
1126 857
1339 449
1868 1447
1907 618
1521 402
1435 261
1814 551
847 1442
1730 18
1763 916
165 654
89 753
1185 1173
206 1828
636 756
1340 1183
1967 161
1012 324
1397 1076
68 1995
1108 121
579 1800
599 228
159 1874
1941 1030
802 1814
470 582
391 1954
1487 149
771 1383
361 1482
532 1244
835 1392
273 1856
314 1912
829 1547
785 1824
1830 816
570 1388
1342 823
900 1847
634 1586
1066 1900
1242 82
791 1197
730 1539
1937 486
374 233
572 51
1960 115
1342 852
955 621
651 1666
1523 381
1933 912
1939 1806
821 237
506 580
1098 713
1756 75
1180 1932
733 1087
812 43
627 1607
203 819
694 722
1543 1779
827 1783
1127 1123
692 424
925 597
171 292
1445 895
1781 155
1138 27
229 1004
935 1536
60 1302
295 707
1594 1251
302 965
1933 1751
555 1552
1600 638
1251 1122
378 65
685 863
482 1539
1151 1469
1287 1758
1030 163
1346 790
870 922
145 181
1009 345
521 963
1035 701
723 952
1582 464
1162 89
1550 1918
883 60
1739 1014
807 1119
853 1883
1135 488
652 266
1410 51
1705 677
1894 1033
251 385
190 1595
1738 1162
1525 1169
1596 1197
160 699
1272 116
1139 1552
1839 1992
1716 1484
1981 645
1549 1408
1447 619
635 157
438 1013
560 1431
778 1399
219 1045
94 962
960 503
335 271
301 947
480 594
1200 589
148 1017
767 924
935 574
959 72
1823 1854
32 919
1791 1711
796 1051
1060 703
1110 656
1300 1356
968 499
1393 1066
451 1920
171 13
931 1629
539 1665
1921 908
391 1817
1235 1874
797 1609
456 839
1387 1266
1888 925
1205 1223
1106 715
34 272
1731 532
1934 555
1641 442
631 1333
502 142
1189 1738
1307 980
1223 73
1891 1215
1526 1422
1533 1941
72 603
1750 1329
749 989
1962 79
1054 349
1786 1866
1220 608
348 794
999 1402
1903 1113
1758 291
1597 1298
1874 60
1922 342
1644 809
152 822
1576 540
546 296
725 1044
1759 1166
656 113
1992 1416
507 326
1553 387
1198 1193
1342 514
611 779
1213 934
1872 135
1090 1244
566 1666
845 1874
99 1797
1497 1139
670 183
951 454
1694 509
447 1960
1448 797
82 414
283 239
1618 194
730 415
910 1022
1150 1829
806 1401
751 1870
1034 1190
1148 1571
1691 255
1771 1692
1514 1852
399 1089
1780 114
364 395
1367 1859
1161 40
272 1959
908 1304
1978 844
580 1308
1723 667
1997 359
1872 1090
696 1699
101 1683
798 1606
652 1264
1539 542
330 1753
784 384
503 1507
1656 843
771 1870
1645 195
1949 1863
1379 1610
1775 391
1291 330
884 1754
1268 1729
1567 831
1798 3
616 590
58 644
1090 1965
1724 1709
999 1558
962 1107
366 343
70 1397
418 1398
473 340
836 894
232 904
1559 1010
317 1702
1645 1017
492 1311
234 591
1880 120
693 262
267 668
380 39
50 1547
1579 1897
921 1383
646 1397
1414 1290
1449 1107
1592 1126
1273 516
119 856
543 1044
1374 585
1172 1523
820 363
1097 1227
763 888
1215 838
1065 478
727 1025
612 1252
900 643
703 455
2 1800
450 161
1203 565
43 1328
3 16
1343 1556
1912 970
1503 1727
142 1472
530 422
524 1894
185 139
1316 1002
1890 1466
958 544
1229 1727
585 1771
1901 1287
1955 960
782 1515
438 1956
238 1746
779 29
516 1897
577 1139
427 204
243 744
1274 629
1824 354
1939 336
314 1520
245 1427
961 1495
510 1948
864 436
49 1907
1722 544
321 1137
23 826
1324 1233
1687 1591
320 1780
819 951
221 593
636 67
394 604
1621 414
1243 387
1532 1515
320 1765
151 532
364 1641
310 1595
117 1470
89 566
1517 666
330 1946
1316 1325
1269 1349
137 1822
343 1253
1378 1496
1723 1275
1720 1881
550 1681
1970 299
754 1022
1820 1193
1961 1707
1101 613
15 941
1341 194
364 919
1804 43
622 1311
1522 1531
1613 1258
1592 887
658 404
1175 930
409 593
528 1457
202 322
83 284
750 1572
1024 478
349 1275
327 1083
1259 1651
155 1237
999 1016
479 1430
643 1938
272 299
283 829
1271 552
88 571
925 611
1624 1563
730 377
1730 470
886 1816
292 506
1694 451
1991 863
1479 974
1656 742
164 987
1501 1333
1761 112
1129 833
132 716
171 1611
325 1580
1128 1193
555 1178
1980 1392
1383 1789
1567 438
1833 1241
1278 39
1395 1466
1172 1665
1366 148
302 1815
736 1847
1576 312
1958 1101
1040 642
1930 1896
1067 265
491 1247
1026 1783
63 107
884 906
43 1168
738 1359
1293 260
1764 452
1560 1032
431 371
1766 471
1164 801
1243 1228
213 1112
623 1120
398 929
1114 1644
886 206
1489 1137
1824 1401
71 583
1620 1314
257 1814
343 1989
1302 265
505 591
124 953
1993 89
127 782
1524 1968
707 1518
290 1801
1664 1460
1993 1566
901 1887
44 775
1588 269
554 839
863 73
1202 112
1408 388
1245 952
832 354
1590 1527
195 1852
1614 568
1688 1804
1239 838
1125 1406
1036 1566
718 1911
546 1542
102 573
1210 289
827 1810
1417 1672
1337 684
1878 1509
1218 1647
1329 552
1884 1696
1675 1813
175 45
249 52
1904 1799
1189 568
969 1843
832 617
303 221
733 600
896 1638
664 1747
394 1687
1283 1595
555 1123
991 174
1822 756
26 641
1702 931
1060 1057
585 1454
1372 318
1593 1510
299 150
1036 1824
1933 656
1325 1024
527 20
1156 532
1834 1700
972 250
1503 947
1259 613
300 1159
1253 298
1950 935
222 1194
1649 866
1189 1064
555 978
1088 1691
265 1407
1304 1454
615 123
1781 643
1958 242
488 1970
325 1117
1702 860
1056 83
1576 1057
754 1532
501 1699
62 1430
1072 473
1068 1771
390 1095
185 1682
1266 1894
1828 152
729 1619
529 1068
1462 1367
400 1753
1075 903
1310 312
1635 618
387 100
99 1892
381 1175
1999 951
1097 836
1404 1295
1748 1813
1578 1879
1579 1810
1680 1474
101 1488
701 417
1739 1142
958 154
1369 1820
529 1934
1763 1459
790 20
1100 1527
249 141
1943 571
1743 2000
982 1286
866 1983
1295 1618
574 1351
1158 1015
502 1515
1822 460
122 1710
1314 1568
323 1009
1026 915
280 137
1002 1659
1254 429
601 1573
6 973
1741 889
1927 1212
780 516
1126 886
1455 451
1629 596
527 569
1099 1666
371 707
1670 1244
263 1360
1644 1443
1140 1691
176 1143
451 1471
612 949
205 1103
537 120
1661 1597
1542 1223
525 1592
273 999
1844 234
131 1675
418 1159
1318 100
307 153
469 1255
421 1926
807 947
1343 789
1435 525
500 148
1787 269
40 346
905 1387
1954 1013
753 1285
349 1010
1683 512
1543 392
1510 1908
675 1382
995 891
808 1481
309 939
23 1708
1398 47
713 103
633 1865
1892 1899
1260 1765
91 1861
1034 480
1337 798
1668 1803
381 1682
492 8
1953 251
1085 1249
1512 1881
265 1194
497 814
438 769
446 1947
71 833
321 340
958 1358
306 563
701 891
1353 908
254 1677
621 637
1897 1380
1507 1885
1808 1788
811 733
1008 1063
1910 894
741 1313
297 1965
1941 1578
954 508
160 1279
132 1055
1542 819
1633 52
1161 136
1211 54
1277 13
1893 1234
1020 1526
199 321
1759 393
1635 1197
1452 234
153 621
1227 1525
1510 1305
640 1950
1897 1745
1843 453
1930 935
123 314
1566 753
451 222
1966 672
1967 1787
373 637
1634 968
1335 1492
798 656
121 1731
635 1260
1953 1386
946 1916
1427 572
1562 1357
1779 404
872 1316
237 755
82 1227
1282 1350
1128 1544
1844 140
475 685
145 597
1211 949
1494 1950
614 262
1796 1078
596 1661
127 955
502 763
1925 394
1637 58
1906 1974
487 466
1048 1923
626 809
1993 1052
984 1758
1337 1878
1985 1172
1686 397
1161 170
715 601
667 1930
1448 220
11 1031
1502 42
1742 700
1088 1238
296 86
1867 1434
644 176
1384 1365
1143 1528
980 73
462 1735
517 1429
796 714
1664 1315
1555 1724
164 1027
892 1770
798 1817
741 315
475 411
998 77
282 422
1091 1674
649 1992
878 1015
1053 613
210 820
673 499
1192 1693
365 681
1009 1221
614 1640
1765 173
722 175
406 45
1143 1148
910 397
935 1570
474 1280
612 964
150 1764
1038 844
1210 1585
1816 237
796 1991
273 1990
374 854
463 672
285 760
1936 1453
918 1319
866 687
840 1227
1023 1166
1821 739
1700 1777
35 1794
18 954
1432 1231
1111 810
1827 866
731 350
922 1802
14 730
989 638
311 1955
1704 266
122 1770
1499 283
1058 433
1542 207
301 517
525 1608
1706 24
356 1481
1288 1956
1317 459
1990 1607
942 1330
108 1223
634 584
1166 727
1299 459
974 1116
1690 1316
1000 414
26 1310
1957 394
25 1502
175 1431
331 918
1452 1666
101 113
680 463
1812 1825
567 1096
296 675
1082 312
1445 249
1674 1135
1459 1155
602 200
573 922
747 166
1451 1641
1456 482
281 1163
626 305
1510 1534
1260 1285
57 1499
1120 1235
1235 68
192 1764
974 1788
1584 990
958 860
1597 1859
568 1159
665 1701
155 1841
293 1617
1151 912
919 540
703 318
1889 1797
1198 261
30 1645
254 434
320 140
926 1989
38 994
586 693
984 465
564 1732
1500 445
1288 1298
296 422
1943 1320
621 1203
1758 1861
819 1399
44 1155
970 644
632 269
281 248
289 153
1484 479
1180 1823
519 1558
1544 326
151 477
1364 1866
228 135
83 1892
1115 1110
712 338
1256 1985
511 972
1700 982
972 1383
107 1003
292 739
825 913
89 133
1279 176
773 512
379 1681
1040 40
432 783
508 213
354 1041
1972 624
870 623
1365 728
938 1420
249 303
1018 1588
1874 647
1669 1762
495 1876
30 368
1923 193
1323 787
1649 917
1451 1580
670 1848
819 1031
655 1221
106 1138
383 1867
68 1521
620 1036
432 1171
838 1731
33 536
1538 245
1620 1721
1623 354
1950 1783
270 1417
566 1652
1164 646
108 123
1537 771
1683 242
1492 1240
544 238
1157 1881
1992 342
615 637
113 1540
693 1423
1187 1980
421 576
1140 1952
148 1900
1125 1233
1380 432
1034 822
1128 1830
1793 1658
1120 838
29 79
1377 26
1780 1416
31 933
1241 1238
1804 351
1894 1554
622 1215
975 679
1534 1071
1135 963
1210 611
551 1733
1339 652
632 350
1943 669
699 1476
1574 968
1989 1477
1093 1810
267 934
660 227
1314 56
266 1776
227 1592
825 532
424 541
882 113
816 1854
178 1972
1356 551
903 1003
814 1406
1724 1029
1539 1194
1602 1563
1858 979
982 1897
632 1694
1226 1321
306 1154
962 1721
952 691
1096 1610
598 197
1170 134
676 978
1842 280
1009 366
1051 254
687 576
1223 939
1510 1355
333 774
761 122
694 139
1352 1500
228 162
1300 928
241 946
1620 1521
597 589
577 842
1529 460
1337 565
1690 599
1409 552
1301 1779
637 192
838 1580
1101 1557
270 1268
1870 1293
1526 1062
439 1573
1357 126
1441 226
109 863
933 356
84 1965
1940 946
560 1206
971 716
1882 624
1360 8
1009 489
1381 1106
1288 425
1115 1818
891 1197
964 692
1949 1900
1016 480
1729 403
1690 1893
1904 1041
1344 864
1759 1287
1329 12
801 1604
778 112
588 360
1456 695
1579 289
333 134
667 728
1752 1676
1296 1383
1130 1627
1839 150
348 1041
1367 54
1546 1797
1834 611
1677 24
607 1389
996 1016
1156 1389
1720 1224
1880 93
975 1549
38 409
447 305
496 901
1955 524
1306 1568
1984 1910
1961 270
576 564
948 1298
83 1261
493 424
727 531
981 987
1489 1002
596 1885
1344 1097
90 1203
466 1735
780 340
838 692
714 1388
1791 260
342 243
618 203
848 230
1990 438
1671 1376
58 722
1552 708
41 396
608 706
1246 710
1071 501
328 1765
294 688
1675 1115
1852 1033
979 605
235 1754
812 1410
147 1058
913 739
1636 26
477 760
1034 1598
561 502
331 1329
660 1160
1780 1102
121 658
643 401
9 1467
8 971
1934 11
420 1687
217 614
1861 1021
1387 1905
1829 1332
41 1300
176 1409
843 950
1501 846
1119 100
77 1257
912 1294
733 571
1458 1017
109 1128
1478 1691
1159 382
978 1360
296 1811
213 1598
1137 1247
1070 1593
1110 1202
793 381
464 461
162 229
1132 1209
1118 180
1312 982
1818 1650
458 1694
1158 1337
1812 1469
1000 1807
1415 1295
1545 144
1416 1065
1735 441
1347 921
619 805
410 1614
1372 300
1379 984
1432 204
466 1454
1681 1319
1924 1247
1889 968
584 579
992 1833
950 418
1617 1072
1474 1751
331 675
1012 273
79 366
1558 211
1629 202
898 235
1464 567
796 1665
1842 1245
546 1079
727 1894
628 1969
1860 1347
1303 834
1012 1544
377 1749
1794 912
302 691
1083 1924
1841 986
1599 820
1729 720
143 1544
266 1635
1363 1446
1538 1155
1484 759
51 553
49 176
843 925
789 1845
1558 858
814 1375
940 348
1612 51
1540 467
514 632
1344 140
1959 154
802 227
1089 752
1284 164
191 574
1387 886
1374 408
1528 1802
1105 1764
1463 736
10 1912
1963 530
1824 102
353 452
18 523
306 659
1758 1533
997 1939
1047 1375
295 1455
1580 691
1119 408
405 1355
333 1353
244 1241
161 1674
616 320
407 1226
283 342
585 1653
1894 1483
828 1472
1868 1836
1383 1520
148 754
463 1370
213 1917
1542 131
1410 598
1272 1265
620 1310
1779 1030
1813 663
1077 1424
552 1512
75 914
573 656
772 985
1468 394
1220 1278
1407 200
1267 1141
243 1097
1900 1747
348 1946
1417 129
1578 101
407 893
959 626
1342 1974
1988 184
1158 259
547 1504
667 1588
827 294
1319 1538
1036 1120
353 1200
883 1232
351 1766
1798 1266
1710 3
1389 1444
1804 39
1782 1784
1348 72
1937 2000
505 1672
910 1290
390 1117
1012 1025
962 231
727 445
1941 1531
1797 176
1469 1626
709 319
157 1333
812 870
678 1837
401 971
660 1457
1506 1909
756 31
1444 1222
1478 1630
949 241
1721 1982
1942 215
558 1790
592 751
368 1538
983 1651
945 615
1182 389
485 1589
1573 975
540 433
1068 1285
360 1242
1365 420
1946 533
340 1927
1412 757
160 1656
1740 1192
1865 91
290 164
888 68
1018 427
488 1620
85 185
803 652
353 1666
1259 823
963 941
1790 640
1838 1064
1613 20
1600 1624
533 154
1625 817
1541 1634
921 946
1399 304
1524 1314
1029 769
1050 36
171 1944
1470 214
1956 1734
821 1440
834 481
1236 1641
1951 1447
1619 1898
1140 967
1761 394
293 795
401 323
573 81
939 1492
80 415
416 1334
621 1584
478 464
1261 185
1745 764
780 1644
824 58
1859 1215
434 1555
1047 488
807 1856
462 791
636 1531
1785 1277
1716 870
975 1531
386 1530
227 874
110 1020
357 777
122 1098
1715 940
427 1684
1466 140
691 790
635 1262
148 735
1353 504
1884 82
157 671
528 1732
1865 290
1591 1914
1635 707
691 1266
1924 1249
745 693
1782 1174
1334 1038
1456 1597
1070 368
29 798
1865 1439
1489 869
708 1722
1516 1675
416 1090
1772 292
1695 1082
1934 709
628 1091
1625 550
279 306
1398 35
903 897
852 626
1507 1852
1221 1971
1364 158
772 120
579 1401
620 260
977 365
471 1953
757 1126
598 791
1285 962
213 654
459 1108
793 1988
1127 1183
8 857
420 1557
870 48
1632 1876
313 1265
1200 312
1258 1413
1280 1229
124 628
69 1444
124 449
551 470
1143 473
1428 1372
307 1073
1767 1973
324 801
76 1983
880 688
502 901
637 1606
456 1313
920 669
1125 1007
186 923
588 1916
966 1906
1478 1851
720 1421
1080 18
653 378
63 39
512 1190
434 799
53 1530
510 1097
1255 211
326 1318
762 411
314 433
1123 1556
1538 487
1280 243
391 1873
375 1490
1686 385
1355 262
1252 1725
927 134
666 413
1168 1397
313 443
848 976
1198 1288
102 876
1986 1430
1951 1711
1254 1320
287 1094
837 1957
1621 378
636 1904
1740 1377
1503 347
730 1536
435 625
30 357
630 1342
935 1097
1193 1001
872 477
946 1235
666 44
926 1347
1675 1792
506 1958
592 1735
1101 1573
1361 1184
144 1824
1190 917
1371 1598
569 693
233 1555
744 216
805 726
1033 1159
522 1262
902 87
1155 1591
974 1605
1752 1071
316 977
909 1308
655 525
1845 1245
129 1463
1840 1263
987 1109
1783 1177
1232 611
322 1407
444 709
545 1436
916 663
652 45
1655 1180
171 1017
184 4
1315 826
912 1668
1319 1993
992 751
1730 822
1558 1447
1463 1788
1583 1837
753 1499
424 1363
88 827
1190 1069
180 82
1533 1120
215 1512
1524 1085
837 1389
817 1745
1236 510
128 1027
493 1002
392 1624
1711 902
511 117
1988 502
1953 1174
1180 439
1315 717
866 197
248 1201
137 575
36 1910
1488 1894
1780 181
31 1255
53 1611
1511 1795
1295 780
82 787
8 1037
1740 343
1252 671
1565 1606
1482 1126
1090 939
151 356
1665 1514
494 1831
195 258
839 532
68 681
541 1500
257 209
63 1630
1953 1553
198 1699
497 1315
1191 1107
186 1686
1157 1012
1903 1981
1145 1703
572 661
1894 321
1530 646
286 1982
710 1460
538 189
837 987
580 50
1983 1944
411 1892
695 1111
1129 185
48 1616
1 1237
1892 1738
1742 842
1049 153
1487 1595
864 1566
1074 423
569 628
571 716
1371 1284
1329 1092
1676 1170
556 548
1989 398
811 446
1750 1247
443 1232
418 304
1141 1797
799 106
857 1489
1026 1101
1739 1999
973 1402
1533 1022
310 869
1 1015
629 609
1072 972
1198 440
1650 1037
1161 1625
1440 1379
116 4
1315 513
311 1069
802 1835
381 1125
1915 670
1852 561
238 550
772 1718
725 367
1044 505
1806 544
929 178
1651 1187
1378 330
1561 1212
1205 1848
465 1958
476 526
1001 1648
107 1586
1626 820
1901 1983
731 831
1564 233
1317 1348
390 632
1110 1803
1404 1743
768 1462
1414 1308
42 1712
202 1126
675 1750
1684 1410
1631 1158
637 195
1086 19
923 1810
1195 1369
1313 1636
88 1484
13 344
895 1370
1119 1887
63 440
463 251
74 502
1213 105
991 1317
1780 967
1031 1864
325 859
534 134
1066 375
1999 44
77 771
145 20
1902 460
1532 919
1078 547
358 648
895 461
415 593
1922 212
1846 1317
1049 1165
815 1479
820 1797
679 1479
1567 856
1205 1534
780 214
286 654
1432 290
798 28
68 612
774 31
1847 1706
1993 360
452 193
62 925
807 1671
1364 130
1188 397
76 583
697 469
917 1668
1291 894
1560 163
632 409
69 1749
1280 265
1970 329
1788 135
1877 1931
5 964
447 1964
1370 1829
840 163
61 1349
1967 892
1135 1982
199 1885
1695 1437
296 201
1507 68
1381 116
1812 1893
364 156
1835 1600
849 700
1115 1640
1909 453
1632 587
666 1791
506 154
1220 586
1786 1310
485 1447
1174 1303
451 1153
1945 1376
1148 754
1262 1820
1777 1760
1845 1391
1956 930
1316 308
1139 837
1220 298
1527 1305
344 1142
778 57
937 982
123 1234
1870 754
676 718
707 86
1881 947
1162 358
1816 40
1814 1403
1469 412
108 1848
1817 97
648 1070
677 109
1057 1640
1801 1849
12 471
417 569
1946 603
1018 1358
1425 290
1553 1965
1956 1393
779 265
723 1627
512 1263
810 193
1275 655
1686 680
1366 151
1502 639
402 1519
1430 1906
1693 875
546 1924
1733 511
1042 369
1097 1168
875 719
776 434
1554 127
1846 1166
1580 683
1987 3
359 414
585 1048
1649 944
559 4
1349 782
854 1754
1592 520
606 1221
844 211
1572 260
202 1896
1706 1653
290 311
962 580
1754 1112
160 1563
1809 1537
733 494
767 1955
1538 1516
1747 1930
1630 1089
1794 1483
470 690
317 514
995 823
1713 631
588 1921
1964 1121
1575 1862
828 441
296 1703
1069 278
1641 55
414 1217
63 501
542 680
840 1517
1665 1147
398 1850
412 1051
34 1574
1345 40
1985 1350
1340 923
223 432
399 263
1995 1250
384 1990
580 232
1937 685
1373 1805
105 799
558 920
1774 165
1666 475
1610 1934
1646 1704
1413 270
1935 1012
471 861
95 1812
1344 995
1743 427
1623 488
404 1871
663 1512
644 702
735 1744
462 358
1684 1154
521 791
877 140
1862 433
1810 56
339 1048
722 213
1475 1950
1660 1153
1365 1248
1522 939
292 1584
899 1762
561 190
1805 231
351 1620
265 560
1472 1905
1703 540
963 454
193 1846
800 101
1085 1540
1020 326
618 1408
1060 167
244 114
770 1857
381 1378
418 1433
1318 1049
124 672
1946 1160
1350 1090
1703 1656
1223 1639
373 1870
1955 415
385 315
1883 1690
854 429
1700 67
338 800
565 888
114 553
1650 90
1029 1143
120 834
1531 1601
231 857
375 222
82 1673
512 368
1818 1335
452 863
1540 76
999 1025
1876 472
776 973
1771 712
56 1035
1356 1408
1671 1035
714 91
879 1419
1697 809
658 1615
1461 1858
748 917
943 1323
538 598
1008 1425
1443 984
581 1701
1458 64
1350 834
465 743
100 1675
516 1583
616 1836
485 1805
955 424
1738 1804
1673 577
1654 607
90 885
214 137
1587 538
495 842
1439 1605
2000 1951
495 969
68 816
809 806
435 1682
795 1723
1014 1457
1894 919
1029 1650
21 1300
932 1061
288 1651
1324 791
143 1100
910 468
1107 336
1159 1460
1778 1183
1639 1135
1794 1393
1638 21
1223 338
557 1425
1131 571
708 1389
718 757
1830 330
808 1085
492 869
1072 1677
996 728
1767 1218
1717 988
354 107
993 861
1061 257
244 1830
481 1512
1504 491
1114 1664
1420 181
1114 907
405 1107
153 1247
1345 789
1201 475
140 1507
1052 1328
340 835
1744 1841
277 1087
1453 1717
1771 628
792 888
207 1814
392 333
872 1796
1495 1457
1453 457
1325 984
468 579
360 1505
1665 601
1689 1735
325 1161
274 1994
788 1117
1685 950
161 183
16 28
1181 1836
1171 941
640 1304
508 61
189 1731
982 1182
935 1582
624 1355
700 1373
234 20
620 942
1230 1760
104 1445
83 777
1469 72
434 1006
1190 410
72 1536
449 1132
1891 1905
940 869
1311 696
1082 1212
971 545
1411 144
1720 1665
136 1440
451 791
315 218
1408 191
90 460
745 558
1904 164
268 498
142 107
1397 934
1050 478
1306 1565
783 1720
1412 1656
1223 1570
900 699
1057 122
96 1174
960 721
693 271
1773 167
548 664
1953 1980
529 1576
318 1373
1310 1134
107 1493
66 54
1795 1945
632 563
1264 2000
82 1096
503 663
832 1068
1279 1862
1095 84
1106 549
1867 373
1746 1445
1231 1535
1447 1755
1825 478
1671 137
1823 964
1923 1096
1777 874
1366 731
1855 29
751 1431
1324 795
1403 1238
1381 115
1855 1518
1383 1618
1169 1401
476 303
734 544
1272 1449
1849 1906
1181 912
432 1750
1198 386
959 498
1697 1977
1562 1973
621 1392
256 772
1527 1841
1130 801
534 496
1211 349
1960 1146
38 363
117 774
1273 602
1395 835
1254 1505
203 708
1134 470
1989 137
1100 1036
689 1004
583 312
536 1444
1743 843
256 1040
700 897
1037 126
763 1112
487 1458
1015 686
1885 1212
1554 139
562 399
987 1550
1456 1715
1141 1494
945 1503
1653 1843
951 1998
270 1989
1939 957
27 1250
417 1237
795 556
10 432
87 905
1118 40
723 582
238 1837
680 69
1453 290
1826 810
788 1399
1151 708
1252 950
291 31
847 388
59 558
1306 1638
642 758
365 737
252 699
425 847
102 1486
1404 1373
448 559
167 83
1544 1316
446 812
404 852
133 728
1040 459
524 217
1670 590
1490 880
1168 28
255 1409
559 1951
1651 1789
438 477
1126 641
842 254
587 1098
1457 1237
1285 637
593 1339
486 887
938 1730
1320 1297
1321 412
1290 1036
938 580
1334 1680
901 1792
154 1453
735 1550
1040 1673
1064 644
22 226
1696 1010
1348 562
1884 713
1634 365
794 542
1512 1676
792 1054
616 1445
902 1880
266 1689
936 1733
539 292
1988 816
707 1143
1979 1424
239 628
1307 790
155 1167
780 1957
1962 60
712 1777
1480 1534
490 1136
1282 78
713 1649
109 679
1532 1477
1864 856
1661 564
1726 1749
288 1069
246 1981
1718 995
611 632
76 917
322 1211
1644 172
943 292
1321 1830
878 772
1076 690
1359 1138
394 1920
1410 960
481 313
1418 711
1026 1400
659 665
810 1107
480 95
620 580
271 1110
392 692
1954 1301
1966 563
1171 1133
684 1565
1648 1895
1537 1937
19 1370
1693 1376
306 733
1855 766
1833 827
494 374
1570 316
910 1488
484 1983
784 1836
1272 736
1603 196
1435 222
1315 46
1285 1411
1540 1541
759 645
562 702
1931 1414
908 1419
475 1934
1522 1040
1251 2
1507 1949
1218 507
1919 104
956 1410
932 1315
1211 1523
836 266
1453 1578
1322 1663
1769 296
1819 1442
1866 1461
1853 629
61 580
1659 539
94 661
747 406
108 1405
1040 1360
1790 1487
241 1284
1244 820
157 1014
426 1554
541 575
824 1400
684 1425
657 1093
1611 1441
1044 870
1772 733
771 1535
926 597
1839 1164
1208 729
71 305
1583 1288
385 1015
1807 1746
1245 590
197 121
882 995
141 955
115 1470
590 714
1884 1068
1650 1079
1584 289
121 707
494 1141
910 748
162 1885
1332 235
398 1583
30 1565
1854 744
200 836
1764 145
99 879
858 2000
1082 1399
1508 1876
435 1738
1940 683
837 1680
970 1319
680 136
836 580
1906 1836
450 1267
1336 1186
1260 959
182 849
1310 1853
1383 9
1869 156
875 976
245 807
1275 817
1064 1572
130 419
83 1019
221 1838
223 1585
719 342
1594 817
1787 391
1814 998
1801 1797
1336 1312
1002 1603
1376 1440
1138 854
965 711
200 120
379 1425
32 861
1470 1819
430 1695
12 987
1339 1005
1931 1030
496 1806
1400 848
595 382
1174 1620
1144 1098
382 1817
921 892
1492 1114
510 1812
200 480
1892 1694
45 1736
584 1551
375 1725
266 686
160 205
145 423
1155 217
1900 1471
935 1992
1050 201
1851 1734
1952 1427
674 251
1581 1098
1823 667
903 1401
1907 1706
799 1820
200 1958
25 93
1709 733
1530 49
1322 1675
1947 689
652 1640
273 630
646 1892
128 1125
1541 995
1922 841
1159 362
766 975
847 834
746 1198
70 486
1631 1404
645 1347
598 1262
1943 1406
1947 801
956 1019
92 116
854 397
266 355
1174 1072
1678 474
1809 597
1515 525
1159 1147
949 1965
1231 1692
881 904
99 1934
1545 950
895 1908
1988 590
482 1096
866 1785
1742 1532
108 1661
346 1800
1295 185
560 404
98 1493
1497 1077
1098 1600
402 720
1826 1256
673 483
1680 634
1689 1162
1046 856
29 1544
802 1440
940 25
898 477
1889 73
1050 1373
1850 1302
1232 1303
1405 684
1761 1464
1815 929
194 142
347 605
1594 978
1483 1912
1077 930
1935 957
365 89
1185 554
711 287
341 1204
879 862
1349 761
1035 1396
593 1194
1369 547
656 1355
1571 1583
1855 881
1656 606
411 1066
696 77
1399 140
1694 823
1540 1398
1561 1928
876 1283
671 379
1530 1655
1325 1013
1836 1515
1604 867
1920 1751
1376 403
1304 951
1864 1245
1212 272
1120 347
874 1968
812 1937
974 1739
884 348
1252 1684
1820 1118
1617 1209
1466 188
1512 487
1384 1617
578 27
1032 489
1738 212
1836 392
1541 1809
320 1104
350 1627
52 709
34 42
34 938
1518 529
742 1681
1285 1280
604 939
434 246
177 1649
671 1216
1265 1807
1059 1137
438 1226
559 1141
1251 1070
410 1620
1580 445
905 206
899 1954
1710 10
476 159
1330 728
396 1678
1448 756
1737 926
706 871
721 552
1401 1488
895 13
1313 208
1423 868
1537 266
234 1350
1122 484
655 1792
625 239
985 1332
642 1299
1518 1720
1609 252
1588 940
498 1029
1035 1511
117 693
214 211
1362 785
937 1917
954 1272
1828 421
857 656
1899 1714
421 1292
526 1801
352 1789
967 1715
673 1477
1637 934
558 267
1236 489
912 795
981 69
1572 615
1874 1122
1867 1982
1959 1633
1465 1483
244 1100
1773 1709
190 129
642 1739
911 1628
1553 1677
1621 148
515 1995
163 135
1524 1720
1268 1226
1141 1667
575 1269
905 1149
1253 1195
1939 1187
1444 1149
1674 549
1114 780
1113 1871
77 392
1661 224
1025 345
1120 827
598 509
1830 1943
43 1053
1217 1025
1088 1128
452 1335
361 274
289 947
510 1615
992 1724
1235 1685
1458 890
1066 247
317 1905
1831 1756
1454 753
1192 1458
1190 1003
356 1275
668 1740
330 719
1657 1066
1673 1654
500 280
1151 1715
609 1709
901 320
684 354
206 1046
525 445
1726 1707
1041 1590
243 551
1798 1906
49 1950
1778 248
1553 1507
1593 959
657 488
991 1600
188 1033
865 429
1598 553
1811 37
294 1063
1855 1678
809 1426
888 1523
997 1369
1618 488
1467 1157
1670 1390
1595 195
1611 1947
913 1624
1544 1761
1351 627
471 150
1429 1622
513 1659
898 1698
450 751
1349 758
188 511
1889 403
229 508
189 368
1895 617
1558 1762
1641 1194
1867 1
1128 192
1547 208
1413 675
1057 871
1345 519
1476 183
1813 16
1858 793
1168 1702
1956 1407
800 913
157 1932
958 697
458 275
164 15
1269 1076
1257 235
437 1475
1131 55
1076 1015
89 981
1668 1452
1300 1345
1963 98
413 108
1977 502
1756 1362
801 567
825 1223
1250 262
1695 965
296 391
619 174
1046 1259
1722 760
602 972
1478 804
368 66
1128 1744
302 1062
46 1396
1779 1401
502 1874
1844 826
1830 667
1830 241
1180 92
57 41
286 733
1460 1542
1508 140
965 1095
1536 990
1087 1020
1848 1305
1991 1026
1363 1512
1050 782
1928 77
1264 585
1367 579
1616 1855
1454 388
1388 262
296 1105
141 1771
36 1829
1306 284
1482 870
1007 1565
1732 372
1960 1023
1592 1278
1953 395
1839 761
887 941
575 1230
1952 1759
410 514
1833 1058
1503 792
682 768
836 1484
1967 475
161 196
1548 238
68 206
1939 1489
1725 177
1666 299
1093 80
1847 1217
1489 1998
1581 1411
372 469
498 14
530 1181
1276 207
1798 521
1621 1626
1280 266
1415 1220
1360 177
859 319
998 584
1770 1547
240 1717
1435 164
1169 1203
638 1467
517 1317
1339 206
802 441
1338 1996
998 330
503 1205
650 1942
458 148
1827 1008
1521 1046
953 1743
336 442
7 1634
1479 1206
1767 1772
1798 1093
348 557
1681 1329
924 1086
670 1391
57 1622
503 172
1336 87
1634 1845
1921 862
778 1051
729 1057
837 189
434 534
144 727
1075 1320
1733 1358
982 1453
1902 1709
1562 1209
1716 1321
1020 546
1907 711
968 475
1685 824
28 602
188 1378
1589 908
220 1623
1356 1614
362 1983
1134 1333
750 673
485 1120
1773 1836
1904 1238
767 304
1914 1205
22 1154
695 1828
878 1016
597 1536
111 571
1111 557
195 208
575 1979
106 1237
546 1090
465 1046
95 392
1604 991
884 1845
443 873
365 230
930 657
31 1740
33 700
1484 878
1664 1974
1002 1571
1902 1812
1468 300
1923 543
1358 590
829 570
1286 378
1752 595
710 1041
556 1489
11 1421
1535 250
977 987
1382 295
887 566
434 488
725 1671
1117 1044
504 208
700 876
810 1414
1048 957
120 951
1636 1105
215 1153
471 1180
1927 248
1233 1336
1455 138
473 1245
1526 1146
1725 3
890 1363
1397 58
120 1831
851 850
587 562
1025 108
1591 1742
942 1040
123 1677
1075 1161
1769 1837
1476 1477
1334 41
1973 645
681 1220
860 1050
1436 1951
618 1534
1670 1930
927 545
914 1819
1166 965
422 1237
474 456
923 1779
58 263
1254 808
663 455
711 1535
192 830
1816 1321
1938 1097
1274 821
1842 1118
116 1962
510 1187
117 777
4 849
1432 1386
1741 755
1047 354
1243 1017
1383 443
148 683
1229 1800
588 72
1714 1421
975 551
898 541
1828 923
1034 1760
1413 1600
1749 1188
606 1178
150 1196
294 1111
86 1885
883 1839
1705 523
1538 541
1440 1450
991 1865
820 913
49 1217
609 1010
1698 705
178 519
585 597
1845 627
1966 355
1255 1335
1085 585
995 653
833 1186
550 149
1540 98
1779 1593
520 882
1775 337
1369 1360
396 540
1607 251
315 705
1484 1542
1150 1667
814 1922
1012 1355
163 1537
1067 347
818 225
50 1492
1135 784
235 1970
483 725
1846 1492
1754 160
20 1311
1430 89
98 1552
1924 1112
1242 933
1385 928
1055 539
351 1066
1341 302
696 907
1734 1897
1048 1613
535 512
1380 1578
1972 569
610 311
264 227
291 167
999 345
254 828
154 665
534 1703
119 1241
1549 411
421 1573
1341 473
1150 482
1560 1209
202 186
1690 1028
647 1430
853 61
127 333
678 657
1685 469
1398 1944
700 1017
1187 123
1947 1714
1793 1053
1573 852
1808 1852
1404 938
1715 709
1117 190
1489 1476
968 1813
338 1937
290 174
1906 395
1628 1940
869 1185
583 1696
872 1099
1917 1525
901 1207
15 1278
619 476
1340 1264
634 1870
1764 1769
720 1066
1040 1244
370 1125
862 1478
89 769
499 1063
925 1239
1222 623
1229 1766
1093 578
1611 725
166 1794
1586 306
444 1366
1701 777
1265 724
90 817
1022 733
1853 1838
1654 1982
1115 1108
641 1572
1699 206
255 1922
73 1821
938 515
1562 232
636 1527
216 1694
531 567
282 383
1619 689
218 476
766 124
1441 1835
352 1679
1534 869
1083 1770
1578 904
914 171
1884 1175
798 736
303 765
934 699
1696 1141
1559 1860
1708 1883
841 1259
464 214
1935 247
968 21
1183 888
1859 704
949 1775
1625 51
1163 123
756 157
740 1118
819 1333
395 1090
1082 1868
15 230
1898 1443
1296 723
819 124
787 657
337 1747
861 1509
70 989
918 47
1493 1088
1455 1092
982 207
1645 74
1566 594
342 1949
566 1901
1478 1062
1250 1499
966 1060
602 601
1763 51
1152 916
735 796
924 1547
186 226
598 1549
1240 1877
1116 1058
650 997
1374 48
774 1483
563 1045
730 1532
1303 756
564 980
1318 811
517 1503
691 163
491 1643
123 1695
624 1389
1292 1290
444 1525
1803 199
176 1470
1193 1244
151 239
807 572
911 409
1543 939
47 282
391 666
1433 1249
1303 1538
581 169
994 432
1543 1171
754 1174
910 1892
357 453
1468 1311
233 870
586 1110
151 1170
1460 581
910 1078
1019 824
491 545
1094 1000
684 311
1671 120
1945 44
1956 697
734 1109
1641 739
5 1286
1458 1480
384 1208
1881 199
1200 232
452 373
1421 287
1076 1851
193 1592
908 772
257 177
33 117
70 615
230 677
792 515
278 352
848 1833
1677 1919
579 808
403 446
1652 1874
673 1451
1269 60
1624 1145
952 1901
1785 63
1482 1466
1079 1901
1047 1765
1432 589
365 79
1995 149
887 1013
47 337
425 1558
1966 568
891 208
986 1200
700 896
215 232
1970 1814
1885 1192
1703 1810
934 1727
1131 1805
806 989
1829 1312
1034 1051
1049 521
242 1229
1314 1214
92 1252
1387 1117
672 50
1995 1111
829 316
60 1853
620 657
1611 337
1926 1929
1996 1743
831 70
1508 144
1795 188
898 277
1878 698
1035 744
36 1442
621 1098
1858 1995
1114 327
1583 1262
1995 1432
1004 351
296 349
717 715
272 1278
20 919
485 492
176 1713
84 336
1503 504
489 147
1007 726
1996 1355
262 302
195 1967
942 1269
1799 772
928 9
706 1676
1052 1011
225 529
92 1506
1699 832
1404 1075
1923 33
480 883
821 1278
1506 1043
1530 362
1329 118
1612 619
1157 1032
1832 1161
500 1413
338 349
207 1430
1462 512
1212 1238
1309 918
1967 511
1275 402
1654 744
1674 1015
1778 442
1188 1233
1497 584
1850 244
782 1473
74 1326
1604 1827
700 1056
1225 628
700 865
1777 542
1420 461
105 1043
1580 1821
1163 78
1029 1056
1145 707
72 419
1615 822
590 868
367 46
211 682
712 238
705 879
892 1581
1729 1179
1541 949
1915 1808
1396 991
1630 1222
327 338
748 1167
980 54
12 1927
1384 906
609 1216
1035 1625
1453 943
1912 1726
1474 1560
137 668
1332 1516
350 858
1578 505
1349 1152
110 30
1599 975
1894 1964
1742 138
1033 378
1190 239
447 966
687 456
825 1131
1307 1642
620 304
1464 533
653 1856
159 690
1959 1429
1420 1376
1950 201
81 1539
476 1637
325 645
950 1102
1881 1547
1373 297
82 1877
292 1577
527 391
730 636
1384 178
1205 1827
1727 792
1486 1953
1401 416
596 1418
1259 780
1000 702
305 93
332 249
502 388
1888 1546
1759 1518
1644 1237
1612 1812
306 1218
1150 372
1811 1191
1690 717
1996 1030
184 1083
145 707
887 1570
491 464
166 1366
1370 509
658 1338
661 866
667 875
1753 1446
633 451
249 1681
1063 1000
1929 1609
1512 371
608 44
239 1713
1805 310
479 1982
528 1208
2 1120
1064 941
1448 1280
1490 1885
28 923
446 135
1417 154
1304 631
1158 867
886 80
831 1453
722 1802
1493 1665
945 1445
1362 901
751 1447
1179 618
1415 1771
640 1077
1822 1370
351 1250
1091 804
280 1565
1727 1909
1877 496
252 138
315 655
1408 1176
1740 209
979 368
926 719
1166 1838
963 1124
177 660
820 1525
779 1853
1583 478
108 470
896 1925
1314 350
81 1452
988 1413
1812 557
1122 343
1964 1683
370 1785
1612 1619
501 1807
1222 1674
1437 14
300 734
1511 1070
756 1776
19 133
313 1949
676 972
1507 1402
437 977
661 928
1112 227
853 767
1549 1075
776 1308
1305 87
1685 863
695 40
1025 1424
1124 1120
239 867
268 980
730 74
417 1688
231 71
339 1433
834 114
45 1253
357 663
1342 1907
840 1137
1427 1867
1052 1185
1762 674
234 172
718 1096
1711 1139
708 972
1056 1322
1995 1434
903 192
1688 327
724 1928
1324 182
1887 1562
717 1131
1027 927
147 356
1088 1778
163 999
1686 1271
988 680
1743 498
1982 476
1856 421
1392 538
951 645
243 353
863 1250
581 1580
155 730
701 48
799 571
228 639
1832 1749
463 1125
1824 1228
607 1001
1153 1761
905 988
583 390
1839 1450
299 1789
35 501
1016 1611
740 1223
959 49
648 811
1511 100
1583 825
1045 353
620 1233
771 1962
1670 1876
551 412
1291 485
1746 999
1356 1516
1258 1822
881 543
344 1313
249 199
1327 1281
1520 299
1269 837
1018 1167
1393 830
1570 748
1625 722
417 1475
1447 411
1038 1924
1408 1950
1589 130
695 1171
1670 1890
885 544
1502 865
10 338
1580 1323
1170 1282
1558 256
482 140
950 1270
466 1636
1288 1527
1446 1103
1800 860
528 1705
408 928
1419 1820
161 814
1557 1361
685 1098
1317 1230
220 704
129 530
403 1982
1707 366
745 1989
597 530
1009 69
1170 305
755 1848
946 1929
1379 422
1774 1563
1533 1711
1117 108
1675 800
860 21
1688 1869
760 365
389 1617
1247 1368
794 1683
1261 1848
1319 17
455 527
1519 892
1745 1227
1771 1999
1428 1354
1427 1694
1653 1100
225 1083
1171 1241
1432 615
127 801
1794 784
1149 709
754 1448
1569 1211
1295 1831
552 662
1109 1763
1176 366
344 764
1801 113
767 1766
1183 446
869 1361
1672 1886
1983 1205
1879 402
1635 377
251 172
623 1635
1278 1122
6 397
1727 1061
107 1914
603 445
342 1633
946 1848
1478 1013
89 688
1523 1469
246 1920
1706 1549
1745 1252
183 886
1838 1134
927 105
1559 884
457 888
1872 288
1085 1425
408 892
449 427
785 759
1952 793
448 547
1309 1770
95 1508
1844 1629
1693 573
896 1901
1277 744
1656 1906
1139 1266
400 1504
1881 1807
882 1752
1551 816
1541 547
1095 166
265 603
1468 1257
1333 1008
427 616
1089 339
811 723
1429 661
1850 610
1471 845
1391 1203
1648 288
1313 1711
63 1065
1130 1826
974 557
628 926
934 1499
897 364
1102 1085
392 776
672 426
876 1142
1422 1
703 53
271 719
520 676
715 716
199 320
1380 804
838 1550
1997 1627
1318 611
222 517
1548 1737
1690 1035
826 1586
744 1197
669 1570
1449 1065
1009 1626
942 605
881 422
104 579
1558 1765
1015 423
1317 1921
130 168
1879 207
1933 1206
1121 775
416 1664
401 596
160 449
1937 772
239 1865
536 1319
304 549
1235 453
1090 1829
1818 755
985 545
1824 23
1642 59
1690 1560
78 680
1397 25
867 63
204 174
1477 1840
1580 1630
223 1512
1396 461
338 26
290 845
1890 687
423 1537
866 1888
422 97
1877 100
1127 929
146 497
1859 226
453 1792
1054 825
245 1130
79 1649
1968 1794
450 587
468 280
177 1966
1574 333
1496 150
1160 1423
526 688
1865 177
810 1856
102 1570
963 1751
1147 1900
1382 1100
1041 451
534 579
1463 1231
1375 1095
434 1192
1609 1286
1941 1469
1261 1406
1905 246
1209 1757
1275 1138
207 837
1838 1755
1932 290
143 1069
1012 1080
1736 988
836 1352
557 594
821 128
1311 188
1021 1106
1224 942
826 58
355 576
1701 195
1995 135
1263 946
1086 1384
1771 1685
736 895
1726 282
1036 664
1968 834
512 213
1880 1587
1791 1357
1757 852
219 1008
1356 1137
580 1628
743 1401
719 806
80 1598
816 373
1524 329
1463 1247
1155 1148
1570 1898
711 1362
1365 660
12 1905
1783 375
1514 1110
1408 1695
1521 692
1322 1652
1221 1063
748 362
1944 962
1210 634
1908 1789
461 1841
739 959
1776 232
798 1868
1743 921
264 1155
176 1125
1014 597
955 824
902 1038
1152 1883
844 480
1222 218
1277 400
679 1659
328 699
240 78
1731 1399
349 947
483 1769
1102 1277
1526 1261
954 718
1693 1776
1792 1633
148 23
1746 656
1663 1023
1191 1559
1765 1431
782 27
916 1781
853 690
339 1479
200 1341
751 1739
427 689
1189 260
1374 535
151 1423
974 301
1810 1602
1340 1907
1498 1620
1691 1860
655 686
242 562
1491 147
973 1112
707 1214
725 1019
1946 1011
919 945
1496 244
5 923
819 308
1004 793
1783 1526
1719 398
1469 1212
244 1157
450 1411
1001 1843
1790 261
14 544
895 1716
682 1103
1357 1450
391 1212
776 33
413 1005
1873 489
163 348
623 707
1514 905
1150 1559
1968 816
797 1944
649 541
539 354
1077 1144
1585 408
630 870
1882 1535
889 1812
49 455
1310 1831
1223 328
1385 1785
1220 1943
1001 1809
1896 900
846 768
891 935
1257 1120
1653 1800
1182 1413
930 623
1380 673
1035 1267
1017 1767
1752 1048
67 992
827 190
1817 16
1285 1044
282 893
295 394
585 700
384 217
661 1369
1622 1091
555 1369
1326 455
714 1552
499 490
341 19
309 9
1783 638
40 668
39 685
1691 423
1047 132
25 1571
784 153
1902 614
79 189
746 288
15 1599
1954 1776
1466 1181
640 566
641 1951
1505 1185
457 706
215 69
1227 1784
34 233
1240 1580
1266 156
453 1875
1855 1181
662 1879
1037 37
1752 985
566 1438
502 1628
409 1181
1288 1787
1888 805
4 1406
725 1864
1517 585
862 833
561 570
1382 1777
696 25
1800 1976
945 1114
250 1783
104 857
184 1492
774 589
114 1981
461 1726
192 979
258 213
1310 208
401 1967
1846 306
1636 1200
717 497
1870 445
89 326
747 1819
852 1798
384 1686
1988 1296
867 445
223 951
824 829
875 561
828 1446
184 85
392 1482
1352 334
1783 1760
1821 1437
34 1784
1135 1307
218 1457
7 771
1700 978
366 1062
95 1814
842 1548
829 1291
1123 744
710 213
1649 524
1991 1760
908 525
1887 1636
1457 1460
81 1038
966 1220
78 1223
906 893
1474 1656
319 685
1728 474
1376 1714
1073 353
1150 1483
1600 1594
199 718
1986 1796
1743 553
1042 933
723 439
1470 225
521 703
401 1541
1227 1350
544 145
788 1182
1263 1420
403 1641
1422 1684
1164 1611
1789 1684
1126 1664
180 1984
1052 658
1116 435
1254 771
1209 654
589 971
1779 208
940 1099
1127 1699
1174 260
1139 1477
457 1236
1551 1783
858 272
1887 1048
1609 1830
1063 292
1038 612
51 757
1034 621
276 1832
1925 1641
283 475
604 1133
1959 1695
475 187
1065 1774
1643 533
1557 1463
215 621
48 826
1227 340
799 668
1018 161
493 875
1223 1684
772 1270
1006 1842
1619 1303
661 629
651 1543
1260 1805
1938 1969
381 636
364 92
1732 1662
1544 1689
1930 1436
105 1108
120 1877
1044 1091
618 54
281 755
1325 518
413 336
1261 738
144 1153
1452 1428
211 412
650 1894
521 730
1226 1346
1033 1574
1074 1953
1065 698
1340 1483
543 154
320 1492
562 1659
84 1812
1755 677
249 512
582 1649
1373 81
1342 651
1389 71
686 857
1188 1717
1133 89
670 1863
732 465
858 1294
1668 678
1051 233
1181 162
1358 549
1257 514
1207 1735
1789 1555
1868 700
168 1375
1941 996
1324 532
1485 513
1070 877
101 35
91 1570
704 177
1425 616
1840 1423
675 1663
1760 29
824 642
1695 826
1294 719
906 778
645 1978
1490 1893
1896 1906
478 1385
323 388
1834 1951
1403 967
1383 638
545 773
1307 374
1678 1378
343 1296
844 1444
289 40
1203 1695
1097 1901
1129 270
1091 236
1207 567
639 1632
131 1166
1447 46
635 1491
910 1773
1615 1397
422 1082
1252 187
1519 1921
939 215
328 1333
373 1482
284 549
1830 1617
1772 225
1717 1769
1957 364
1273 472
1832 1031
1272 710
750 1559
1875 1644
51 1215
1891 1201
767 1686
15 1508
1510 968
823 719
1810 835
1312 662
499 1281
317 1671
106 453
330 1425
1650 1558
146 1340
1784 1812
1816 1566
1885 354
1283 1186
722 797
154 600
421 755
1919 1716
645 1472
1860 1091
1224 1768
968 1707
551 489
1530 1994
563 1021
1284 1571
370 456
474 791
211 648
681 293
1106 141
1052 1247
975 422
1385 1470
1074 91
1705 1789
1090 197
1327 1199
1312 1150
1986 615
1585 1419
1093 31
778 371
1103 665
971 1894
676 384
1035 1878
1706 887
1292 1805
495 521
1341 1971
365 1975
1969 1240
614 528
928 1293
176 1839
143 71
99 1922
1529 336
202 629
123 1321
1497 1257
240 715
592 184
979 1890
356 513
390 1481
636 779
1445 1852
46 18
876 695
35 383
1758 584
595 1610
392 933
87 1965
1298 1194
663 490
684 503
966 675
758 492
1972 736
266 1597
245 1520
1989 1439
59 445
1694 1903
1891 662
32 1044
1888 1308
1562 1358
414 600
1339 883
696 1254
860 1464
511 1805
1096 1377
1106 422
778 1859
1335 887
722 935
451 1926
1702 942
155 63
1477 1827
1133 1696
938 1554
580 532
68 708
624 75
1860 748
1672 716
1472 1124
562 320
964 1719
291 1646
1478 1216
1381 796
1278 1315
425 643
1150 819
1607 1698
1549 310
1036 44
1617 428
803 1360
1771 704
344 605
1832 1774
422 1356
275 1254
795 1683
1497 422
772 639
1611 1650
672 1223
288 1108
1986 715
947 178
1139 1695
1313 872
1533 1011
474 1142
773 780
895 970
548 1095
577 346
713 1861
1258 740
651 483
1206 318
483 732
889 107
321 1598
1744 423
1471 983
1146 121
306 333
1134 131
156 128
695 1397
1487 877
1232 78
393 949
729 305
89 1518
1425 84
507 1685
1335 839
62 10
332 1436
1453 423
1481 1463
1968 289
405 218
1401 1189
156 291
1731 1133
871 1541
1438 1589
1643 269
326 1666
1986 815
779 20
1273 1703
471 1263
1260 820
891 166
1207 364
1937 1571
763 89
1939 1315
16 627
640 667
1757 1442
1699 1039
141 62
433 689
868 551
321 88
970 1467
206 899
118 1334
735 872
791 23
490 1140
1620 878
87 1569
200 1924
893 1014
912 1904
954 369
1120 710
842 932
830 66
190 1711
1379 1856
1494 744
1011 551
1124 1406
1767 310
1117 850
1613 1827
1826 592
460 742
519 96
1694 582
162 1827
302 975
1008 726
360 510
399 1406
97 898
181 815
720 850
1305 1573
1260 599
191 857
564 1238
1167 137
1785 722
1027 1471
1530 430
1547 1358
1803 1921
213 256
1425 1715
1393 932
615 1170
1893 709
1111 974
316 1545
1908 1951
1519 429
285 790
296 446
544 1006
1215 1139
1307 1237
603 1133
1911 675
1035 1486
566 102
927 1611
1945 750
1098 576
1744 74
1607 1938
11 1931
124 1249
446 1609
344 969
656 199
1399 494
1060 396
601 1447
1529 140
1237 1708
384 1666
118 1799
1651 1815
1676 399
120 1623
517 1636
1812 1661
1661 1618
468 1856
1459 491
1166 1616
1593 1781
157 1986
1409 1520
1108 1876
995 6
1427 910
1620 338
141 1336
1515 807
1797 839
591 586
304 423
1025 1663
843 604
1359 422
247 189
1393 70
1720 1310
629 195
1578 941
619 757
1450 785
1450 562
1472 877
429 657
935 337
1841 600
1815 889
833 1014
302 173
1899 472
772 948
1058 1110
278 1680
678 879
240 358
44 167
1948 1767
50 1421
66 653
418 1756
833 324
245 1144
446 164
855 749
1239 551
1556 141
1106 125
651 1795
263 550
797 489
1545 1885
1200 910
277 1020
1590 788
1151 1941
1731 582
1826 806
975 1540
689 536
1369 650
949 444
784 1852
817 1921
908 1663
1306 1807
647 861
528 1186
922 1532
639 856
449 1630
939 144
1936 1149
1350 1616
907 487
82 1985
1107 1596
640 1249
847 1637
658 1431
1885 1886
1172 327
1291 1010
1061 1884
1355 1409
1343 1396
1112 1829
78 1542
119 1636
1696 461
38
1847 1814 669 1458 993 35 1228 377 1765 1538 1336 1481 616 1726 69 1095 901 1498 831 140 1512 1780 1832 487 455 1492 907 562 570 466 765 1104 1188 385 1265 1749 199 320
