2000 10000
282 1135
366 867
328 806
315 1377
1277 874
1880 112
221 1602
501 32
1488 882
1359 893
1212 703
947 578
1079 997
1781 725
1344 1185
623 1235
1286 1394
1526 146
652 42
546 42
883 1149
1303 1321
1945 1108
319 326
1956 1162
995 77
1946 1219
188 701
1353 647
1901 1515
270 47
12 1881
180 1896
464 1129
1104 121
1568 1734
1599 1811
598 836
899 663
1998 1808
136 952
1453 205
1129 816
717 1807
1921 250
1170 493
1366 86
453 1827
1499 987
1140 259
1916 1603
283 1843
832 1888
1824 790
153 730
8 524
1830 1180
1880 435
497 750
1163 222
966 1990
954 897
1337 317
868 157
691 1845
1263 1485
500 751
1697 321
1926 187
1930 1984
1325 1633
1625 1834
1422 1029
1899 579
1711 399
552 1045
634 1241
236 1015
676 1265
29 866
370 1131
1040 385
140 1089
684 99
522 829
335 1185
4 872
221 658
1042 637
1156 1419
89 1143
1496 1041
1168 1999
1099 805
19 1917
1367 1700
1389 1759
686 1290
279 559
1569 1405
1499 377
410 307
81 1413
864 1143
1420 1152
943 1615
1148 1431
221 354
1379 1222
1754 1892
1480 698
61 513
1902 1129
333 450
1107 1816
1645 37
837 1817
1832 1205
1778 248
892 1774
1663 831
1319 1727
445 594
583 1095
47 436
1024 1383
983 356
941 577
1703 374
410 1956
1869 846
1938 982
1253 1095
1093 833
1640 1554
544 295
1772 1477
1595 1979
847 504
597 1486
54 1596
1741 1664
938 1599
1252 359
308 1312
302 859
641 1600
1290 937
345 320
420 766
1449 1253
1660 1211
997 1012
1950 1276
1032 860
296 628
53 231
1902 1224
1084 1121
1235 1646
153 509
1625 153
673 1554
1571 1415
1437 1995
1211 377
1526 1483
1491 1652
1735 281
256 1081
876 112
898 1607
1247 1205
751 183
723 1130
1348 1779
52 1372
1146 529
56 686
856 19
1641 1363
1013 303
1818 1371
1878 379
793 1743
1423 1603
1159 1729
1711 754
1777 743
1441 1302
187 1245
570 1981
433 748
158 1012
1973 1773
1746 339
508 658
1271 1245
177 1193
69 777
1111 900
1653 1149
378 575
723 370
161 1147
6 419
1859 379
650 1986
508 1289
729 1917
86 215
184 310
1461 534
1406 1155
362 454
1778 1233
1776 1564
1971 1964
711 1687
938 1873
1780 1517
1902 625
1900 799
288 684
121 1647
741 1679
242 1668
843 256
839 1164
909 1610
1891 1391
1418 1324
338 12
1159 1968
1932 411
1372 34
1324 1925
639 1829
97 303
755 242
1401 1265
1384 1950
1697 399
1574 282
886 28
1191 89
162 1165
608 721
734 1004
1360 672
1882 452
1394 1160
1120 1330
364 1624
1718 1898
781 750
1027 1891
432 1508
1257 1177
1790 1337
1272 774
1503 555
1080 1998
195 1010
1136 585
654 614
369 476
219 1653
272 853
405 281
1900 1046
467 187
1030 216
1105 66
819 1797
1123 1549
1656 959
1951 801
114 1104
760 286
353 1962
435 1990
1087 1902
1658 1770
23 800
691 1906
1903 691
472 107
309 1722
1483 280
810 749
338 1990
830 570
945 827
980 4
181 482
580 473
928 620
1683 1118
24 334
407 322
823 1215
777 780
1628 138
1294 378
1175 715
156 1762
181 874
12 1715
1464 1377
485 493
378 707
601 1683
1298 1765
320 953
1328 1273
395 49
1941 1502
1431 409
635 369
1707 297
292 298
1596 495
409 1488
1853 242
1120 1849
1394 567
1570 503
1699 659
1286 193
183 1906
1046 1969
3 1951
20 459
363 819
1675 1916
564 1964
1775 903
447 1716
1106 829
850 751
1494 1424
273 1094
143 671
155 1095
1894 310
1416 365
1347 54
1773 1036
1129 104
37 305
1269 375
561 1215
164 670
118 632
1086 1045
1576 870
246 1938
120 524
1802 1864
460 411
1431 502
1500 1256
57 11
603 1168
1284 1686
1742 740
996 486
1345 353
369 1663
826 1042
784 1333
902 1990
134 1537
881 554
1127 453
1704 499
858 1380
1996 1462
686 454
1156 1296
482 955
1653 333
1514 764
979 590
1928 278
1546 1664
752 340
118 1894
885 1146
1559 1678
417 173
1018 1087
35 1787
458 1672
147 89
420 145
128 1921
1169 1228
1260 1190
1522 1600
718 157
604 631
640 1513
1075 27
1189 40
992 1300
917 1007
1876 709
1300 201
560 13
1842 1600
903 1094
1215 1271
1786 1953
1488 860
1324 1621
764 627
1672 281
1257 295
1820 275
1618 1808
909 1176
437 46
271 672
188 544
31 479
10 189
72 762
1922 1662
700 1451
1635 1611
1201 105
1843 126
1179 1866
1359 950
287 1655
1223 1682
1929 623
1176 1813
543 31
746 1541
1535 1188
736 1208
1526 1606
1728 844
979 1021
944 420
175 1555
823 784
666 1702
1564 368
1717 1932
481 1570
1436 431
1928 1750
1831 315
1648 1812
1895 946
291 1940
475 1587
254 1997
1943 718
1505 1560
1026 724
341 1946
1592 59
96 1772
1107 1683
1629 963
229 621
783 1012
1731 1646
729 1661
708 1078
818 1973
1220 1654
1204 1894
1931 1097
1419 1043
1307 1022
1903 993
419 947
256 668
1146 866
1617 1566
1303 46
1797 1853
1396 1488
1016 293
99 1397
948 1996
1284 271
1361 1692
1272 141
1629 1456
1761 1451
315 1441
1839 1229
46 553
1143 1850
250 1917
624 1445
1976 566
85 1859
738 1872
1190 1202
109 1146
1719 146
339 27
250 1187
1361 392
716 1496
282 1449
1095 1419
949 140
1825 302
574 306
961 1174
1941 138
718 777
1545 1828
636 1252
279 265
744 328
1583 395
416 1107
1347 55
1022 507
1240 1217
304 447
1462 430
660 652
1726 1085
1540 96
1193 849
1387 1996
1487 3
1131 1383
844 1909
1903 1810
620 1468
803 1845
1515 742
1801 1185
837 814
1791 944
1118 481
966 1735
670 1107
318 692
109 407
1392 1059
1687 1242
363 846
1199 1375
988 1760
1184 326
234 429
1341 859
960 827
292 1307
1176 1852
746 1742
1086 84
1894 277
307 1031
189 45
1168 1446
198 595
1526 491
414 1581
1052 364
1571 1521
764 467
1678 1837
270 672
123 1227
542 409
1568 351
762 612
1737 1929
812 1714
1805 130
1403 68
103 593
608 1436
1403 1270
1395 1274
1520 604
405 477
1290 1949
689 1098
1657 1760
926 72
1605 225
712 1035
1300 481
854 177
427 1939
1173 1427
1709 110
1422 1434
1250 703
568 450
1918 179
1500 910
565 742
514 1573
356 1870
1682 447
151 1397
1779 287
688 42
437 1563
338 680
998 630
89 523
1070 1355
1903 508
5 834
1433 1975
1104 481
1531 18
1060 1360
1275 1995
1036 1751
1900 1433
116 690
1852 1216
1204 1897
997 1600
1726 1416
467 762
339 1550
1177 760
1007 765
1579 1561
184 1851
1894 211
1859 800
570 1166
1711 1916
1067 1953
1628 636
1652 1377
114 949
1628 812
919 898
355 559
1654 645
885 1008
1953 692
526 412
1623 227
1775 822
906 1174
75 707
1847 1375
902 1543
1441 1980
815 1266
1329 1390
585 550
179 1027
1419 1344
1603 1529
985 20
1530 246
1026 1161
999 1592
971 349
171 656
1351 1957
536 1076
1052 754
123 1138
1572 266
1921 1246
1421 758
508 406
862 311
92 1613
810 1416
1938 1056
1086 1591
1010 557
1379 1972
649 744
821 1297
174 1351
1470 1421
991 131
1011 1298
21 1621
209 1898
1320 936
1720 1187
910 1933
1873 1501
325 686
847 1326
1359 1589
825 695
32 581
1588 8
642 1004
261 437
1168 1050
1941 1416
1321 27
532 1193
504 463
463 1336
1662 239
1255 235
1962 1361
374 1668
1185 292
625 100
1012 107
1030 1409
1272 1105
80 135
379 35
360 1055
1678 1901
571 1353
107 341
1241 174
1773 366
69 1037
1180 518
1888 1166
781 477
561 1935
46 720
1002 470
1412 365
50 615
658 1590
420 1196
775 949
1632 1867
945 887
1855 1508
1478 443
518 1628
58 1518
1851 823
1581 1649
534 313
1963 323
1391 1944
768 825
1708 585
1825 864
841 1431
816 1774
878 903
838 1530
1776 759
240 817
1441 284
1936 187
1373 1846
959 635
1736 1866
642 1557
712 1523
514 373
1843 166
1724 1235
1412 1210
1823 1226
710 1732
374 262
272 609
246 1633
791 45
321 1994
355 853
300 131
761 99
712 285
835 825
869 1385
1742 1474
51 531
969 989
21 905
1498 1814
1977 558
642 1511
1423 1683
272 1291
1705 178
543 698
1753 1750
230 1589
1845 67
90 1546
431 1366
80 356
841 174
681 575
284 124
1410 1541
1463 373
1264 964
332 702
224 1488
563 1213
224 859
1433 1773
347 372
1695 1952
87 1464
1795 401
1676 1941
406 1573
1983 1044
784 1308
1796 1397
731 1138
681 113
196 742
295 1390
391 1799
1823 1283
188 950
1997 1946
1182 387
156 1565
1608 1278
1050 661
1764 1493
562 756
556 1654
1540 709
1330 1746
1430 1999
1243 441
1552 1533
710 112
383 278
1935 1542
912 1277
1432 227
1291 732
1018 1914
1872 385
225 1736
1679 756
1224 1299
1735 912
995 553
391 295
887 1701
807 707
752 1937
101 1723
1287 1453
1494 93
1599 1522
1351 159
1283 642
1907 1234
840 1835
1095 757
1904 1623
1174 1814
1120 642
1394 155
1943 1342
1359 1188
297 919
698 1062
1079 1736
940 373
1125 692
969 700
1840 838
1531 553
1227 873
696 1568
566 427
163 1131
242 1735
1186 500
195 975
177 1513
842 861
1862 760
707 945
74 1302
903 969
1976 1052
33 857
325 1461
1565 1845
854 460
131 791
1898 347
1759 285
170 379
49 946
1771 465
460 1976
1424 1430
1023 708
308 457
1101 705
174 1355
397 1086
1160 1677
500 1819
842 90
1212 1559
955 827
384 1148
1937 982
343 1210
967 1010
1847 127
1957 1252
727 286
47 1864
974 121
797 1049
500 1554
759 1445
1843 216
227 117
1097 596
972 1534
1633 192
1582 1324
281 984
481 1816
41 1321
1202 1874
1610 107
335 58
1891 1820
104 134
1878 155
659 367
188 812
1989 828
1257 353
1902 1237
732 525
1232 1448
1317 592
1332 1391
1910 155
975 307
1202 155
587 1474
1694 106
481 7
1966 784
1572 1575
1176 589
1034 1006
220 1478
666 1575
1268 779
1043 1925
393 217
1540 1428
1432 1640
1696 1259
398 1155
1425 810
1925 1273
652 539
1692 1966
1163 1044
1707 1327
1750 939
44 1694
862 709
1977 614
1477 178
1606 1901
1371 472
1812 1791
1790 1965
1329 1207
372 835
687 1560
1012 1077
1738 119
186 1697
603 1080
1162 1519
1132 916
1986 1528
1062 834
1203 1181
786 980
8 1627
1811 1203
1905 1286
149 665
19 392
277 1252
1832 750
1941 1749
918 380
211 1923
495 1973
1227 701
988 1743
654 671
1102 491
243 1755
477 149
371 1411
617 1890
1566 1144
1831 1047
240 1536
11 782
148 552
219 237
1835 455
182 210
1885 1564
140 1253
1977 582
1635 210
1860 700
1448 555
563 610
392 666
1614 1455
1355 1442
772 787
328 331
1685 1772
1670 1944
1743 71
1689 1030
913 1511
1823 131
1548 928
108 1117
319 1310
501 1849
530 473
1857 622
559 152
1710 507
703 11
1065 364
974 1625
1072 686
1954 531
1583 1413
1589 1093
1471 508
141 1133
1046 735
825 1578
1112 1102
1466 1906
1068 309
1287 1789
1005 1287
1674 1503
1840 1928
1310 1828
489 1945
1231 779
400 1954
1669 575
1761 1354
1983 783
1747 1930
1746 1669
552 1262
421 1535
1072 1638
467 318
11 672
1316 155
377 1135
847 1379
900 1041
74 1368
906 1349
92 642
464 471
126 1224
1474 872
1914 1187
1877 1011
790 671
799 205
976 1531
181 144
1105 577
1914 817
623 1281
100 1333
245 298
1222 1308
845 1228
353 136
1410 375
709 1412
1247 736
567 1637
1339 991
1177 1770
1817 1067
362 1281
1574 622
123 1213
657 1457
431 900
1322 1460
974 1816
360 646
163 937
549 678
1962 521
1758 37
1804 673
730 1757
1701 1708
1523 1177
1297 2000
1754 424
924 1235
1014 270
388 938
1497 557
591 353
845 1817
1685 935
1307 343
1301 468
492 1944
1993 1564
924 1571
144 1862
1708 48
14 1938
1167 1656
368 622
898 1362
976 1940
1567 241
7 134
26 116
349 785
180 1194
1846 613
1492 1356
24 48
529 1745
1798 610
900 1604
865 1393
1475 332
413 342
99 395
125 765
1385 123
1184 1485
90 447
1677 1776
1918 271
479 1254
522 1167
417 1772
226 1359
978 222
1025 1714
108 1536
1172 509
1352 436
1207 339
1449 578
932 1498
1413 910
1645 680
887 578
116 1037
1853 997
221 894
858 712
1722 380
910 485
634 1763
525 1153
1197 938
1966 790
224 1426
635 1984
1603 1945
1273 421
1139 1714
913 871
1566 813
1605 1041
909 1824
1746 383
1411 753
1888 1544
808 360
1915 201
1372 1126
1235 784
273 192
401 141
1201 1619
1493 924
1466 661
320 1965
102 19
1645 1011
920 1321
1465 1955
1338 250
1884 304
1827 1147
863 1743
996 991
1982 732
28 1504
481 459
740 124
1907 1559
442 459
1911 1745
330 122
443 1108
1181 1230
1586 425
468 547
505 737
1851 1101
718 927
905 1709
813 177
1678 69
1298 899
1352 1295
831 953
1959 528
1245 89
927 951
1247 1949
1002 607
1587 1172
1326 681
223 1593
663 464
1195 1761
1149 1164
1101 1503
952 1435
1661 438
1754 735
1057 43
1985 420
1911 880
1200 963
630 1913
319 98
132 1817
1588 723
1693 1473
570 1375
271 332
1304 1298
634 1685
270 16
25 1151
1582 1323
1075 1670
571 369
1749 545
1033 1845
946 643
1801 1435
1379 650
68 134
1301 525
521 1669
463 1207
692 1911
1109 261
450 259
86 1284
615 938
439 884
323 1452
1666 1485
989 1449
939 688
1407 1534
950 955
43 1385
758 323
1210 1028
103 1633
1581 1945
1809 802
1731 1195
1140 1771
135 220
1590 952
630 405
994 121
593 527
338 1047
585 633
1619 1786
1234 767
1146 288
1352 1625
664 904
865 180
61 1110
503 161
1073 402
10 1888
1573 25
1003 341
1921 492
1145 1761
27 419
725 542
1843 3
890 1556
1187 721
1386 1819
357 504
770 74
409 1943
1238 1770
1491 1400
1723 1537
869 1848
1821 1949
427 726
824 1812
812 1949
22 833
1614 1576
1293 1367
235 569
1867 1654
570 520
1751 1573
1746 1387
843 765
249 259
184 1559
623 60
737 1826
913 542
1543 179
1262 70
298 188
798 259
1520 1649
705 1960
105 877
1399 1239
1892 146
1581 853
1754 237
1195 13
202 1201
1530 1760
30 715
1665 1412
1902 512
1559 1871
1053 881
792 1569
619 1255
941 1629
1515 944
79 1268
26 1083
874 1816
219 307
1073 336
512 165
1251 1622
1672 534
254 1203
1176 155
180 1236
1831 36
159 1053
1928 42
1238 1896
610 700
1947 891
565 1936
1594 300
47 770
196 438
867 221
786 934
1468 677
875 1013
534 1280
2000 200
300 49
302 1866
396 1825
93 318
1180 544
717 222
1587 422
1032 1861
1938 113
1648 1118
1869 855
1596 1708
1972 1167
320 1875
597 961
1360 1732
1467 710
1307 788
1959 570
1584 1689
503 1973
102 884
1593 640
177 597
346 1029
401 828
891 1673
1246 1110
1755 1605
977 1383
447 1581
1447 73
1447 1946
356 1760
43 833
828 1054
528 1014
1325 1832
1737 184
1329 1988
1013 1538
470 1566
1847 870
1969 221
1507 690
1957 1716
578 220
1761 1202
868 261
1190 1460
800 1643
1042 1857
969 665
923 1545
362 6
256 620
544 747
51 1216
247 1200
1746 114
793 231
387 1316
32 354
199 1348
1715 1064
364 1666
1669 317
1397 1495
48 1404
48 1348
19 261
1282 1121
1477 775
904 115
1753 464
851 472
372 406
1361 468
462 90
1426 1820
1323 1703
1195 586
321 1918
386 1205
1465 529
639 368
42 1871
1551 1845
1049 1072
1045 1165
418 1075
22 1960
727 99
1786 446
407 686
798 1075
1282 1249
1673 143
399 1725
926 520
379 376
179 36
945 1861
713 563
1531 584
1960 81
775 657
1342 1927
1023 1950
100 1745
1200 979
221 1337
1818 838
1079 675
920 347
725 202
249 216
216 1777
871 815
1122 228
1703 1303
1947 1902
627 1124
294 1995
541 878
1265 820
1967 884
1378 1491
1015 1492
787 1996
1819 571
665 1979
883 686
292 927
157 934
219 1280
178 1691
204 696
35 106
1795 1394
423 573
1785 388
165 62
92 1413
546 501
107 1687
1318 783
372 1939
250 564
737 853
974 637
1239 133
340 799
865 1761
50 1931
1904 1086
929 163
1926 1198
1029 503
743 1320
1133 1486
1820 677
893 1407
935 890
1813 1575
1396 782
105 809
266 1785
1891 1199
1686 920
862 1197
1440 433
1080 73
689 1878
375 1111
1581 314
706 20
588 486
1401 66
305 484
22 316
550 1247
1177 1240
1796 1854
129 581
714 1796
113 1643
1172 1629
1986 1358
649 1829
708 398
1337 1463
145 1200
823 1519
670 1930
136 1636
571 1769
1166 885
1870 1566
949 733
310 1564
1386 72
1740 1575
686 10
933 1285
1499 911
1101 941
1509 144
1300 1508
517 279
608 218
1576 729
1100 1518
1278 1837
1107 1205
1354 572
1988 1789
1317 1447
1009 1091
240 567
253 1402
890 1657
1613 1608
1538 287
1014 586
599 806
1668 1471
911 528
196 934
1363 793
1028 1336
1549 235
1776 848
309 1631
1014 1371
50 1950
632 734
1149 1141
1120 288
726 317
748 1234
1313 1838
941 1782
1675 1171
665 1767
1525 744
647 69
27 531
1923 971
1722 1265
1837 938
224 442
641 1542
1600 76
1756 685
1881 1507
140 1797
1309 914
742 1618
1700 554
1662 686
1515 193
590 1306
1041 1545
1771 1639
1286 1604
343 1491
746 1074
1470 1705
172 1443
682 636
936 1236
1780 1119
618 34
1533 537
1404 1585
894 941
1905 412
1726 166
476 1901
521 1216
227 1619
1031 1680
144 1341
176 1406
1312 820
473 197
204 163
1815 1438
1521 583
99 446
1417 858
1822 725
1483 590
1993 1012
240 622
1370 753
1847 999
1455 416
374 1306
866 1702
784 1700
314 1668
621 799
590 1426
1139 499
914 613
350 77
1777 1807
1868 959
160 532
101 1826
268 449
1622 1342
466 900
648 155
1587 747
823 952
767 1437
1430 838
167 1734
1859 1875
1017 1788
245 916
1682 477
94 1604
709 262
732 13
1151 1750
109 1929
1367 46
1883 103
1647 1880
1686 701
1936 748
1949 1095
1268 591
994 1996
1325 1386
1271 1824
1613 1743
1332 280
213 1191
1875 216
1132 1247
708 570
849 1603
1135 130
1445 717
1845 1385
909 1044
237 1128
1273 1574
64 874
1431 1580
1257 1679
1561 915
1232 420
327 1896
992 1087
1709 722
186 101
850 1880
1805 591
1426 1705
1467 1057
213 1627
157 1523
553 270
894 1150
1017 1719
1172 1626
173 342
1220 1460
712 1104
731 1495
804 1266
520 1571
437 1224
1902 415
1755 251
1473 609
1503 1663
8 1987
1491 157
1740 350
837 84
348 228
1368 297
809 1157
765 551
1930 1488
1195 785
1751 1839
1834 1785
639 1876
1273 277
1073 1906
916 479
1435 1483
185 1481
509 1887
1168 429
44 1904
1278 2
477 542
310 1301
1673 591
1004 1387
799 744
367 470
985 1644
1303 1014
940 462
726 1556
108 342
1181 1712
1618 1527
983 1865
1617 890
1401 1295
823 484
1161 421
241 281
1888 964
1377 195
1545 1729
1879 1378
187 783
313 1474
1389 518
1418 1422
1612 306
1119 206
205 1627
1815 1972
1742 690
606 567
262 1208
1634 305
1877 1159
206 1032
859 806
759 1693
698 1184
819 1356
1418 1182
1006 728
1393 1394
28 433
1543 1590
772 270
1382 664
57 685
1793 937
1294 409
429 1183
1269 406
1160 631
835 1224
98 1795
1138 1996
1513 831
1051 1080
1041 1915
1607 501
860 879
1173 1677
793 1839
1993 1949
920 555
1832 152
430 1698
402 556
1006 450
1343 1954
946 784
1749 778
1875 978
531 1736
227 332
848 1295
355 1988
1353 248
1906 662
1741 840
1428 1923
1244 1700
929 214
49 462
1072 821
1172 855
926 916
1877 611
907 1531
297 1395
1652 9
563 1171
1262 1436
1070 1548
1372 872
965 932
1352 805
274 1727
1242 1275
1657 1635
1349 1419
145 963
1658 1800
267 372
1448 1482
1798 180
1852 471
1335 92
252 103
1705 1942
1734 1648
813 1251
1966 1937
1702 1139
1036 674
385 711
177 1228
1320 668
1751 1071
1333 986
65 600
869 841
190 1885
887 1096
1808 1345
1491 1761
1002 1613
1670 1178
956 1416
1838 656
2000 28
1419 440
75 992
1907 189
421 1468
435 1819
211 718
401 909
623 881
794 1832
1420 1200
1923 692
1617 318
285 565
1517 1557
119 762
1030 336
1209 990
1721 1114
1520 1691
927 1840
1572 340
200 5
807 292
2 1388
424 815
332 1942
821 842
952 1679
1240 890
929 1718
1605 1833
20 1169
941 1685
1644 326
365 1827
1716 876
1105 312
21 263
1202 462
1553 1549
1199 1104
82 422
253 754
1419 1431
559 850
737 1181
1467 493
433 189
956 834
1653 1593
931 374
1868 1115
256 253
1500 241
1670 1557
496 1240
1650 555
1408 133
285 1079
1735 1621
763 1111
895 479
1511 989
789 1757
452 377
1099 266
1707 1855
352 1712
1631 98
391 218
675 1628
1044 1088
1695 1317
800 578
1538 812
1116 942
687 978
276 933
1052 1491
114 1200
1601 141
1364 942
1273 184
1944 1558
1976 1747
564 536
1455 1401
1941 1522
1953 562
239 1967
1405 440
1388 463
707 1654
602 1503
690 1406
1121 1628
1753 1907
254 1367
1820 1207
1001 1852
261 1532
1809 1750
108 1978
1428 1954
426 635
1356 36
197 81
651 688
1618 1236
347 879
1308 601
296 626
1532 319
1741 503
1983 563
1091 107
1296 1147
1904 83
1687 590
704 512
680 1433
589 671
1066 1578
738 688
1629 1711
1457 655
1871 353
655 1529
1265 1971
385 590
1322 1402
1415 990
196 1791
408 7
1164 951
1728 1420
293 794
30 835
159 400
153 294
205 763
126 364
806 1013
125 517
951 606
932 1107
1725 216
604 1290
1406 953
1182 447
478 160
1881 908
1962 961
89 319
1359 1462
1536 710
461 1214
1756 1802
1014 1285
1384 911
1739 1978
1929 1908
836 1550
88 129
108 1837
829 640
1481 480
897 1309
1845 510
411 154
1892 344
484 1786
584 1053
116 387
1322 1605
1586 1479
1086 354
1143 1569
87 1506
34 769
1904 1857
1253 1189
922 793
1038 1763
1499 1556
1989 782
1837 951
1972 1084
1271 1401
1368 1656
141 929
275 1225
1026 1443
259 1533
725 1810
615 1381
1749 1056
129 1012
576 1718
956 1041
1554 1142
397 1243
1355 30
1795 1503
1417 1368
1415 1124
794 161
122 1957
794 1421
1044 210
1140 1453
123 1023
1559 1831
169 905
456 178
456 1508
167 1094
1459 1760
214 33
1605 47
903 1877
1284 38
771 106
1303 1845
181 716
747 654
1665 864
32 1315
102 1496
399 114
1772 1637
1674 696
1999 1460
1816 1845
531 1101
1917 257
636 1783
75 1285
1387 1218
1909 1465
417 1148
124 1507
22 533
249 1275
770 916
1349 1160
547 220
1027 858
1615 900
54 1929
295 1998
636 1870
929 1048
670 1972
275 1319
848 1937
1359 763
1547 1220
1650 1511
1968 1179
639 656
1370 284
121 1791
452 1960
1749 1429
1459 114
1448 1791
1106 1549
677 22
465 13
629 636
801 1577
1078 10
55 881
1135 1349
934 1906
1209 167
729 1433
1564 1190
1044 644
847 673
274 1919
563 1401
330 1078
1654 86
1224 1958
1717 1862
1292 223
1324 1233
922 1013
1858 1319
434 426
21 977
1384 839
1166 1764
318 832
1768 239
634 367
386 167
145 1849
1499 1387
208 654
614 1080
1909 386
858 486
1746 1191
1649 1713
126 966
1188 1371
433 1913
1321 993
848 892
1225 1695
1114 1065
206 656
859 1914
1505 657
1228 38
1486 1599
1376 465
69 687
1342 970
800 1705
1948 858
665 1769
94 959
340 872
482 622
1352 911
1875 1556
1623 1664
1405 446
726 199
896 672
1581 1010
1038 230
1036 1657
1343 1316
486 927
1627 1799
212 1367
461 104
411 1196
758 632
868 1803
497 293
353 1121
1281 463
730 349
1730 708
546 732
284 1446
1847 860
1354 1279
1942 1632
967 747
1831 1025
1742 50
640 1169
663 277
44 1764
1166 208
584 1637
88 1914
152 1658
1465 1281
1408 679
780 442
1272 901
697 459
1185 1006
1009 1359
1754 1837
1553 1143
1492 526
85 1063
530 1830
719 73
265 1560
855 1802
556 736
347 758
132 1624
782 1345
1138 1847
286 1211
672 1843
36 1709
317 494
1178 1429
97 1269
1616 850
1144 1198
1840 950
1358 1652
1639 1240
1454 995
1527 932
319 1735
1791 856
1672 499
1653 1383
26 1144
761 814
2000 1077
443 1039
1536 1781
450 1888
810 95
362 459
444 1597
746 1718
1822 807
1175 849
1194 1761
923 751
1893 1606
1082 808
442 612
1962 488
357 1762
59 1160
546 1492
1723 1046
1937 1351
831 586
988 1172
1309 4
368 1363
1071 1271
1923 429
1372 978
1316 368
1749 1246
1778 988
32 633
276 1692
1855 1053
602 1460
911 1601
106 510
1136 331
667 898
420 248
1966 635
507 1945
241 647
1749 1762
1214 816
1044 768
1009 164
1457 1529
1570 1284
1604 1632
1745 1422
114 750
155 114
1947 1734
668 409
908 1466
1383 133
1446 1583
385 1399
1979 1503
770 1866
1530 1343
792 1670
1357 626
959 85
197 387
883 1986
1800 549
813 19
1096 93
1319 378
1731 260
648 1104
1073 533
157 285
877 1114
1205 336
464 1286
1129 1656
430 1387
359 467
1538 113
973 378
1567 1106
1884 298
150 1800
1621 1161
1187 1450
480 1400
1538 155
1199 1558
121 896
1105 915
1578 337
80 1841
1893 1587
63 1001
1594 1949
1141 1065
446 1775
147 9
385 203
1295 19
949 463
428 337
1774 460
403 995
732 96
991 591
1441 35
1493 1630
787 1812
1678 1887
449 196
1950 1165
1682 597
192 455
496 530
1403 1594
1573 1588
730 1448
1108 137
286 104
696 727
178 175
1317 4
1300 678
1715 1319
1783 442
813 226
154 1016
669 342
1208 1457
21 672
427 1447
1145 1717
1821 1600
1417 730
1863 1903
71 1524
339 91
1270 90
1973 284
861 1552
1953 1140
340 1810
1419 1655
1298 1421
1114 415
1976 353
1463 1724
653 262
1718 1041
856 208
39 506
103 818
1718 807
1299 75
435 400
713 1748
634 1111
1552 154
1814 1507
1162 16
797 1870
371 1330
1414 1230
305 43
661 451
207 794
710 1451
616 282
1984 702
1265 1642
30 1975
1117 1423
700 534
1816 1986
91 446
1563 816
297 1567
784 796
924 1093
811 271
1409 1542
414 139
1261 1449
10 173
1954 1733
718 1835
43 917
601 346
644 891
656 541
1269 470
1491 1408
201 932
840 1350
1573 1027
1711 1040
934 612
1846 1481
1460 1129
1666 772
1496 1711
47 1449
442 617
182 1894
574 1178
1878 639
1785 617
551 987
650 1376
855 1575
1914 1239
7 1983
1568 559
426 317
929 1086
885 1207
1605 176
209 1482
571 414
352 1422
1361 900
1149 1674
184 244
434 410
99 1403
45 1412
435 1545
53 962
419 1050
1650 597
1686 68
1584 662
896 682
866 1045
1753 126
561 72
820 1278
291 1957
900 256
610 620
726 1774
347 950
1668 1742
1751 205
769 1708
479 70
1412 1110
1265 1563
1007 1140
215 1932
1223 568
1377 8
919 449
626 596
1639 925
133 1823
1433 1757
283 1736
1608 1045
1678 1081
1907 1145
377 1032
1415 301
6 614
688 985
1340 238
251 602
1955 1501
622 1139
823 180
903 1160
1695 404
966 1816
1408 1750
191 1035
1376 307
46 1510
1732 1116
892 22
1837 1705
1606 1289
283 1803
1517 374
77 1010
651 328
22 1031
1143 1013
1202 1197
59 1386
1935 1917
1355 1094
1092 1299
349 32
336 722
62 1343
855 1989
1482 1162
1934 533
13 1383
684 853
1179 1274
749 619
699 487
1538 1421
1410 352
595 1619
1884 623
1156 679
1999 780
1047 1744
350 1133
1774 349
502 51
1668 632
1486 835
715 1067
469 863
1987 1400
850 1440
1941 449
644 74
1516 294
1742 1870
1456 1766
90 824
836 1386
180 616
687 43
1545 1119
566 521
1663 1436
1245 160
1578 781
916 1321
1361 902
1809 1851
283 870
979 949
368 677
1985 1184
431 526
192 396
1398 812
1214 839
886 1525
233 1064
1566 1256
413 1166
316 1390
1410 850
1902 472
831 1960
1511 465
744 1820
1191 1827
1617 491
1056 831
1015 269
1336 403
41 1732
1624 583
880 305
664 235
1170 294
401 535
573 839
1578 871
122 886
1629 1424
640 382
755 1557
154 607
1290 1249
593 1722
1236 1603
1976 1718
210 761
1064 1381
292 1512
525 1879
941 1682
1618 497
989 1737
686 758
1276 234
340 1327
381 864
711 1102
1084 1699
1646 1196
781 382
676 1848
1350 348
194 442
542 1825
223 1772
1583 758
1085 1946
1275 1395
1993 1123
194 550
79 1938
1431 1386
1369 296
1710 1801
850 731
856 778
1712 1255
811 1636
30 345
814 166
620 1523
1084 20
1891 1070
1325 1824
200 1060
441 1856
1874 1897
1520 1540
1327 587
370 267
1895 288
1243 433
204 741
1071 583
380 1210
366 2000
839 1956
1814 821
1111 1976
1065 1070
1270 1968
1671 1213
1857 1611
894 1021
1981 515
437 781
456 221
1977 628
1784 278
958 275
1598 1182
151 706
468 1151
1163 1000
76 1032
9 1251
1259 514
322 1643
136 1200
1486 1355
675 1379
1350 1600
521 567
623 353
616 343
1569 1067
637 1541
904 1680
68 1796
96 1843
919 710
1218 1901
706 663
1571 259
654 1840
1735 136
1764 1108
1088 1031
1442 207
954 474
238 1347
80 349
1913 537
1036 1099
346 1604
151 1979
1682 404
74 890
1515 1550
777 1007
320 132
996 1381
632 503
1337 1467
1879 1114
756 1699
804 524
911 1519
1620 1786
1984 714
1686 1174
1259 583
1463 994
576 1797
8 337
1821 352
1600 1718
1916 1988
1601 1911
1680 1158
55 621
782 1722
546 1302
1259 1018
550 260
1965 1985
1632 1369
1754 417
398 375
1965 1712
147 975
1615 1992
467 1760
738 1462
215 1735
1983 539
1854 1741
1276 1063
1573 342
892 494
799 1082
558 854
1680 1705
1682 592
819 1962
315 1045
894 10
671 33
559 1902
1580 1875
587 669
1576 961
1746 27
1900 1715
449 1414
1812 1671
584 1176
1009 1429
1144 734
1066 716
1563 518
567 1211
202 1762
1453 134
35 771
934 39
377 874
1462 1923
173 303
1382 1743
1925 481
1078 1293
922 759
44 1619
212 1263
755 1203
303 1851
241 1437
1093 1931
1190 1134
1220 1318
1517 1249
548 1454
211 1514
751 603
1131 1946
1976 569
1709 1850
1151 1935
1797 707
857 889
1023 931
436 1243
833 787
1820 661
1277 136
222 1992
1940 1004
936 1471
475 512
955 1627
709 1469
1941 1607
1815 1949
1694 1504
1150 1439
510 1551
544 357
231 1823
300 532
400 1486
254 1452
1885 1481
1087 720
20 1443
1660 1832
1097 232
342 458
717 818
138 1414
1398 859
1098 382
681 1028
647 612
1915 1083
239 552
1298 413
460 1078
1305 532
1072 1107
1968 1976
1289 1145
53 372
1774 881
393 1898
202 453
1485 462
604 1525
849 1239
1330 1280
846 300
1445 445
449 151
733 399
528 1008
589 708
1711 1313
1945 372
915 639
722 1982
598 1105
14 1983
639 1833
783 289
260 602
30 1097
753 22
1875 1799
794 21
1815 1662
1043 607
1907 175
418 1480
1699 1203
773 23
624 293
830 1425
1927 1265
1001 454
1677 899
717 1954
261 1539
5 1576
552 1538
1190 271
1635 305
381 1458
218 462
746 164
1318 377
1629 1269
1861 1882
1435 1229
618 557
1789 899
1363 1490
120 638
1348 349
98 1776
729 326
290 615
1121 664
1331 1514
1170 951
1047 1225
826 989
1396 1670
1059 683
232 72
1857 1387
998 985
1031 1334
1528 913
393 399
691 1336
1662 607
1589 558
593 444
539 117
552 232
1250 272
1076 254
1038 359
1109 1517
1649 151
1906 1458
486 986
947 624
1942 1125
1115 72
226 206
1053 884
1519 1418
813 1547
381 740
206 1752
1270 891
1624 1143
1327 1565
1464 60
1783 566
22 1216
1319 274
438 1325
1329 908
337 1539
1230 317
1741 1739
1733 968
361 1491
965 1827
1861 705
1407 590
164 573
1051 781
1596 1474
1941 1963
1038 471
1584 1010
1109 1415
1344 1837
1430 658
271 1402
1589 1257
672 1901
230 1228
447 1297
253 1767
1614 196
1535 1560
1120 55
1316 289
46 306
763 1011
1505 617
703 1792
1940 1947
1932 373
1261 77
53 539
874 1095
1760 1576
813 294
918 425
1711 374
1728 474
1504 84
349 1998
732 486
55 702
1170 622
1384 809
1852 1209
348 1156
111 31
90 330
793 758
578 1830
1651 1631
112 303
1731 1147
1753 593
1585 331
1548 941
363 60
197 1973
984 655
1734 1604
1562 114
118 430
804 1427
1216 1136
568 1036
394 1888
1033 1708
1154 251
1914 1190
1845 1661
1460 163
36 923
648 79
1048 1078
346 1541
1256 773
833 1081
76 1606
836 1377
1583 1676
1624 286
1808 1572
123 1625
1302 318
1318 1373
333 1083
37 574
387 1624
1966 699
868 840
698 1486
1134 1891
1594 1642
521 423
1466 23
1835 980
859 931
144 82
740 166
1484 1948
139 1405
670 359
869 845
235 469
270 1953
426 1099
1938 933
319 1016
915 1420
37 116
673 1510
363 1950
1412 1389
1645 703
61 751
1120 620
744 934
620 658
1443 857
1000 1309
1663 498
699 1306
1117 1879
1498 285
711 111
381 862
998 229
807 1458
739 1562
1667 1453
1011 1845
1476 1650
592 917
1700 196
1899 294
887 655
524 1094
693 1348
425 1827
1570 1212
878 1370
583 1786
1275 1974
164 555
271 1569
1657 1696
402 1330
839 1250
1987 861
1451 1453
1233 1337
912 1129
59 1396
400 1897
200 1160
639 1139
951 1350
581 150
721 1113
234 1627
400 177
1848 136
1129 1675
1348 131
1421 1909
1882 389
1155 395
1689 1088
431 830
724 127
974 604
789 1762
476 1475
50 1489
1161 171
1965 1487
1240 449
897 1611
80 530
688 431
1462 330
137 326
1897 1621
1747 1171
1691 134
509 780
1786 597
520 1333
1965 696
294 1367
599 1517
266 1477
752 88
10 209
1020 571
1654 1629
1519 741
1322 1428
1618 806
653 1533
1083 639
1893 304
1722 1995
1343 87
475 562
114 110
560 1942
523 778
1456 561
1433 981
400 1942
1191 1261
520 821
6 632
83 56
316 1543
238 704
1982 357
968 875
977 309
1022 1081
1864 976
160 548
180 1845
679 526
1645 1346
1705 31
1822 381
529 1513
628 431
140 851
1436 1378
187 548
789 218
176 189
1530 1458
580 546
951 149
1210 325
220 469
1074 1646
1812 1152
903 1618
588 991
80 88
982 1461
129 1586
249 1839
371 623
473 589
1841 157
1512 1198
834 1303
486 1208
1443 636
1882 328
857 570
87 134
992 1197
659 264
1789 1041
1247 250
1063 1838
1613 1936
1466 1275
1486 201
644 755
912 1249
1176 206
843 1664
569 712
1928 1014
712 1963
66 634
851 505
265 1032
937 1413
1000 216
1671 826
42 1035
1138 1875
552 1265
1652 294
1450 823
909 672
292 1940
1996 747
528 1296
1954 1674
1885 386
1004 611
67 482
962 1914
998 1537
229 1969
1287 1068
1044 719
477 248
1212 184
1485 1679
1309 530
861 1029
329 1224
1705 446
1722 972
1547 557
1910 1494
1334 1653
955 1579
1239 724
565 926
283 871
258 25
1916 1650
888 1206
1753 745
561 1693
1957 697
1420 169
1240 1127
343 1410
1546 70
462 1332
1481 1528
1091 1657
938 1283
736 366
1710 1923
705 1600
446 1952
485 417
392 697
1376 1306
286 1205
547 377
167 1867
365 1802
1651 1960
1299 619
981 254
1362 1072
1508 875
1350 1988
777 1406
1802 1395
1345 686
1598 1740
34 927
1562 883
1070 1808
588 475
1497 1381
1642 774
1519 973
602 1535
1183 1812
1522 615
1423 1452
1394 206
742 1495
1658 1985
535 1385
977 165
395 1012
843 1534
587 1209
1638 1379
1336 158
158 336
238 964
1023 339
524 505
583 1252
107 1755
1857 155
741 1852
1577 1021
1953 1015
1110 737
192 1054
1501 39
824 168
844 34
1575 1334
837 871
1686 1999
215 691
184 1168
1347 823
511 794
1850 65
1831 46
817 203
482 818
243 324
1106 416
1811 1394
355 778
946 111
1712 1237
1682 383
736 406
1319 1196
1040 1928
1538 56
1683 1070
1043 1641
1090 1178
1382 569
377 1894
1152 1216
155 803
959 1430
1966 82
1141 1403
145 1710
273 62
985 991
1717 1813
1752 745
1689 861
279 1223
1479 1764
61 305
1845 259
89 1545
1751 1787
1812 920
402 1917
182 860
1254 1851
320 1765
1864 170
313 1513
346 1874
620 378
884 1856
757 1589
1070 1089
944 262
873 1797
1625 20
1448 1012
733 1208
1750 1216
1737 69
912 418
391 549
535 1272
346 1731
882 312
1453 605
775 1499
312 998
1987 982
1325 697
879 1990
1511 756
1690 1461
1463 1301
1800 75
256 781
1302 1057
348 806
499 295
461 1397
971 1028
246 1602
1209 1565
1105 27
826 1870
143 567
1222 161
889 1639
1904 1064
440 980
1030 188
1123 1609
246 91
733 823
349 1363
37 70
1973 286
2 1336
43 488
962 1895
111 530
1314 784
1619 1431
826 128
1221 386
1950 562
32 261
1731 1373
98 747
1359 569
1691 1436
1236 1850
1323 8
541 686
423 1318
1326 553
632 624
1700 360
1260 503
322 1838
1533 443
167 1314
606 1306
1383 84
615 1838
993 949
1982 1502
737 682
502 1499
229 1617
566 81
1106 369
953 1944
333 377
1650 1613
390 427
72 1872
1345 265
81 203
595 161
247 1707
574 889
1080 838
1841 182
621 353
1804 1653
905 430
653 1675
1826 83
615 1488
935 1446
404 650
910 1251
1917 1488
926 1741
1468 1327
625 872
1865 1679
534 303
319 1677
1649 1293
1850 145
1868 326
1697 1011
1736 1420
906 1037
969 351
1640 319
1103 172
436 1413
1410 1525
1372 1014
1274 784
1267 1983
300 1654
1228 1640
1269 1780
457 1731
383 600
1848 1050
1798 915
6 1739
352 1286
1552 1589
1422 941
1427 1251
1368 1975
1407 1668
1952 869
272 992
251 1659
1866 241
1394 1688
293 1801
1319 254
1977 941
1902 832
1286 1550
1483 621
843 113
1736 436
153 416
1772 310
32 588
65 1096
1297 653
1512 153
660 604
530 1695
50 352
1628 1405
197 781
1975 1616
776 1728
934 1748
1283 583
387 1791
1507 1155
1520 158
1509 713
987 281
643 904
762 1042
1646 576
1406 416
1213 1247
324 199
1634 1924
1391 38
875 1939
606 1064
1386 1734
1300 533
1737 1122
792 1087
363 1883
324 1135
1961 677
1123 232
1837 698
1100 1338
335 146
802 958
1229 1379
1292 1945
483 929
312 1523
1369 262
1891 498
424 39
620 1066
141 890
829 1852
28 1411
1450 390
195 224
162 97
1784 333
624 1662
1736 1787
1467 785
1857 1778
447 1227
1825 1147
150 94
661 142
1223 842
1148 12
1733 86
1025 1925
1415 211
912 1470
346 1464
818 1768
272 463
319 1664
1171 145
584 153
1757 1324
1383 1733
1673 727
918 679
1896 916
1073 991
282 1404
174 1472
47 433
1426 388
984 1482
1596 653
1083 1509
727 1074
136 1248
693 1441
231 489
1091 115
1924 459
1523 1760
1132 1845
18 625
382 1521
1235 550
1871 1447
227 323
749 792
1166 1731
792 61
1245 585
1141 1793
1649 1964
979 1687
620 1
580 1389
1102 242
817 1724
1793 292
470 1527
204 1082
275 569
1364 853
1309 228
1733 1561
336 461
1303 675
1992 1743
195 1706
281 1778
109 1652
317 1682
256 1272
652 620
972 1019
1820 1181
1289 1443
87 909
1927 1701
499 65
254 1498
430 1932
114 415
1695 1921
146 622
1536 24
439 970
1793 1244
76 1404
681 1406
489 1097
1736 1352
1933 339
552 375
1053 972
1794 387
561 1142
1748 642
1528 1812
1297 1793
147 66
1978 94
1274 1877
867 1076
79 1057
1794 428
707 1212
636 132
406 145
391 8
1979 79
749 651
258 429
790 150
1536 78
435 1853
170 617
347 1690
1648 1320
1862 201
1043 472
824 1553
274 1573
193 1897
370 1865
642 1603
1862 141
1267 1696
145 265
1206 653
1198 1210
1923 589
173 1217
757 40
1819 422
252 92
45 1914
816 1521
1685 502
774 542
61 1596
140 1632
561 738
27 1294
1369 1521
941 1037
1805 1266
1696 462
1645 895
1144 457
1739 507
246 482
1332 1004
866 1563
863 253
862 1407
222 421
427 993
1883 1362
1500 808
1245 264
870 540
1800 827
1780 560
1611 37
854 871
429 701
1406 1877
620 1638
1037 1355
537 1587
561 179
1779 229
1605 263
776 661
159 1853
1527 200
1272 257
1595 1538
1635 559
1039 624
431 1547
1725 709
1725 1460
297 898
888 466
957 160
1108 288
1575 1773
118 476
162 1850
207 217
289 734
358 911
217 455
147 547
1967 1664
1749 108
1403 650
961 1310
1612 372
430 1796
540 1938
1673 885
836 1600
906 496
464 118
653 1950
672 729
498 340
364 561
761 941
99 307
1634 1591
1124 1937
440 1684
1033 836
819 1505
169 1502
1925 1575
1523 990
564 392
1366 1769
527 178
182 990
352 317
198 648
743 448
1539 981
714 1288
205 1668
364 1273
640 224
710 937
1561 1764
649 784
334 807
925 1822
1167 1659
370 458
970 1807
1607 1919
1756 1982
821 1249
297 108
811 666
496 1477
1053 622
128 745
1826 1569
252 561
1552 952
965 668
1570 1023
33 1249
1697 393
467 866
952 411
276 1772
1326 1762
1338 1956
1387 1358
34 1580
266 401
77 543
1396 297
724 1503
649 1210
1555 1974
366 1258
1855 1380
729 583
796 1699
384 952
326 1710
1091 411
759 1438
108 778
1887 297
1569 1225
11 1735
734 1278
1273 1702
693 1202
759 1402
875 762
748 637
81 409
21 671
1488 795
1414 843
736 877
146 965
498 173
1824 1201
1751 1221
316 1452
34 607
330 674
39 1542
628 192
499 974
1423 1242
1805 469
1844 755
172 1943
457 604
1449 1694
1679 713
1387 427
1062 596
495 840
402 712
651 300
1822 142
1029 1290
343 1093
1109 159
721 1358
1013 140
1600 290
1918 201
1814 120
1153 782
1564 1921
202 1483
735 771
1150 1625
375 314
490 853
1898 587
80 433
1583 889
81 1922
349 1151
1434 424
1449 1476
516 1330
873 1929
1842 702
1574 895
1036 1160
1006 202
338 915
102 23
1250 506
1190 466
1376 1007
402 359
1715 1816
533 464
832 1980
1570 453
350 159
990 1738
1939 1981
1518 1757
1998 705
1087 107
433 74
1706 1248
109 837
226 25
1116 33
710 61
167 1059
628 1955
409 1453
1607 1387
1211 1584
1442 612
1643 137
1090 29
1105 711
1944 1831
674 189
1501 468
1336 1789
20 1185
1915 677
1801 770
1540 1720
772 1164
392 890
1156 1329
1758 103
1097 245
1006 770
706 389
47 521
624 204
739 585
201 453
959 203
308 849
596 563
501 1023
835 279
1322 1126
1685 1935
1043 1104
1274 1795
369 1290
512 244
48 584
1594 19
998 274
1754 173
657 822
160 696
1954 1136
1125 1067
1233 850
632 1385
1840 878
1290 1860
589 112
1081 823
197 1956
1905 626
376 1126
246 962
243 1810
400 1488
447 1897
795 428
483 1004
712 1532
1652 1842
1898 611
1056 876
1537 1547
1477 1329
223 89
1299 700
436 1084
1904 1005
292 1841
448 1883
674 22
1119 75
495 1044
717 764
939 395
1619 1568
1925 649
1997 1588
1832 804
927 1882
1989 423
127 234
547 554
1452 1686
5 693
1450 603
616 922
611 651
625 1139
1095 1049
1387 1397
214 1581
1471 437
163 1133
1279 1113
1637 1832
1685 498
571 1032
1399 725
3 1040
191 1241
151 429
1048 414
743 697
1884 1403
1780 332
569 1261
173 1605
1457 548
1231 1111
67 88
790 854
1423 152
695 533
127 101
272 5
1363 1833
82 756
1749 218
334 971
49 446
808 1646
187 865
1764 1901
1258 1394
174 1943
165 1694
1925 830
158 1339
878 1698
1562 1994
1999 29
1544 184
16 1294
576 1033
1026 1105
1441 1476
445 822
338 582
670 1500
462 205
1748 1585
147 1311
505 1417
683 618
620 1239
803 301
1705 674
1299 112
348 1737
634 1123
1170 1850
546 401
1293 1466
1698 1383
185 1929
1751 1752
1531 1147
916 1974
496 581
1571 673
1500 356
281 335
653 821
1019 672
1687 1741
1806 1308
1236 72
1762 1553
1044 1550
493 1623
730 1991
696 1862
102 181
1403 219
1882 935
1864 1793
898 2
947 616
1509 1304
431 1890
381 1487
1649 100
180 670
810 603
1030 1665
1298 1000
1116 1090
1445 681
473 1035
1439 788
1496 1750
1343 574
167 169
795 1581
1216 364
1348 460
624 1096
1128 62
467 1278
906 1931
1235 1598
777 229
1497 1905
346 814
778 1672
646 693
393 1178
532 1177
1586 970
1609 1610
1552 1597
537 343
1693 33
1750 1624
1559 445
401 1827
4 1416
810 1510
591 88
650 1682
1711 1391
1435 1979
543 1614
1205 1515
1932 508
1612 360
1704 489
1689 344
423 1964
780 1845
1930 939
1841 1699
998 1637
1572 553
419 1165
1390 1166
767 453
134 324
1847 1983
574 433
242 1188
33 1661
669 1194
1245 1113
304 903
679 289
1137 785
180 1457
330 1152
1794 1041
1293 972
1813 713
420 602
511 56
1435 711
24 1581
442 1628
441 872
1517 600
1234 1363
1886 698
947 441
1524 1271
301 770
34 734
1506 1319
502 1727
1866 1941
533 1115
971 1622
505 1336
956 584
1503 93
834 316
2000 1334
447 93
707 195
1926 1357
1964 1043
1048 1199
792 760
765 101
697 999
576 153
452 254
923 1531
1707 141
1317 727
1941 831
163 236
1791 1343
1471 104
1193 616
467 1046
538 1724
51 1699
719 698
1666 1701
214 566
637 702
518 1368
1293 121
1439 44
1715 1131
1003 602
337 1281
612 85
1057 982
321 1049
59 48
1157 1476
369 899
1891 1200
330 337
1544 1211
1305 1236
1739 741
787 514
86 1110
286 1644
355 1516
1599 693
386 1423
722 1097
1914 639
1805 1980
1846 803
457 1006
306 1643
1034 76
1666 1074
1504 87
1365 570
105 142
93 120
795 768
267 919
1983 1997
1850 15
1864 1823
1315 249
227 1221
1273 1552
702 182
1274 543
723 442
1922 1201
1846 77
1768 374
60 885
1008 139
524 1041
105 833
1990 706
370 668
1103 1603
462 217
1269 1202
678 875
1830 722
1425 1334
1341 1031
343 344
919 1750
1960 611
1862 540
1623 833
1380 993
1871 963
952 819
1806 214
1929 292
1449 981
1163 207
1328 940
480 1627
1923 723
53 310
866 245
780 43
29 1822
242 1331
549 1588
1171 246
573 497
42 1409
1489 707
174 1548
1999 812
1130 1565
1744 208
1855 1090
692 1100
1497 1217
1387 295
279 49
1086 952
995 1307
335 1324
1306 1759
138 1907
1785 409
673 11
854 132
1708 1848
1760 740
298 1648
485 1866
1034 1887
665 531
1417 922
1220 778
1244 142
299 637
1995 961
1936 528
1095 1745
92 1565
575 1609
1719 940
195 1390
410 1664
563 664
1918 1066
653 391
1576 1824
1795 1827
160 1329
821 1231
1673 593
1387 1681
1821 138
1056 9
1110 465
408 1003
529 1519
681 790
1755 933
185 1340
1557 348
1187 1819
1072 495
1386 1874
775 825
748 1305
1579 114
749 1043
1111 956
1687 1904
1376 1000
830 1291
1029 1083
996 1162
362 21
774 1399
1862 632
488 1861
915 1584
1322 1127
1771 896
1828 1254
1824 729
1198 1593
293 1684
750 951
1711 385
270 1767
1659 90
1456 1142
1654 213
1530 1081
1742 1465
637 156
1451 719
1701 1244
1671 4
1754 676
1534 1608
114 93
1013 367
1226 1074
1428 1202
403 1388
1341 932
651 1392
88 1923
1888 1274
1221 1213
1907 1487
869 1007
1400 694
154 1018
1185 448
744 804
1700 279
1035 1875
1312 1039
127 39
467 6
17 821
1713 100
1725 1187
1069 357
32 1411
989 1143
650 327
519 443
926 925
1178 1548
1256 1127
1658 946
420 660
1125 1962
738 690
986 1917
727 404
492 820
1537 1420
582 403
155 1512
1363 679
1452 571
1860 1346
1118 1563
392 12
495 522
777 761
1467 643
1826 1554
1758 1089
267 922
515 1020
1148 1436
1005 1320
1600 1616
1585 1110
1308 260
326 1952
1459 1553
1096 426
184 1523
165 789
1797 1710
1116 1099
1693 1438
1606 802
1895 390
1907 916
1227 155
190 1942
1591 1404
1330 1721
1424 1369
716 658
1321 437
1126 1508
1152 1085
1969 1536
1300 628
1552 1668
672 951
1533 1721
702 1991
390 1699
853 120
1052 1538
917 211
1077 1444
620 518
343 1466
96 640
1977 140
537 150
1780 1520
765 370
1571 557
1167 520
1458 154
763 1113
1776 1457
1975 495
1902 541
551 1397
258 1987
1976 1181
504 1257
1821 412
727 697
1433 161
206 676
933 87
1950 462
567 1670
176 758
90 1869
1551 1503
1453 1890
1307 443
1132 1493
527 1322
1071 1800
1867 1076
498 1294
1070 643
1410 490
851 123
1856 649
1298 1752
382 1442
1370 1415
539 616
916 328
1160 332
1607 1432
1259 34
1398 133
1516 369
1075 1152
812 1492
268 170
1880 1502
1753 1778
1727 1798
409 493
1951 1867
1460 617
1224 378
1965 1584
325 518
213 1683
1692 599
1468 693
117 1115
474 376
324 1732
1461 639
1852 1948
54 895
474 383
394 1471
1173 1540
290 1847
756 447
1932 115
1825 1433
1108 851
1388 828
437 582
1767 1149
1297 47
1862 727
1583 738
155 143
730 1007
1142 6
1364 946
1887 1126
906 814
1172 750
86 399
235 821
1077 1545
1363 1713
904 1347
1638 1495
1791 1695
900 356
1806 1767
1099 1767
315 1015
679 280
492 886
1581 310
958 1802
345 1248
39 588
1578 1613
1409 1828
1868 224
1307 1251
768 1209
96 173
218 1974
551 1734
1219 1109
1754 194
98 721
27 1587
199 221
46 797
338 261
1835 1377
1309 1525
1160 1860
1868 1822
1039 1248
1713 1723
908 1912
1388 803
543 732
351 1730
886 927
218 1292
1422 463
1673 439
143 1082
1167 875
60 794
1234 443
264 305
129 125
1161 1847
975 1618
1700 615
1735 474
1261 1950
198 401
1864 1436
1223 868
602 1857
555 1159
99 1348
1865 1558
891 1492
1930 723
596 627
1707 1607
1611 490
1334 492
1625 165
440 1808
1446 228
543 706
730 687
994 627
1062 592
916 183
597 599
1266 1754
743 374
164 1108
1348 1544
1681 1379
1850 1258
109 364
1192 924
1027 589
1322 1354
1875 1431
1295 282
480 117
783 738
340 549
894 382
1705 1455
1382 1689
392 634
300 448
675 697
437 980
1850 1308
519 1857
1489 101
1410 1222
1993 133
1401 1743
1632 617
797 1625
57 1810
390 548
1539 1399
1471 1943
1010 359
1232 956
553 891
1282 1544
730 1868
1951 1902
1395 1076
1219 913
1437 1243
1271 1529
1681 802
1400 308
1103 1507
408 1043
43 1054
1888 650
1319 375
243 79
1095 532
570 356
1961 1375
752 1470
1774 1987
1885 1760
1455 1216
1880 192
1041 1082
1824 184
677 296
1577 228
1764 843
1954 31
1162 1954
1382 299
1649 774
716 105
1187 52
702 740
1976 1491
150 1982
44 1178
1841 1256
315 1198
62 1190
670 1360
1756 1857
1034 1611
935 1330
1795 1520
1552 265
588 1488
1890 592
1479 501
290 1883
1478 284
1914 1401
849 204
1176 1500
1603 1129
908 1980
1832 1120
446 157
1520 1165
27 81
1913 1858
18 1834
956 742
1482 1528
1669 1548
446 705
251 1519
1004 1417
923 1673
1546 1121
1918 936
65 1908
1802 356
1858 738
681 1728
704 215
1592 158
1834 751
133 1399
1957 716
724 490
256 160
1059 434
1662 1938
792 480
1913 1138
1073 1816
1394 1597
815 1808
546 381
814 1368
1464 1470
203 329
298 1436
1296 1205
597 1057
440 827
536 574
1523 819
1477 1574
32 1227
1237 1879
1507 935
870 907
902 2000
534 53
1917 58
876 1200
1074 1024
1131 1799
1406 935
1674 1317
718 1436
1098 1229
912 1312
1812 501
1014 1550
1566 744
1970 464
835 181
1735 1602
1360 1698
328 563
658 299
1253 1552
112 1928
193 1613
291 696
617 1762
1123 559
1267 763
1002 1674
250 386
1214 1495
1268 325
469 934
390 1947
407 1176
704 449
765 221
586 730
1251 848
1072 1671
1940 1171
1428 1782
1607 1385
62 756
988 752
159 478
1205 981
785 1867
947 1771
847 104
985 679
389 667
694 1892
1430 635
819 742
1113 1767
246 1159
416 1642
693 1227
1699 372
748 1031
1896 348
1937 351
1722 461
496 1480
1124 1018
1165 332
524 567
219 1342
1254 1541
921 773
278 1277
19 1921
1671 1121
1095 1493
572 598
70 1617
927 1826
1078 1296
351 80
1926 1904
700 328
314 80
1896 1337
467 1154
1341 297
311 482
711 1007
1039 1796
924 408
385 388
1172 1756
767 412
423 247
1766 1195
514 1639
258 1611
1002 536
1842 1407
1254 1840
1242 1332
818 5
1514 164
215 809
1087 148
1427 136
1574 1962
604 329
1885 464
1444 910
82 1522
418 298
247 334
1343 1580
243 56
812 1377
202 1942
383 1714
1455 1
582 224
1963 1927
1817 1941
203 786
1312 1096
1154 441
1960 972
185 1703
253 1993
1166 1025
521 1844
858 751
1661 967
504 1687
1807 1254
1175 1523
773 1889
1570 532
19 874
412 1963
515 672
271 543
1165 1118
31 1991
722 1672
277 302
1949 420
1581 1184
69 996
1528 1993
276 570
1462 491
261 1793
648 1628
1462 1105
459 1979
1182 1955
1430 1139
318 457
1815 688
1875 1306
786 349
1170 905
1391 514
1713 1300
845 1200
1625 1416
723 649
1686 1531
1544 619
1902 667
1350 1460
153 1278
538 961
1848 621
1773 1599
920 1749
420 1307
1111 1570
1620 944
1554 914
1398 171
1845 1160
680 594
1488 432
1191 947
724 500
1806 1378
907 1015
1254 1200
814 685
1424 1451
1024 1846
1098 212
33 699
181 163
964 1650
712 1254
727 169
644 16
708 1848
32 1750
462 1875
1780 1930
1337 735
1744 1044
1945 394
116 322
1701 1645
1073 729
159 1759
1041 1897
949 940
1724 929
1397 932
1745 1959
1243 348
1329 1618
1173 1706
868 65
1745 1940
1022 237
418 1438
1773 126
1351 1678
1459 1057
1330 1878
1282 759
1005 292
1703 1995
184 1160
1443 1604
1668 366
1400 1814
457 447
723 498
373 471
224 1926
498 1557
467 1312
191 1977
1816 1140
1119 1206
520 1847
751 1790
1610 1719
1184 155
97 1559
1461 74
1885 1870
1204 1062
483 1679
114 1410
531 1146
1324 167
539 270
965 1461
776 1938
80 418
917 746
1894 719
1125 911
307 251
1586 1560
1659 245
1457 1481
868 1548
1032 1188
1379 1534
128 1113
691 621
216 1453
106 1921
442 1680
1026 280
1050 894
40 1117
847 644
1389 1551
788 1354
1091 1268
1964 1099
1229 256
325 1463
1865 1970
1606 1859
1499 1644
647 1400
779 399
1061 864
1285 1863
1400 930
936 648
1316 1701
838 68
538 1150
1995 983
1329 668
961 109
34 867
220 1336
909 297
1609 754
1369 714
1646 1190
903 1112
1976 1910
803 1565
68 414
1559 1399
805 201
1856 208
249 1694
952 1051
1761 664
1268 129
228 1872
357 1360
1051 1867
344 506
1388 1756
145 1798
285 1420
1679 1968
1272 1318
58 923
487 1108
691 1542
1359 608
229 1281
1606 1599
1723 70
1102 443
1077 130
1880 1519
304 308
1047 835
75 1321
710 575
1098 119
1028 1670
1996 1981
1166 628
437 1497
1088 1645
1598 1272
1926 498
438 1385
119 1425
44 611
260 1970
974 216
89 701
1835 845
1297 785
1564 1665
1651 1939
115 93
1940 617
102 1875
1750 876
1241 1957
1407 402
219 1608
1996 559
1916 1668
895 808
834 663
972 250
1503 1432
662 806
1559 634
1128 6
1210 296
1105 1408
214 269
1154 1432
277 1785
1915 883
1150 574
303 1040
1514 470
679 272
428 928
1633 1730
906 1785
384 1603
118 969
1576 1925
1459 1821
763 1265
1224 1295
946 1516
1583 1455
1800 826
1569 1628
127 596
1158 335
70 156
30 613
227 1588
520 700
321 1989
1851 1749
1534 1369
1814 539
1433 809
83 1013
1950 1031
970 1537
228 825
1388 909
38 1608
606 318
1703 655
1638 1952
1041 221
1843 292
892 1837
735 172
509 862
656 13
727 981
1740 94
260 1648
1045 44
1608 2000
628 1273
1017 239
1965 324
1417 1966
12 659
1118 1004
59 1931
284 782
1866 1057
987 557
881 1391
297 192
1608 675
913 1972
1575 888
1614 1650
1399 991
1554 1705
686 142
165 1529
333 97
1715 1862
371 969
1324 567
1690 924
937 389
827 1781
526 501
1652 860
1673 1140
156 1331
1773 934
142 749
406 1739
640 1440
661 1005
571 859
408 1469
1460 1943
1793 1295
1990 738
694 1024
568 473
692 1582
468 204
1141 1632
1051 1535
1386 1909
917 607
1520 159
1037 152
1691 1403
1384 1947
94 837
456 573
875 961
948 925
853 1809
520 1012
1213 29
772 1900
1822 3
1831 397
962 358
1966 1823
1521 1997
27 1418
864 1650
1999 1218
1755 213
1414 615
200 1567
862 489
838 1623
1192 927
1814 1088
928 1935
1198 648
328 1449
650 1386
812 552
1814 1819
403 1107
1092 1986
659 1952
1196 1564
1950 1542
1717 1320
1135 673
1553 747
421 155
280 1371
1555 854
1547 1974
304 571
1201 859
1437 652
1108 1846
73 1702
623 458
1705 600
1257 1636
1265 172
221 1113
435 1518
769 905
1406 816
1080 754
545 1661
696 1061
938 718
1342 681
1709 1993
841 315
1767 1954
1851 1669
1699 1714
853 1847
81 309
1272 1152
1089 1421
1810 674
517 610
857 1258
1253 1900
1394 1483
201 1556
1675 1314
405 1110
1992 854
1359 1185
290 1580
1067 1352
91 990
633 1962
774 20
517 1596
776 198
265 944
1001 200
545 5
7 1657
908 394
1564 1207
617 1240
1234 1349
1320 1999
329 1819
652 52
1012 360
785 550
44 1247
1516 1870
593 394
974 354
1335 771
610 923
844 292
1624 1015
1489 1222
1070 764
1279 152
158 895
1017 1414
1000 954
92 1924
192 12
778 509
558 23
345 1191
383 506
874 1481
267 964
903 1107
1869 1085
396 845
706 1130
987 641
606 1383
1037 1618
557 1036
1963 1622
238 683
362 1300
111 123
1121 102
535 3
967 188
401 1910
1850 1794
25 1078
1150 704
811 566
333 1987
982 103
1878 1648
421 126
1748 626
266 900
1144 1468
1145 769
1038 1998
587 231
348 660
1436 691
1909 946
781 465
376 1386
929 912
517 792
1695 1694
960 873
1159 905
18 619
595 665
688 664
82 114
431 645
722 371
517 869
138 1535
225 901
572 1301
1078 926
1312 1547
1476 1499
1216 1867
1884 1424
1537 728
917 1379
1920 462
736 1354
1361 1541
1692 550
1641 1617
1004 1436
1323 1247
1011 180
1826 1133
1536 295
875 1169
185 1957
280 50
889 1514
354 1639
693 1408
144 846
1621 1015
1562 1544
777 1441
250 1553
1047 1393
1668 298
1498 170
1981 841
1117 1447
1130 571
1113 1975
780 1367
1007 59
1346 807
1431 1668
1684 824
391 266
566 1687
1438 16
74 1373
882 402
1547 576
1874 428
1064 254
1358 1062
1488 1159
1369 374
418 544
961 26
534 182
507 1646
537 651
903 45
1065 545
347 1771
1982 385
1798 270
553 550
1340 756
449 1889
1844 697
1782 31
107 768
847 1193
836 821
20 410
548 77
183 1593
348 171
209 382
711 55
503 1302
616 517
462 597
1585 430
1667 638
1720 1058
187 489
1944 656
101 905
1588 1326
185 1235
1286 239
459 519
412 1081
593 358
276 1238
1199 1683
85 1661
1917 431
1787 1167
329 512
1427 1980
1739 1247
360 312
1078 1519
45 1830
1798 1296
431 88
1619 1335
120 1614
1729 1550
1630 1089
519 693
168 310
1856 1095
1600 771
913 638
1617 1070
877 1801
1153 1992
393 1603
865 384
358 1251
106 1451
1896 367
146 148
1351 253
1780 1607
751 1375
382 1945
1089 427
547 1319
1982 1651
394 710
815 1519
949 1233
97 1154
797 1891
1746 1989
23 754
465 786
862 1187
462 1210
1980 1640
1994 482
1195 422
1226 1398
1099 1253
1436 1410
1030 669
1982 754
732 1765
701 1375
325 1401
425 1094
1966 1181
1040 1410
100 1190
1128 1670
1377 1660
837 1869
1983 1720
454 163
971 637
351 258
1915 1221
1773 637
1680 272
748 1647
46 1358
1856 113
263 1933
967 83
1155 1555
1007 335
621 369
205 1797
1642 210
1580 1608
1163 640
1232 1991
1699 1878
698 266
1373 779
1162 121
884 878
1926 618
804 910
1032 743
921 871
987 1811
1375 1714
1109 390
1470 1731
1249 222
1262 1133
459 151
1931 1255
1492 1781
584 1698
1198 1441
1552 1154
1317 1243
681 1578
1411 1907
1863 111
741 1317
1059 1669
1626 1992
1181 1668
532 1519
958 898
1522 1569
649 572
738 1957
292 44
1099 829
1813 401
1253 633
287 1092
1099 1370
117 206
1966 135
1560 143
1987 606
1119 1415
1964 1548
612 1789
1465 1604
1179 1832
899 1156
435 276
1572 1232
679 77
1197 272
1084 666
621 794
1044 133
350 1718
289 624
1280 573
554 1620
1795 1001
699 471
57 779
47 1127
745 1128
1066 900
640 1979
589 1018
1319 933
1148 942
809 1383
283 1079
121 1833
1260 88
909 136
443 1536
1665 1020
1943 674
677 680
344 339
1828 1163
80 415
1963 1670
1130 1080
524 1440
193 695
621 1627
1143 1607
1023 347
1164 1068
1699 186
1324 700
1690 1125
1803 1561
814 355
1145 1701
1482 1743
974 1626
79 1624
1320 1963
1893 1657
738 162
1670 1680
1822 434
1864 1983
1152 1764
69 450
1130 1081
948 847
627 719
437 1510
79 1007
50 1257
436 428
57 717
523 1345
252 738
884 1643
1092 1519
693 295
850 45
8 1726
193 42
1073 1957
1822 661
1020 1526
635 516
1483 490
1538 975
1807 6
280 1846
412 610
273 973
566 1021
915 842
510 18
41 1673
1030 1973
1659 1228
1223 306
899 1972
1074 1870
1443 263
1306 1936
119 583
1472 553
912 680
396 373
1945 770
1362 1042
1303 499
864 784
1948 796
1410 868
1546 1551
1490 1523
971 1114
1088 63
937 1514
385 953
350 587
3 26
542 186
506 1330
643 1264
1331 1893
472 974
873 459
194 117
1816 1908
796 1134
1264 1105
995 823
1112 1127
495 985
122 1465
850 118
596 1133
708 1153
1764 1672
509 1545
1750 734
908 871
1651 1348
936 35
671 1700
754 778
743 334
1610 1637
204 1531
1194 1692
1165 467
67 1092
572 1263
1116 706
334 533
1793 579
26 1876
1947 1478
608 542
1198 6
406 767
1383 1508
761 1257
1209 1154
296 110
1749 1882
894 760
129 477
783 410
1905 1282
802 1784
947 1017
654 16
1153 1569
751 877
299 647
559 917
44 987
1429 1454
1190 1307
1317 1491
1797 330
601 1827
1194 231
1017 1531
150 707
743 1977
1912 1967
396 236
730 1345
548 1561
296 680
388 1639
25 757
297 361
44 162
1818 1062
1699 880
337 1321
1259 575
1542 1789
1230 617
1060 1891
684 1107
25 1084
1173 1606
527 195
426 181
631 324
1662 1293
1245 1090
1007 635
1021 587
290 585
294 993
1940 1103
1529 419
1455 599
1988 262
839 1189
1771 97
114 960
1069 1154
1034 1364
1364 899
1553 1815
1490 112
421 1021
1042 1180
1412 1410
1432 1489
769 365
1880 411
543 1171
1115 1231
731 719
1671 41
901 1720
1160 1935
575 770
598 1865
1408 1235
489 1334
994 1856
1991 1282
420 163
1431 203
1630 1750
1717 510
705 417
109 710
1209 371
265 1153
1704 1429
883 760
965 825
72 1340
662 1691
576 1828
1366 662
1350 1202
853 1086
467 1020
1237 667
1581 514
919 1689
377 1031
1991 1743
1443 174
1466 1342
88 1565
1945 933
4 497
107 798
462 40
1876 1559
1984 465
1417 77
606 1178
136 1040
89 445
910 220
912 1167
447 610
213 698
1218 1702
695 156
1362 1602
1676 1482
1719 1502
1184 1827
1490 276
967 1482
1776 1099
551 1102
137 514
1400 1195
981 733
1364 501
78 1493
1325 1231
1409 117
1930 1654
266 1294
735 1897
907 789
1235 1755
1354 969
1848 930
1280 417
673 1433
1803 1637
545 1935
903 39
877 847
1018 464
695 836
1494 787
409 836
1519 971
1908 1951
483 950
440 137
79 170
1080 46
812 1065
924 1919
198 1423
295 228
1803 415
1204 1197
276 1602
80 441
339 1074
1888 148
1255 1728
892 1461
1990 1412
120 1929
1578 1385
1954 1927
1874 1560
1216 1088
1633 817
1934 483
998 929
817 31
1088 1121
450 1817
1196 1300
1640 705
494 1441
6 392
1771 1296
939 7
1544 1863
6 676
276 210
357 1428
117 1642
1288 1714
650 114
1021 1273
1202 1904
918 1423
1629 435
609 825
815 278
4 1761
1995 192
518 578
351 1446
497 1864
1359 94
405 1244
803 1251
597 898
1667 839
1775 1002
1957 1019
1854 1757
443 670
1616 1539
1408 920
639 1549
816 1174
1816 1699
1315 1177
1844 1679
1414 255
611 153
982 416
1064 425
713 1824
619 222
1157 852
1996 223
638 1767
481 1475
432 1422
535 328
1010 386
922 946
567 473
1336 949
322 387
121 1873
214 1529
1040 755
1773 832
348 611
1782 720
1226 436
173 1277
92 1599
512 658
400 910
481 361
112 121
1508 1903
72 227
438 1286
1345 384
463 1920
367 1562
471 1138
321 538
14 7
1679 64
669 167
1339 1026
257 899
1543 746
150 823
37 1364
311 275
307 268
348 1586
189 1824
1768 487
657 805
1762 754
550 1589
1686 1851
1496 422
380 997
1075 1211
1257 1331
744 96
664 1563
191 352
1927 1721
194 1666
1794 1205
896 1308
1927 364
1385 1909
662 1331
572 1887
1012 1280
1124 1887
1080 932
969 1694
1193 1114
110 1805
732 1655
1856 1098
1511 1229
885 368
511 1114
172 1417
780 964
616 1306
1959 1733
167 1263
1215 513
714 188
124 886
1066 1387
1460 822
1571 974
1669 1828
933 1435
1752 380
589 1326
670 513
377 658
1482 936
1238 881
1869 387
1252 88
1812 1747
650 919
1796 1539
1823 1637
15 677
1898 1910
927 1512
731 1743
1437 1138
456 1281
1319 492
1704 1743
1951 786
1795 954
259 15
863 1924
816 1266
1649 1869
1307 1369
955 601
1487 323
1571 621
869 181
1291 1417
684 427
1607 714
640 391
1134 164
1111 18
1330 1117
1103 1733
673 1055
1602 770
1903 1254
521 1878
1363 1149
1105 607
746 286
1571 1396
1453 1845
642 1124
541 319
1306 494
992 1374
1496 53
614 94
451 377
390 312
1256 928
46 1619
421 1588
1916 894
1373 1819
331 1432
1853 1126
1822 1810
429 1002
1482 1570
138 1752
1577 1242
1861 231
750 1735
910 1154
486 1649
1738 477
1718 643
1042 1459
1848 319
1976 590
761 1779
137 1320
1333 1777
1202 1728
1448 1096
1554 1797
1364 1429
439 661
373 1053
882 82
784 1670
1508 1739
1655 1067
1168 1598
1265 1147
1795 192
1496 781
26 1994
1768 1789
20 1448
802 1380
431 1684
676 1067
705 1576
995 1506
911 937
1206 437
899 1691
1423 1105
1634 1136
457 1208
1465 438
1388 759
1092 1717
916 860
69 1538
1158 869
15 971
32 1839
142 229
1525 768
180 496
4 761
269 1450
662 959
1627 1733
1298 1271
316 689
1385 47
1121 531
1449 1043
1276 1971
244 1015
1002 611
105 956
1632 1018
1586 1234
1419 311
112 1191
33 70
757 1846
1819 63
642 754
1990 1985
675 1113
469 411
1285 1913
427 85
193 811
15 1205
56 1507
511 1291
1212 1072
379 843
1024 420
1069 292
151 763
1103 1635
1579 889
902 1117
992 850
503 606
791 778
109 319
1346 771
1095 188
1643 1417
845 1282
235 1859
1026 1060
1964 845
1802 1711
700 1124
1842 1300
989 1955
1043 1213
507 484
216 467
174 780
1289 110
464 861
1517 1769
1604 1479
338 1564
688 1682
499 1122
918 1283
1369 1569
15 1762
1191 1381
1268 1629
1042 1150
861 778
113 790
212 1732
951 1163
1348 608
179 1373
831 1132
1757 1892
868 857
266 1232
1765 1756
874 358
370 1085
1913 869
587 668
177 578
1786 171
1554 1838
1370 1378
717 983
663 752
258 495
1019 228
246 702
1219 1973
634 1346
1974 702
1402 1816
10 1729
1010 1687
1504 1358
753 1400
1181 117
1870 127
1253 982
1939 39
302 12
22 1158
1951 807
599 626
1703 1784
808 101
320 1320
1450 776
568 1384
46 81
364 361
1712 608
127 1211
1454 41
673 1321
1868 1412
256 91
122 280
1967 862
396 632
1335 1998
440 602
1958 251
1921 102
1282 643
1804 802
1004 631
1959 568
1346 1042
1609 934
1668 596
203 671
121 1074
278 378
1068 1575
851 1555
1879 181
1628 1158
1390 413
225 126
1275 901
854 1911
167 196
205 1103
1619 1248
388 813
261 306
1836 1719
109 1804
138 1753
341 619
122 1702
1481 117
1879 1087
730 1264
1003 466
1222 939
941 789
1533 1975
575 1190
1039 539
1646 1402
1991 708
368 327
1226 1847
426 1332
256 1211
1719 35
963 1489
1169 742
1669 8
737 1124
1851 1710
735 224
1057 1034
92 626
1487 220
1723 710
1032 1390
1511 1684
143 1085
1710 367
598 728
493 772
273 22
1320 761
661 1245
1772 725
890 1076
1406 1001
396 1485
1385 716
1373 880
394 184
986 479
1452 1964
1811 1233
1191 489
1361 1335
886 1586
1076 113
1681 1977
624 1349
1730 1374
1897 1532
1245 1391
1419 501
945 1839
1530 1628
384 1899
1353 324
779 1926
1149 1230
510 730
276 1171
65 122
1250 803
261 390
1126 445
1316 1664
595 767
1752 1024
1098 1764
1040 1372
1751 1667
550 141
777 673
1612 1271
1956 1879
725 678
608 131
373 1750
160 411
88 1524
1793 178
292 321
1774 357
696 1571
860 90
1866 1028
556 72
1999 1068
1780 692
779 1995
1848 536
842 351
952 1025
195 1208
708 389
1741 4
329 1395
332 59
985 1985
1526 1944
385 187
1908 488
1999 1905
136 1908
643 1361
1478 1316
1248 184
1942 437
1880 1471
1251 1654
426 390
1342 1019
116 1478
273 285
1149 1343
248 1079
1601 1386
1849 953
390 177
443 1417
527 279
123 1802
1190 724
1683 1508
246 1388
128 1945
599 811
1208 599
1659 1757
809 1295
34 1916
1059 1312
54 1267
898 383
395 361
1682 309
1665 262
1050 231
1188 295
1951 1970
1055 1610
1709 1205
403 1824
250 1223
144 201
1885 261
1644 569
961 486
761 50
1363 529
1854 371
124 1259
1194 263
1065 710
1767 331
566 508
351 1821
1966 787
1962 1947
1285 1000
678 905
1824 259
705 1020
1309 323
1153 448
1890 54
969 1911
1267 1035
1112 1170
819 327
1872 1489
820 1640
1097 1207
596 1321
1349 386
981 722
1918 1206
94 1062
708 1958
783 189
1541 411
400 251
1804 1779
357 1917
171 1310
963 386
1474 1370
1893 1731
224 1415
520 296
955 1042
319 277
1999 1766
1937 1402
1426 178
300 624
1499 132
1638 975
196 1862
1060 234
1268 768
1366 69
448 1770
1464 1203
611 896
95 1921
230 107
421 521
811 1573
1126 174
1146 1117
1607 943
1692 1030
601 1382
1995 302
1563 525
23 1313
1071 591
1780 266
786 1183
517 766
1561 1598
1795 1544
1350 1277
742 1382
480 267
1515 1594
808 1106
1137 339
1264 179
34 226
431 805
1745 927
1995 647
600 1143
1890 41
402 1440
473 622
713 94
1824 401
946 1032
634 541
716 198
1492 1061
1633 232
956 774
968 554
25 1793
33 1310
29 1862
1613 1614
1950 1161
978 185
473 1994
871 1143
1012 1867
38 649
1253 228
31 1445
1178 1566
1226 357
970 1076
1900 645
602 592
1312 1415
1098 701
288 540
102 566
143 1402
939 1312
1062 995
1975 1040
1378 605
1831 1108
1029 1121
1723 528
752 585
548 726
1730 1174
1426 1033
11 1141
862 94
1699 830
1922 1642
1864 288
513 62
576 1767
868 1295
1526 1066
1659 1470
531 879
1776 951
1993 1647
206 1936
216 248
1337 117
1869 1932
405 1699
510 848
1959 1779
751 436
962 1780
1004 1147
906 245
96 1665
1127 1419
809 1267
881 351
1741 767
886 103
851 628
1218 1053
67 827
1953 38
1450 1937
978 352
1209 1443
1113 121
43 949
1650 550
310 1482
941 600
1328 765
1275 503
1096 713
416 1762
1380 1971
359 1362
1 1932
1296 1840
964 1441
512 993
647 348
37 1657
532 1083
1229 1768
683 414
1399 1787
1405 1705
482 333
484 333
646 352
886 759
888 1345
1792 1346
1195 1513
1180 1300
1884 247
674 891
591 237
197 1038
1846 321
348 425
445 1524
1079 840
890 237
1399 408
444 155
1559 1675
1917 1719
1222 1288
791 405
1488 1219
1235 669
666 1768
569 173
913 1564
1398 644
311 542
1253 1140
959 1304
225 15
1544 917
314 929
880 1639
1488 1388
1562 562
722 1248
1040 1878
371 561
1487 1058
587 1037
983 1684
1642 66
1316 869
990 614
439 160
280 895
963 1672
433 275
1847 2000
1797 847
1679 30
1608 1581
520 949
1613 560
1146 296
1586 1207
1485 742
1758 1465
1127 16
1689 1819
1303 1301
607 1920
217 109
583 1296
254 156
1593 1083
25 1504
430 896
716 1505
1822 388
1127 339
852 97
1668 773
962 169
1302 1492
1091 752
212 658
471 1152
105 675
343 112
1189 1317
1558 48
60 313
1608 1565
1084 1102
349 232
442 1559
1445 1920
422 127
775 1054
643 1100
154 169
373 603
1950 1425
670 625
1800 248
643 309
540 1459
237 1446
1999 278
72 1208
268 1577
1062 794
1682 756
84 1823
1416 430
1439 382
1070 518
1967 406
1733 1479
876 987
1918 1944
1135 1224
1268 304
786 331
338 1822
1850 915
1170 78
1275 1487
228 73
764 210
525 1088
1100 1997
65 1292
308 836
121 1396
1041 1894
592 1311
310 1025
162 865
941 1988
639 1954
2 393
1753 182
431 1521
440 813
1739 95
455 468
1792 1336
926 343
1307 1323
175 1101
17 412
978 382
675 208
1425 199
1649 36
1652 138
147 328
848 1356
20 1845
620 60
631 1465
141 747
734 1959
1030 148
99 43
476 184
557 514
1804 462
1896 1806
1875 527
736 268
1877 378
680 1912
161 1475
1206 1768
1782 267
1266 1836
1131 1009
342 861
1651 797
1480 1991
344 1590
1257 88
1064 467
1174 1800
7 382
1440 222
1050 785
989 618
1864 331
1567 1593
1379 1608
350 1381
551 311
680 989
1506 933
1727 1204
1505 1199
1606 1547
932 823
1484 1921
1503 803
668 1259
1401 1094
953 1015
653 725
1389 1661
1326 1200
415 1758
1750 263
286 363
1085 238
219 838
181 785
62 1683
1099 1430
32 265
1492 997
237 130
1403 1540
261 1923
649 1958
650 870
1238 897
1041 1304
182 1135
217 1285
78 1850
1889 339
819 59
285 389
1593 1404
741 564
1589 250
98 1276
1006 1836
215 698
1052 144
1578 1574
1965 272
1234 1511
516 410
1714 996
292 1354
116 1781
637 924
1591 633
52 1635
698 390
1314 1269
797 54
66 418
1886 489
433 1878
475 372
618 522
731 606
433 1486
1920 934
1118 113
1522 1251
1454 1593
682 1207
1643 1475
1358 1804
1072 724
320 1057
1500 1208
889 927
829 300
327 859
1882 1116
1215 145
1391 1703
1795 244
342 1541
241 1972
845 1625
1342 1347
1207 230
1320 897
1181 912
376 622
1550 91
1019 525
899 1378
458 183
801 697
1958 693
343 1106
681 1642
1407 1469
1777 4
1200 100
219 1780
736 1
1863 730
519 1169
861 562
1721 1194
1133 1069
97 377
1061 1237
1749 1584
1391 1916
1812 1459
455 1330
1240 608
1796 1383
400 1440
885 1468
144 514
427 1883
1962 1809
279 1599
1945 1395
788 780
703 594
1675 982
1588 935
896 299
1127 711
859 1681
1887 780
131 1533
1316 1030
1601 1195
421 1211
740 408
406 267
498 884
19 1081
1036 42
718 1448
133 229
270 1037
303 909
1767 1452
682 1201
1193 1473
1164 449
498 1405
669 1044
980 1745
1854 143
1165 1141
197 1640
1838 1992
1969 969
1549 558
1116 1277
809 990
1220 400
902 743
1222 1769
675 1653
649 632
159 58
125 799
212 1268
1111 1261
1778 268
700 1298
1539 421
174 255
1855 1081
1323 841
523 1891
472 1369
623 214
534 1147
1694 278
279 1427
1151 1457
620 1966
928 1795
202 1756
441 242
239 1709
24 704
1953 123
1657 1132
1558 87
1066 979
665 1868
1717 1939
625 1441
1380 1145
1279 1591
1500 780
1040 1100
1350 378
766 1281
305 875
716 399
1910 350
1720 1815
759 1654
1227 1501
697 476
77 1207
846 198
82 1577
1310 1403
632 458
334 1255
1409 169
1705 987
927 491
1721 525
884 1579
1397 701
839 1802
113 1361
515 208
798 1433
693 1246
511 935
996 1534
335 153
1863 174
1753 585
1875 625
1735 1799
1781 433
1832 1929
1608 1259
112 906
1600 663
722 246
812 1245
1724 815
198 1372
981 1429
1853 1000
1818 847
949 411
1848 797
1756 488
156 1700
280 719
855 579
785 189
560 1419
1416 1546
1742 510
1541 883
1638 1215
1982 1927
115 177
1440 1693
1597 1221
92 649
1196 1535
983 180
1143 1563
1542 1045
1291 1218
202 987
659 178
1334 504
1189 415
505 769
335 1154
197 923
1414 1341
1642 914
1454 1129
1078 1279
949 756
651 742
1313 388
10 1736
1803 910
1257 1978
316 1067
689 1957
1136 676
1736 445
1413 839
1674 1975
213 1686
196 60
1390 1932
1840 1450
1473 636
1910 1934
1636 320
715 395
958 1433
154 1024
1043 9
543 1340
989 1309
1413 1895
1737 355
400 1480
899 388
1955 1710
1814 1492
628 825
594 1104
1942 1181
24 1573
1483 630
854 1819
1692 1321
816 1348
403 1204
1252 1356
76 1658
1063 772
1731 698
914 1955
597 933
1926 1118
1066 1169
1844 1309
51 1695
825 603
345 279
700 1922
499 1521
65 1327
907 1961
261 958
802 1770
809 1007
1316 1043
36 673
682 1448
1702 68
492 1694
189 1311
804 164
283 1183
878 208
1557 529
1169 396
1158 1284
530 207
1858 1483
885 104
1477 804
973 1297
91 1078
769 408
1939 1462
702 559
1064 800
1301 1490
1784 625
1665 723
919 683
639 747
1283 1414
339 1481
980 75
1442 1055
325 1510
760 323
1151 1448
1067 226
1755 448
1423 1748
1504 941
65 1050
902 1545
529 222
335 860
400 36
1073 575
211 1028
1598 1633
237 1186
229 1004
1246 1735
1400 1519
1227 1660
1736 329
1993 1850
1730 919
447 1420
19 1372
514 1490
1698 390
616 455
1320 619
148 1735
1422 1788
1461 1818
1954 1178
1571 612
1427 1962
1994 1097
530 446
693 791
719 637
231 98
440 16
1269 1026
157 497
1400 705
1543 923
1642 1826
358 1020
1674 1840
1422 1700
1914 1443
999 924
1946 1685
725 1938
1026 1958
1871 1538
56 88
210 1754
1390 530
713 736
942 337
1879 664
1660 1340
951 728
1183 488
1078 414
1378 325
1610 262
1961 841
495 140
273 518
1626 159
493 1526
1422 765
1179 1858
222 1235
971 428
1017 191
877 1367
301 729
1361 1745
371 750
737 16
1679 1806
537 1338
665 687
1175 526
159 1032
482 99
561 1826
1383 1153
1252 1111
1638 1571
1768 1637
1798 446
1118 1551
1509 1097
1331 596
1667 914
1831 654
231 582
450 1710
423 1704
1641 1999
719 795
460 1504
1106 1102
613 1876
1430 94
1487 1938
1381 722
1539 1524
1896 1921
92 33
409 1394
226 622
888 911
141 58
1993 1813
1271 1146
1893 792
660 1920
191 1077
111 1835
258 46
118 1338
1334 770
1900 1290
1679 1731
1754 1988
560 1009
87 72
1348 986
405 707
1800 898
426 49
982 228
29 507
1512 1321
1440 1025
1503 1755
1493 1890
1516 87
215 511
239 1207
818 382
296 979
42 1833
872 592
1800 1914
178 1716
1027 1509
1106 910
1133 1693
1332 24
1503 1566
1664 225
1583 1882
199 1075
1586 649
1887 83
49 778
1200 3
1879 1020
1674 265
1910 160
606 1100
928 840
666 754
90 1876
518 1396
1211 1943
155 1823
1460 360
1520 42
739 40
849 487
1779 1371
782 239
503 714
1586 786
31 1118
478 536
1196 388
456 1527
267 70
1008 443
724 719
1700 1568
614 1132
436 205
1521 1716
1107 1415
1933 1417
756 581
1424 1617
908 1715
1216 1608
799 108
1701 1177
887 1786
333 1645
1300 196
1429 437
1171 1214
1854 1524
1424 719
212 1641
1312 827
1754 1416
1046 1510
1919 1584
1732 1295
1659 1812
332 33
962 64
447 854
498 842
843 1540
1391 132
1004 765
519 1707
265 1171
1731 1268
551 848
176 1905
554 392
667 135
1625 996
1109 810
132 1308
291 919
580 671
902 271
1040 242
1447 82
1772 393
1682 1349
1358 181
1227 697
609 378
1487 395
1330 1404
1005 1161
643 1085
871 1469
1055 1623
949 1660
460 1724
603 684
122 1792
959 1125
904 1143
1893 1563
713 1686
1465 1633
1494 1200
1012 1006
317 1825
1955 1786
119 1721
555 1559
503 984
474 440
857 1056
738 1999
562 1552
1902 1959
11 857
76 1802
1834 544
522 1071
363 823
579 799
851 369
874 1810
1191 45
348 207
1794 1743
718 989
138 1749
164 1975
1609 319
1717 966
1929 1034
1868 968
1996 1949
891 1660
1436 1015
1471 583
608 53
1482 1576
1235 501
1588 1225
1326 1957
1177 1652
545 1712
21 1626
816 57
728 591
726 818
1529 489
575 830
241 920
572 64
1093 1700
1544 893
305 45
239 1896
766 627
514 751
1765 1589
246 758
409 1471
1291 981
1103 89
1566 690
1366 1438
1567 1805
1392 766
1948 1199
1529 1798
1797 603
356 31
607 238
421 583
1146 1205
1574 1170
416 868
1649 921
901 709
1748 104
1830 935
1424 1787
467 383
1564 943
186 351
468 1052
274 1768
1802 1725
206 1854
1331 1835
1192 1606
141 1722
1494 1345
1248 227
855 237
647 1338
1871 779
58 1534
148 950
157 1127
1397 1177
380 1180
339 1896
1854 1584
94 1407
1218 359
1765 743
259 974
635 222
406 1177
1170 1349
257 1408
1848 245
1626 59
899 1943
27 1271
654 222
1319 1402
1495 61
1113 981
739 1201
621 1325
1462 1084
1598 589
960 730
253 1839
1832 1230
1495 1593
595 237
305 522
1919 1051
719 992
471 1213
1640 317
1655 1198
1227 1993
1715 345
581 1229
1163 228
402 1313
741 1594
175 698
1740 122
288 1990
1357 1921
1943 1888
690 1830
1109 1320
389 866
690 138
1666 688
1648 413
882 2
1039 532
921 1890
1733 1105
487 1728
1502 641
1171 1511
1386 452
157 85
1234 410
1011 1764
557 1423
504 345
1602 94
1569 1458
277 686
1396 1636
1211 452
635 837
1730 955
133 996
1376 1244
214 274
1357 237
831 1783
348 1091
46 1820
128 363
726 906
686 1398
854 1585
467 1624
172 416
1247 1152
1601 1209
158 316
705 1793
627 839
784 1647
1615 61
348 369
185 1273
1345 1380
1280 525
1272 1590
967 1671
1965 244
96 267
1955 78
1029 1753
1831 1167
1395 1353
1543 1216
1000 339
1879 1511
809 359
453 117
681 1905
1233 994
74 1256
1112 550
953 108
1956 1622
400 1375
1723 1847
1486 1745
1341 1643
165 260
1946 844
1599 1482
359 954
788 1424
756 1117
1941 1398
556 1101
983 1585
1889 1806
1555 314
235 526
328 1894
1166 974
79 597
752 603
1477 701
1268 1668
712 1378
621 1001
570 940
940 1241
1903 1500
1251 61
1316 1007
1870 1291
1736 1565
893 955
1375 669
211 179
1025 238
1639 1273
692 396
598 1176
1339 1876
838 1914
618 691
1432 1601
156 1728
1010 414
750 1784
1684 19
840 1993
1829 534
1294 1049
470 151
1333 472
1461 1044
1881 666
1886 339
509 1941
1677 489
573 1399
1756 415
2000 906
52 1758
856 1948
890 1586
498 1828
738 818
1828 980
1102 979
1328 53
1541 1381
615 842
86 580
1134 692
1515 1905
1420 679
1042 1790
142 1255
1439 1133
1458 1341
241 1257
50 1446
649 441
172 142
414 1422
1522 275
1551 1474
1908 15
460 1588
771 1845
1972 227
1612 181
172 1299
256 40
36 377
1544 1560
1445 40
1858 1770
503 44
467 1410
773 1999
935 1696
1081 34
848 1400
1213 1619
464 1539
477 1507
1862 515
962 424
1061 1461
756 230
111 300
950 358
673 156
1064 460
594 1626
609 64
1092 703
347 429
1172 1978
1524 515
1615 1265
1985 1119
1436 1913
506 107
1591 571
1708 817
674 254
1203 733
96 213
195 948
1575 542
1846 1394
1072 535
1872 235
936 872
225 1269
93 677
1812 1792
1039 63
560 1609
1610 1493
1726 291
1053 497
63 951
1150 170
1343 1746
1403 1717
370 625
1681 70
152 271
562 1751
696 1863
1551 986
110 1758
479 1187
886 1008
1203 605
1451 6
570 682
614 1462
2000 301
1483 36
443 1909
1287 184
371 1985
1093 195
18 579
1517 755
1704 170
440 1608
1621 1263
589 1370
1435 1612
141 863
1155 406
1726 1569
702 1826
971 478
1756 610
805 1185
408 1271
1169 1568
1948 1382
1315 451
37 1518
239 668
888 378
1372 396
1265 1882
461 1134
1617 1886
1055 563
1149 56
1153 1027
1146 691
385 901
603 1155
766 594
112 1844
978 1939
486 190
1008 1398
900 890
1363 600
515 849
560 692
681 412
1024 378
651 1462
1975 769
491 567
178 647
341 1440
743 819
1483 1277
1814 1977
1545 1308
1680 100
76 1185
83 1631
137 1095
34 72
1714 887
1825 431
940 212
1496 961
1381 779
966 1526
1251 1880
739 583
54 1300
1282 1204
1409 1036
1934 1591
1259 367
1997 1890
1605 802
1275 478
1445 1790
1499 1351
167 1669
52 83
856 1329
731 923
1162 887
1564 74
861 132
1830 1526
498 62
1766 304
990 872
1314 1657
1810 1334
935 1850
272 1223
530 1215
901 1910
1011 1176
148 805
1592 1060
854 1613
107 275
1353 665
1468 1789
1751 1810
122 308
1631 1925
1595 1889
695 1587
1305 53
1209 958
719 1432
621 1256
763 1495
1375 352
1350 372
1554 1897
915 1429
1226 915
582 841
1992 625
1682 620
1225 1147
1261 1066
1003 1966
1453 140
1264 219
391 1443
1297 1876
62 967
1989 1215
1742 710
522 1785
343 1510
584 1395
1043 1153
1068 152
1222 819
1223 1744
648 784
124 877
1909 182
506 788
1400 172
1007 1427
1134 1782
1483 1179
1151 756
863 221
1516 26
1765 295
1099 271
1771 1334
553 274
710 1998
1692 883
107 1732
1845 1557
1529 482
1258 1435
166 90
1186 29
1995 1321
662 78
657 958
580 1509
572 1292
598 1050
1235 1765
409 1886
931 1411
1815 380
1554 1455
239 891
501 67
16 428
1377 1681
1781 464
910 1407
1933 924
1569 876
1465 829
130 1674
823 1999
100 880
1405 1234
511 683
1975 545
145 1081
497 1760
1494 1151
508 1103
190 963
799 168
1756 996
969 10
679 42
804 1337
287 1997
1516 1393
631 1556
374 1191
1738 1649
354 550
549 1803
1094 818
1116 754
1475 1863
1824 145
1846 259
1449 294
1039 1508
1558 496
186 1247
1892 1699
379 265
490 1147
178 1255
1447 349
644 1967
869 1373
986 808
51 1519
1519 1958
1269 1201
299 1304
785 615
271 128
1622 164
1668 1972
1216 1205
786 1958
277 435
420 1042
1034 524
1947 1898
1189 116
323 1085
1644 1801
1794 1027
832 1081
690 667
540 908
951 1584
1654 1406
234 67
419 776
231 1388
826 799
1169 1690
1930 1726
514 258
453 1038
1700 1490
707 1232
1968 1796
840 733
1897 489
674 1651
202 1011
980 760
138 713
1619 1116
1194 1061
1155 1024
1884 933
1763 1624
1142 1175
1074 1873
1606 1113
686 1758
1350 1289
1004 1378
487 1705
1903 382
512 1065
1965 328
1058 1405
1515 1218
1326 657
1206 1205
1475 678
1111 864
604 1412
1487 982
1661 1357
1965 1239
356 1902
1989 1463
317 69
870 1197
732 1860
569 1632
1158 778
151 202
1717 1330
1058 1813
1699 484
550 1644
1140 183
859 1466
1982 1486
639 1181
993 1537
961 448
311 1895
1882 1041
771 1695
674 732
275 1024
704 1378
1235 808
941 1307
490 1291
1187 1726
975 1260
1026 298
1132 476
137 1049
1757 1502
954 1494
1747 114
881 750
1693 726
747 1905
638 1969
1299 1532
83 1715
329 1239
829 859
1929 789
680 1757
97 1157
1638 564
485 515
879 420
1704 916
1197 343
103 1670
500 457
782 770
1083 466
228 1970
1331 1215
1465 883
475 893
621 125
1732 1640
11 1644
1473 1658
732 505
1099 104
1989 1404
560 417
1062 635
1978 1999
1672 362
183 1784
1673 1448
249 1252
1094 1521
1393 723
1270 1413
928 737
373 632
1799 1038
241 1925
1168 816
448 1295
1088 1064
731 882
411 1871
151 1556
1420 1763
697 457
1350 744
589 1639
289 1628
1332 147
1355 191
119 914
1186 844
542 376
1048 1442
1114 982
1396 1727
1055 437
1070 1229
293 1956
455 1557
211 1701
912 86
1030 1949
996 1297
1921 15
1917 1278
891 1940
1306 742
1535 326
1716 1608
1399 1674
1581 1135
407 1633
1692 491
1088 1774
1074 263
1024 296
211 455
579 316
1469 402
1580 496
1501 366
34 1118
987 1510
1109 1425
674 510
1236 1594
992 1332
812 454
341 852
865 1817
1449 858
171 674
1562 207
1230 440
1193 1968
245 1338
1793 1959
699 589
706 1419
968 129
691 56
1820 632
20 360
954 1920
755 1711
333 197
2000 1919
877 1418
1779 430
35 231
302 1875
944 502
1228 1955
144 821
1135 763
1624 1157
1117 1654
450 1412
600 947
894 682
857 1317
791 61
1049 822
1199 1101
1665 1354
1913 1942
645 1087
1172 86
171 1246
1990 1470
1735 453
530 1760
1041 435
825 1889
1858 1028
1392 787
213 558
1334 975
975 1409
1791 717
1981 773
877 731
61 1335
588 1729
122 1263
58 344
1660 1914
1180 1080
1511 60
1896 401
1391 281
1621 1903
1351 503
1206 349
176 235
1226 1576
1030 1993
1983 1089
1028 469
1268 749
1707 220
42 464
1663 282
1204 978
896 1063
843 1928
389 1797
633 1520
302 1649
93 1970
911 89
1255 365
1546 266
173 1384
1291 523
674 1394
1675 1439
328 1434
1354 687
674 291
1100 1512
470 1551
1684 1295
1141 1656
1967 67
389 1154
1290 1066
1593 1261
789 995
421 775
1084 1158
682 287
361 371
100 1315
1436 1105
1621 92
460 492
60 1342
190 493
1098 676
1452 469
345 1489
886 763
574 1303
1753 864
968 551
1580 489
1143 1352
574 6
658 847
1116 994
467 362
1757 1598
303 1593
1458 1443
1538 1120
1323 1318
1769 1174
722 885
729 911
1117 1750
1887 353
990 870
1295 1006
1786 977
1992 336
1632 926
1947 1470
175 1742
838 1741
1104 1219
266 433
768 976
1752 1160
820 1802
1975 307
1486 949
1590 496
901 1072
1236 1997
473 633
1599 655
498 607
829 1111
44 296
727 245
568 1161
1498 1691
1841 1810
1719 1025
1316 1021
1940 194
696 1497
966 1330
610 1849
509 127
681 366
483 1718
1474 1598
1803 1564
1852 1510
1210 24
652 1020
1594 442
1605 926
1502 1929
779 1506
295 472
203 1170
985 1418
59 354
805 1073
620 1981
273 708
578 195
1163 231
1392 516
410 1070
551 1657
1829 1852
992 941
235 974
1997 1490
1223 707
1714 874
1796 204
817 1416
1077 636
1191 1566
671 1846
839 1556
1732 222
412 613
900 1166
1856 1876
1959 1379
335 1682
631 852
1005 1134
1110 1627
1512 1844
1273 774
276 50
286 987
1098 851
1422 1376
846 1023
1611 369
1821 259
878 435
995 1567
1309 727
127 388
763 1725
1843 933
523 1231
719 1153
281 507
571 1888
370 422
1081 647
1914 1557
309 702
633 580
562 1916
756 1617
746 649
761 1450
1529 538
414 691
1347 35
1451 1873
1391 915
1890 145
1941 1880
492 1356
1362 1388
1835 1236
1901 1263
1585 660
804 1044
950 1445
1598 1820
207 1265
1172 513
1086 120
1586 1795
250 181
1454 1590
1819 1200
709 1784
200 611
1091 515
1201 422
569 600
306 715
552 254
666 1517
1091 689
170 1553
52 1665
1895 1547
12 85
1662 1689
585 70
1964 1532
1313 1201
541 839
1053 1315
52 349
1700 1725
210 714
640 141
174 1011
1982 665
1373 284
10 1412
1482 175
1973 1463
605 1815
1187 1778
1154 1055
359 1547
910 830
1217 874
1028 478
466 1174
317 1845
75 1280
545 424
1573 506
903 512
1237 1095
990 1651
320 1860
654 905
790 1946
869 1269
1046 1581
1517 1711
1565 522
1392 1980
570 1348
1572 806
1256 1077
735 682
1961 402
1715 63
147 278
172 909
1539 1785
1898 530
1013 1383
1491 19
1164 37
879 197
159 1018
1483 170
62 1108
488 97
839 1798
74 699
849 1476
607 1887
1291 277
828 1108
1485 287
671 1276
1783 319
27 1569
1085 1772
1630 1005
382 1564
1332 1241
583 1338
846 759
1815 1426
1310 483
659 1462
142 1164
1822 1046
1161 1642
1977 188
550 1564
931 382
1229 1021
1513 1669
1794 1292
876 1397
207 543
1922 938
1053 145
526 882
1476 1455
176 1311
1881 1715
1306 64
856 724
1650 1570
256 416
1009 1364
1172 1697
164 1651
1743 839
31 766
1547 1277
688 1609
1570 1363
1421 860
677 1705
1603 491
1350 572
699 1594
674 214
1993 421
1762 339
1708 1104
1955 506
257 699
421 408
935 1526
434 938
1805 1155
106 892
152 1168
1599 341
605 1862
344 1950
625 919
450 943
919 364
161 1440
4 324
980 672
48 3
1066 1613
119 1789
234 708
653 967
1037 1004
901 1831
127 24
1895 667
1776 984
862 948
1267 1251
1693 1566
723 1120
1663 1097
1122 1179
6 205
699 1749
1810 160
1425 912
1073 1141
1829 1515
1853 1590
604 1123
818 436
897 1748
1847 1888
792 1863
1331 194
1697 1616
1121 556
889 1251
518 1877
620 1337
1916 12
1195 1689
1585 84
1331 720
401 1236
302 647
346 114
37 1145
762 1334
1673 834
169 1150
1191 1542
427 112
605 402
291 760
1088 1489
1192 1368
1613 1083
1515 1068
297 878
1612 1706
933 907
877 681
903 1707
85 277
709 1400
169 531
1935 1307
1229 276
323 1572
873 66
618 923
974 129
194 1838
599 1168
1317 644
331 255
942 1670
1915 1089
189 1809
1385 357
397 1010
141 1350
665 81
1750 1593
453 928
141 956
379 1946
292 43
287 524
913 1889
888 329
830 524
689 1594
1454 1470
61 1254
1710 1450
634 99
1386 1802
1731 719
280 66
102 1518
1217 519
1179 892
1821 699
957 19
773 45
1099 398
620 1705
1943 911
1685 1637
251 506
1011 1748
433 819
656 1430
901 219
841 1904
1275 1845
1023 1360
1995 679
1576 1321
741 1576
982 229
1557 45
1176 1403
348 254
1380 1711
471 1475
1857 1060
1016 1092
291 337
1688 1889
1806 1448
1776 736
1093 1474
319 1149
520 163
27 317
1456 16
1891 1026
494 865
1486 693
1480 1300
1277 348
621 424
1367 195
1587 1878
1406 1253
109 1269
241 1545
88 1481
468 1203
857 1345
963 425
1430 860
1487 280
1254 375
906 447
374 1870
524 736
1487 711
316 839
650 221
414 1398
1521 1445
119 435
1241 6
735 1910
1326 808
916 226
122 958
83 1230
1457 1513
826 1954
29 642
847 86
1922 1275
160 667
598 1884
1701 1052
427 1054
619 1208
817 1631
1198 1539
1393 1942
391 209
1103 490
1732 1303
169 646
983 527
306 1624
1562 1006
1409 1580
1590 675
705 675
1487 188
1811 410
1514 1087
575 1481
1190 1107
310 1989
1998 650
1208 928
583 1690
688 1117
1599 1293
547 104
1185 1200
601 619
1060 764
311 792
1571 1046
1083 1639
71 592
710 1179
649 1049
1466 989
573 889
544 1350
381 1230
543 363
621 729
1819 1865
1634 644
516 1199
850 1039
1385 685
625 541
1950 1232
727 1052
571 1039
1245 1979
1229 158
1878 1091
1834 137
1786 667
110 302
1321 53
1791 539
1265 286
1929 1701
1074 116
1322 1315
1734 1766
242 1805
1530 903
171 1566
1769 443
995 1321
1499 1465
236 897
1823 1784
823 1969
96 55
1249 1471
1816 614
1908 541
1624 723
1172 863
472 1532
1740 1571
1059 230
887 1066
795 1610
198 111
490 1033
1898 1204
139 1711
1306 1979
1672 1114
1835 1538
232 55
202 1595
1637 1334
1901 883
1649 944
877 1168
754 1234
159 1475
283 975
1972 618
1083 283
16 281
1912 531
997 377
1738 859
1650 923
23 1644
1934 614
666 889
429 627
930 1051
917 696
1153 1448
1980 1781
583 541
528 536
762 651
770 12
1333 340
424 65
313 1448
1102 785
964 1852
1831 1642
1263 372
1311 789
681 1800
964 1966
645 350
1378 1969
13 660
1475 1320
12 1391
1014 266
617 15
827 1064
148 1239
438 1890
1231 1846
1301 1652
70 1651
1578 1500
1052 901
128 827
795 992
1162 1650
332 713
141 742
1702 1723
254 1247
1331 1092
1086 149
1016 214
672 269
1024 1107
1131 776
875 1876
242 1058
1714 747
1585 1522
1449 199
160 1726
625 1452
1412 422
462 115
1288 632
1676 435
1220 1644
210 1325
191 1806
838 1845
1619 1087
1220 1239
168 1124
980 1811
1158 1138
1631 1200
16 99
403 221
262 884
75 1859
1539 791
19 496
1357 1436
139 1588
1634 332
1245 1186
1724 42
582 149
697 1764
1651 1906
1979 1454
1492 914
364 340
1459 1611
1456 1026
1860 1707
243 1798
977 394
572 152
917 1175
1395 940
650 971
68 1982
472 193
35 988
1788 59
1398 1622
574 1302
29 1686
1238 168
56 828
1182 1295
550 926
1477 1871
304 141
67 1579
1372 1999
1961 1695
209 797
1201 1654
649 1009
208 1821
1523 1367
226 431
1357 594
64 845
1441 1401
1984 1915
422 24
989 1687
311 309
739 1386
1049 691
761 1695
1645 1155
624 1626
1318 670
4 345
427 1024
1808 351
1949 238
1210 1999
1972 1030
621 393
536 1039
1328 961
339 899
1682 1516
1356 1620
828 1345
69 981
77 1251
1559 1234
1613 1670
1130 1310
1327 641
1464 979
750 746
1850 6
143 1382
583 1682
1681 189
1447 1823
1575 1135
715 1196
325 57
1085 1327
1032 856
1893 112
170 1741
209 200
501 487
385 152
1047 494
1806 1151
667 1824
1852 1867
158 1605
1045 1272
972 987
1982 541
1336 1708
927 1570
1049 1355
102 80
236 1730
1151 267
1325 845
1121 985
489 1313
150 1760
1143 422
636 1540
1646 516
1024 1927
936 1333
1185 683
1592 1358
1649 112
840 1967
1681 207
1323 1132
667 1969
1303 1013
1013 816
536 1731
1235 834
1351 1264
209 905
81 1779
433 1411
869 1349
931 451
1192 538
332 74
1962 1390
528 618
1955 775
1392 1742
1479 1803
1311 753
1323 855
1170 853
853 1388
868 1829
594 1717
1781 1412
1594 1425
624 374
1905 586
1574 422
646 947
835 1982
149 1560
740 1683
766 1446
1300 1353
1334 764
39 1695
321 531
1033 1161
1781 683
851 1481
1166 1830
723 1969
344 1443
509 302
1314 189
1471 1040
947 373
1289 671
1161 1968
1668 1857
1173 946
965 102
1597 772
494 1465
725 1567
1807 36
244 579
1427 1239
468 344
1658 967
312 227
1160 1682
1547 341
1193 84
1148 879
944 1688
656 1570
947 1089
792 1032
1863 1429
1430 1247
1419 415
800 1070
1121 1069
488 1423
1438 623
785 1859
847 581
1866 1522
989 610
553 1576
1143 360
1129 176
869 479
1228 812
627 848
650 1855
1045 1933
1985 1193
1669 1935
1020 1021
1422 44
1606 1619
781 130
966 432
19 1146
916 1648
1876 156
963 69
1605 1707
1974 1331
908 1172
1544 302
1214 1535
1719 1438
35 1668
1134 1734
891 1324
765 1015
1276 1779
374 860
401 1964
1695 1454
243 808
1547 1680
1661 1820
1051 1624
1740 1205
1996 1493
617 368
1501 559
1325 176
1453 5
1902 716
1914 1990
1235 1083
638 304
1008 1308
820 1813
85 1489
98 285
1129 621
1792 1955
593 1950
1993 825
1992 692
1074 1264
1604 1809
1394 1715
691 1626
660 187
332 1668
1516 1731
940 999
1928 1065
1121 1555
1422 306
340 1435
663 1829
329 259
1295 1060
228 181
301 13
610 593
1036 1732
499 1259
1751 1031
1277 1828
1164 858
914 1298
1973 762
965 653
649 948
1528 965
16 888
788 1455
1055 1644
1955 319
1011 4
1835 939
661 1852
1653 1592
1420 1501
1522 1920
1831 1259
1377 955
1269 815
1125 1911
1603 1168
1608 1485
1361 546
1989 1686
598 1169
1077 1174
1703 915
1760 98
1725 1355
177 1446
1260 1587
1648 1008
308 1804
1424 1374
1337 1099
1158 1921
847 1241
911 1485
260 1340
1521 676
1992 1907
573 884
145 744
447 1032
1915 509
1311 1309
1906 1074
853 1234
1998 1531
1249 1052
94 1144
141 744
1341 664
581 717
1327 1774
1960 1496
287 767
386 855
191 258
1550 1636
130 291
808 1903
631 1196
453 721
1467 1948
764 648
498 449
495 1276
737 1793
53 672
508 1124
510 345
677 204
748 1935
812 88
1053 786
1688 514
167 919
1847 1570
1552 104
1505 695
734 1915
67 1394
426 1944
1780 596
616 789
1949 1629
1521 1684
38 254
877 145
1619 507
1240 670
707 172
1073 160
1127 889
1413 1005
646 1736
1666 1259
1612 862
1139 1937
237 1538
528 1573
1505 988
565 1734
1228 682
954 1818
266 1835
989 1432
1005 1888
952 1693
1138 451
1357 1964
1453 1494
868 1858
1502 723
27 400
1148 1442
1047 1173
1043 765
1324 868
1188 422
1320 1360
1647 1096
878 417
960 375
1011 397
1426 1157
822 1465
1648 431
1194 1861
23 296
611 1742
1383 945
614 1703
678 1884
1509 1984
1434 1121
1133 1349
1708 994
734 1511
1424 446
1702 1574
1267 497
51 1771
833 1234
1458 681
535 80
1456 530
980 408
40 1256
1209 332
119 884
1649 503
805 1494
1114 1343
1650 377
452 394
1389 1784
887 1637
1407 1098
1221 529
986 1674
1618 260
680 394
930 1797
495 455
1081 499
856 1298
1051 1686
349 1636
1829 548
1216 1863
1892 825
1919 1533
652 836
1975 1032
315 1193
754 409
556 245
1089 1787
1742 1359
174 143
656 1409
1151 1898
376 476
263 1349
297 598
1849 1201
1190 595
619 726
99 1224
86 34
1183 925
1027 891
347 1762
1320 521
1847 868
37 607
1596 875
177 1017
13 152
349 719
450 113
219 970
1103 334
75 356
1260 325
978 845
1062 1081
1106 1462
1 701
1433 1292
1469 697
644 951
1057 943
1838 1973
35 1327
326 1756
1253 14
904 550
1481 1365
1624 1900
1317 449
1451 105
1845 1648
1686 930
687 1076
804 173
447 1295
1117 1436
991 1889
933 1758
1538 776
1198 1235
58 826
71 1317
1607 56
1295 626
717 1301
1616 892
144 1877
519 1045
610 267
1940 1382
1111 1033
1452 301
406 218
296 1307
1621 1826
107 1868
252 1908
1776 1642
1342 370
1071 1781
1606 26
1777 1160
215 1141
1285 1005
105 1193
1080 879
373 296
928 1897
603 349
120 1949
1431 121
1767 1263
832 1529
1115 979
1187 333
337 1006
1555 1242
1761 737
1544 122
1945 292
1495 600
1649 162
1665 1677
1081 523
1436 426
655 1419
732 1851
1070 1483
1387 1526
509 824
541 833
1189 646
360 401
664 483
1311 127
1364 1361
304 94
1755 563
922 1065
1170 1149
1895 522
1372 487
663 1883
1771 1058
1636 149
69 714
472 789
43 1224
1755 2000
1100 657
1055 815
708 1039
321 1661
775 1141
1762 1800
1559 1551
1245 414
547 1763
1126 869
977 775
755 1616
1179 790
1308 558
1461 1817
77 1737
734 1843
1336 694
1346 1277
1345 376
456 135
175 1567
442 1512
204 1605
1365 1100
779 12
401 907
1707 751
1710 1728
1780 958
894 736
394 1790
1 73
379 1368
1582 657
380 818
1554 1217
356 876
1107 686
641 504
35 431
1082 112
60 765
1439 1278
64 1832
1544 1147
1088 1578
1733 741
1283 1100
1161 1103
551 1071
1001 154
167 1708
1586 628
1001 1219
1565 1814
1412 1007
1352 378
334 1871
1146 795
1754 813
1174 63
400 25
103 208
1338 376
1089 189
1572 193
229 856
1636 847
1527 490
1335 1499
1040 1382
1842 1471
1032 43
1770 898
1627 698
1369 1367
795 1967
1091 590
1903 78
1369 702
1508 908
1127 1700
1473 406
1081 1559
990 1173
1119 1457
503 1212
25 1366
227 891
135 1612
1861 503
338 1382
1211 222
1101 878
505 1391
464 1252
292 355
843 622
1989 62
1807 691
717 682
531 1086
790 696
1016 1512
1525 769
10 481
252 1656
73 280
862 1125
1055 933
1421 1353
1662 872
21 505
1434 100
46
266 1253 1941 1337 1430 743 398 444 140 941 1814 1597 810 582 1681 1776 1370 1546 426 1036 1552 104 956 628 191 558 772 1625 1416 430 805 4 271 1116 1221 188 829 1394 614 365 1726 1767 1099 1754 1964 817
