2000 10000
747 1637
1931 522
1701 815
1009 421
1218 9
928 444
1470 1745
783 606
996 200
1549 1406
1 1968
1992 697
732 1210
728 601
752 333
1225 1217
254 1747
1094 536
1744 525
1523 1335
159 949
741 1217
552 801
1701 695
1470 533
125 37
1394 1952
680 1695
405 836
675 1175
1167 1468
1323 1605
402 1959
1367 54
625 279
1844 514
299 1371
1457 1129
128 327
546 1071
439 768
1300 1670
1151 1566
1057 1198
826 891
543 1348
1431 758
1952 1854
584 239
1170 294
1348 1424
1164 301
273 1351
1489 1658
666 1521
1318 1744
1184 1468
1181 1809
1938 1346
749 1546
1714 1155
119 578
1424 845
818 1875
1283 776
646 1187
488 1029
205 578
1350 1163
1467 1261
1129 1840
748 1798
1189 649
1264 1134
684 1073
4 1302
504 112
1184 876
1281 1368
1623 692
517 1841
249 1963
936 23
15 1084
1285 1453
915 1236
1604 1531
1865 1546
1440 1836
513 526
920 752
1733 963
547 555
432 1552
17 1206
1101 742
1717 1402
1016 1115
1522 1584
775 1587
816 446
1068 1787
1898 941
635 1259
934 1289
1182 968
390 813
58 1716
113 148
149 1806
916 354
1726 1986
1779 141
1875 964
1608 1774
1853 843
302 1779
924 1191
38 1900
1045 1596
273 852
1665 1136
1977 1694
1319 45
350 1584
803 262
1776 827
206 167
1825 1555
218 1364
343 145
533 392
591 84
1828 92
1718 1594
944 1215
192 649
952 1345
499 323
44 672
1003 706
139 905
411 1388
137 1991
887 259
957 1598
1777 1417
482 1614
1375 375
1773 1530
4 1618
436 1228
606 410
824 1484
1177 1842
398 653
1408 12
909 168
1437 1416
514 942
748 1249
537 600
1342 1083
855 1489
249 1771
1379 494
17 143
1272 1405
1921 1421
11 9
1401 454
1234 241
1672 314
1084 802
559 239
1397 880
936 635
319 1303
1466 96
44 577
1181 817
288 832
1521 421
119 1527
71 824
1503 692
1856 1941
201 232
1106 1395
1749 324
913 1858
1816 1672
278 35
1539 326
333 113
95 1372
1572 479
1009 1820
481 750
1464 1018
1284 585
803 1994
1011 142
751 1877
817 430
1141 1731
1155 947
367 1877
1824 610
568 348
919 660
1738 885
1086 1802
1238 293
1091 431
511 1825
1997 960
1046 883
1691 1868
525 461
92 1180
1133 422
711 739
895 855
76 740
1381 1605
278 1109
1514 1981
1476 233
291 1831
768 1221
154 1801
1154 655
317 657
1050 1206
1665 40
344 1297
771 545
1993 235
578 36
721 908
1934 1394
928 595
357 137
1249 535
178 52
595 1872
1730 1193
713 946
641 105
1122 769
385 134
1812 827
1014 777
338 646
1031 1145
557 812
1179 805
1434 88
1660 928
1352 766
604 1929
489 394
329 105
1562 1188
12 224
1922 1594
239 307
287 207
551 478
1738 234
705 1544
32 1428
437 1240
619 931
699 43
1949 68
1843 1961
1343 991
186 159
1595 1598
1705 1650
1057 934
217 1542
116 1762
714 1657
1907 1278
599 562
536 1130
1019 942
1594 1586
675 1337
1539 1500
1270 271
795 835
1435 518
586 90
1712 1072
1135 1311
1285 431
528 724
998 1836
822 596
999 1016
1746 1686
443 450
49 1177
1616 1289
1240 1531
570 260
618 1669
514 10
1266 472
1294 1043
908 32
971 1537
1241 1750
796 1798
1074 1391
1666 1574
243 364
263 1979
84 699
1969 58
1438 1369
1321 392
923 784
841 1639
1472 1047
247 298
1954 1519
239 357
860 1654
1956 518
1927 1383
1516 615
457 195
235 601
721 910
924 16
384 903
1199 1982
312 1210
640 323
1712 493
1765 1520
1080 1777
1702 520
187 1822
238 1371
1429 1140
794 1060
124 814
1466 1441
421 1243
1882 130
1441 1644
1 320
985 1805
1362 309
548 175
70 828
290 977
1228 342
1369 1563
1775 423
485 1038
207 405
677 1477
351 430
1026 648
921 1153
1199 643
1533 653
730 1837
1658 1912
1047 165
603 9
1095 1132
1915 1078
625 1251
1726 390
1580 878
1274 476
1455 443
1399 1585
1240 18
159 1642
286 1249
750 1304
290 328
307 1596
1069 1071
333 968
1324 335
1601 1864
1607 1608
1071 536
1228 889
442 208
1705 1365
525 1161
806 732
726 1198
783 820
1477 1758
1667 246
1035 1357
117 920
1785 1239
1839 670
853 456
1468 1992
278 908
162 1896
208 1373
807 928
797 1272
1742 58
1258 1609
1864 752
348 65
1818 1459
945 1241
123 828
48 691
218 711
969 1795
204 1189
1160 511
1734 313
1674 1132
1992 268
1310 11
84 1794
1466 1971
652 1850
1505 1861
1289 1360
277 1680
1501 1185
1905 459
760 794
1251 1556
1439 1493
270 1842
770 1143
794 1238
1965 1078
1106 1702
1429 862
70 387
654 1999
1020 1210
191 1239
535 1510
606 302
1701 463
1642 371
906 1820
1270 1526
1947 1840
701 591
1893 1857
1747 795
1061 1207
1997 1852
447 767
315 1702
1699 1557
1888 156
1694 456
150 1774
1516 143
1808 268
1185 1489
307 574
235 105
1685 160
564 1812
446 1751
1768 688
564 1031
1104 1167
1635 625
288 1186
1054 1425
312 1170
827 286
1389 1521
1393 826
1943 652
1436 1848
326 1659
1404 91
1200 1208
1401 146
1516 1013
827 594
438 1223
1179 578
1394 1184
89 1880
1444 978
1426 348
1142 188
695 184
903 1047
1940 1206
951 750
1104 1930
1776 1128
1060 742
957 1416
546 1061
1244 1651
1711 1479
1533 97
1415 1559
868 1754
603 121
1310 305
1027 590
919 28
69 1137
414 1567
1729 992
1165 575
976 71
304 1783
1747 1866
447 587
67 887
807 1773
258 1031
1398 634
1234 38
1382 581
257 1255
1935 1078
151 1449
1022 132
1712 328
825 1199
1746 1865
721 407
174 1937
573 92
72 512
692 453
679 882
1617 1301
545 1780
1350 912
603 1695
1773 1266
1630 97
102 763
1858 888
577 1184
1065 379
919 1918
690 1178
401 1487
1179 1758
26 628
1149 1332
363 751
637 266
1885 1783
1059 571
557 1074
1782 201
1311 891
1085 372
859 868
206 849
1083 1037
1165 1469
120 12
1118 321
328 30
1542 1023
849 663
1750 864
495 1754
1158 1895
366 1584
862 2
794 412
1287 687
1437 547
701 919
351 170
1107 1665
1553 468
1601 510
53 490
261 1817
142 749
222 869
721 989
922 440
625 483
1416 1517
482 1623
234 1006
1580 1662
1801 1516
1668 970
779 418
1497 1896
802 1187
1524 1575
998 87
1085 1384
1642 1497
469 1093
1755 32
730 256
1348 870
965 1003
1351 718
795 1675
1296 469
1475 1468
698 333
133 440
1882 689
1722 234
131 462
1509 1219
1247 368
1425 267
1673 1190
104 1960
907 229
916 1843
526 1643
1998 174
824 473
1255 592
313 1678
527 1250
246 1827
1495 1036
1465 212
1300 1357
945 1956
106 518
1982 1066
598 1041
1357 1767
624 42
1285 1996
979 360
484 928
716 1700
1642 1280
446 1232
715 948
1808 1318
152 448
49 286
498 1524
1140 1643
921 92
1556 1849
1850 730
1714 1122
1978 217
1117 717
1511 707
1147 1559
1563 1872
1734 648
671 1442
616 1465
1377 759
65 1473
1122 1538
1509 1647
1159 1825
1463 1950
915 1384
1955 565
740 1150
270 782
458 1415
370 1719
1155 1460
1314 1324
1801 1045
151 619
1989 1475
1312 249
1790 995
760 1833
982 463
850 1655
862 1154
1135 1344
11 764
435 979
1887 1293
1397 1519
344 1318
1514 1925
1262 1601
543 693
350 675
330 1080
1496 624
578 856
1205 1597
956 1134
623 1041
918 1660
311 141
28 1244
27 470
1642 1873
647 1230
1519 97
1854 663
663 643
472 148
1356 352
1536 351
1451 1472
1251 197
709 1255
1404 491
961 745
567 1510
1022 388
1572 1341
473 1122
670 1008
1007 1412
1511 69
1772 433
193 550
1816 1312
1949 1492
1425 1311
1360 632
1256 1153
330 1173
695 1722
321 1225
1675 742
779 1823
1673 1881
367 297
183 1287
1484 389
1397 1207
1119 828
1713 825
1706 1251
513 673
1191 784
1876 1797
531 365
679 1033
175 1175
645 620
1300 379
889 1035
1702 632
1311 1362
1602 1888
531 239
274 1450
495 1359
1943 1370
558 1959
1257 1675
1721 433
756 770
1909 805
196 28
1378 1703
1661 1684
315 1213
367 1477
399 438
1535 875
784 1124
641 623
749 499
1068 243
1018 1441
1295 1427
1283 652
892 1239
966 1214
1497 372
1548 96
809 866
1858 1032
615 839
1218 1402
685 604
1868 646
848 307
1465 384
1454 994
1449 1796
1618 817
1828 678
1626 1585
1950 1781
968 790
551 909
1854 1684
1741 943
985 292
1514 178
956 289
1481 366
209 1265
1216 567
1220 18
1743 1633
1750 1803
1998 1855
1108 1136
1267 434
1081 110
369 496
548 1136
1943 1863
277 967
1445 1144
1896 575
635 66
952 532
1170 1108
1033 1038
680 1193
325 1781
120 266
330 276
648 286
659 1877
1387 854
1625 1529
1716 552
789 1336
1416 81
359 1559
91 362
987 480
1432 152
600 1030
833 1508
1727 467
782 696
929 50
122 1168
1764 538
667 333
928 1066
856 975
601 624
620 1076
1606 1642
1346 1087
206 1290
1730 847
1815 797
1204 983
418 1645
1485 1767
901 223
1709 365
30 1862
1145 1251
1471 309
102 1937
593 173
1339 553
540 372
734 1254
141 1079
811 1292
451 1434
1740 927
1561 1513
1604 659
1221 684
1997 944
794 1583
467 590
1445 992
708 783
1969 1689
1482 1248
976 348
273 1911
1552 1040
256 1075
80 1325
5 415
482 347
303 1491
1957 1348
1974 1622
1995 685
1907 904
1198 655
295 1057
190 1198
849 1792
1199 229
1962 1561
208 597
507 23
1755 799
1766 1020
1843 75
512 1082
721 1747
1049 1429
868 464
629 72
1410 585
1732 804
1394 678
1653 1163
32 1042
370 1370
1972 464
134 1108
738 1462
1140 1820
1166 425
1512 1170
867 1862
1001 617
1651 958
1377 1515
90 410
382 766
1561 524
184 1302
656 1243
1730 134
1105 1930
551 1117
1153 1487
1929 1248
1926 1667
926 1704
1828 1688
1785 1223
1205 750
167 1599
936 1734
1748 1682
1747 1594
832 1233
104 45
1058 9
401 1259
1740 1804
1030 512
1662 1253
319 964
1149 1381
1642 1540
1818 1648
1763 612
1688 1212
466 1654
905 446
1767 754
341 89
748 984
1835 1766
155 494
562 1050
704 1371
1314 365
1789 333
1739 150
705 1011
1116 1170
230 6
167 880
195 1190
68 944
1893 558
1797 624
1387 1305
1534 1828
706 1531
490 764
1915 1683
19 126
819 413
1343 1746
1519 250
579 1898
1938 660
414 1665
1689 1381
1940 1645
1797 1303
635 1633
1650 523
1971 1173
96 1251
824 1131
716 1602
157 1887
598 874
1832 1614
1862 952
1896 567
917 1733
1170 1402
1506 1367
1541 1234
621 813
1941 940
651 1149
633 1910
1483 1299
419 1018
922 1562
1201 1645
708 1436
651 969
143 1719
974 510
265 1489
216 1740
1018 1509
648 401
1013 500
1239 1798
554 1613
752 512
904 18
499 1896
1239 721
551 231
1564 554
1649 1715
1063 996
1940 854
724 1157
1180 285
102 1885
1903 432
1032 1611
77 1938
1303 1187
272 1802
520 597
1334 581
356 198
527 1553
73 1275
533 307
1381 73
528 992
1189 645
258 1079
69 1107
1210 36
861 1876
67 446
718 1894
423 845
1322 1937
816 1823
892 551
295 256
506 1219
1817 1938
95 1489
1403 413
629 1231
1964 1898
101 925
1679 556
844 1184
1939 1598
82 1863
1434 1093
1118 507
603 539
12 403
225 1017
995 381
1105 1356
1465 655
1035 405
1728 983
1689 600
1220 1530
1361 400
1091 46
1391 783
163 784
1626 1240
189 1227
1479 760
1793 69
1853 838
336 586
1829 512
1526 1581
1889 1670
1752 346
1041 980
417 1385
13 1773
1543 1369
1320 787
1345 1209
1631 1444
672 1202
64 951
1073 107
185 403
912 95
840 1675
671 864
1408 142
911 747
1254 1887
262 355
1712 1951
575 763
441 578
232 294
158 1875
423 1328
400 1374
297 970
1465 317
946 61
1491 1994
168 1227
1263 1538
1938 395
944 1851
1612 1605
1878 694
578 1832
129 584
1273 298
179 1612
1799 1937
601 910
1683 1585
1289 458
689 912
1580 1939
382 1657
188 1026
869 467
128 1704
85 658
1520 942
436 1550
1040 926
256 1092
758 1278
69 1404
1002 1564
540 931
1813 991
1762 1386
808 713
1382 299
12 1101
1254 185
1033 1827
1139 803
1858 794
1512 1231
1128 1447
1219 725
375 1862
347 193
93 80
518 1323
828 1565
1630 1171
27 625
953 1841
1071 1593
1167 911
1236 315
633 406
1947 1725
759 1780
720 516
983 811
1050 1721
885 1784
1174 582
1816 1198
1734 1615
1790 970
1140 490
634 1042
412 890
1911 563
214 1639
828 1751
321 1103
20 794
98 260
146 1153
903 1702
606 1407
60 331
384 605
1293 761
1918 854
488 1674
767 196
1796 258
1708 126
929 1979
757 1173
1407 587
1406 1324
1875 1195
1333 843
1556 461
1241 1977
1900 1156
780 1167
1694 1720
1612 1275
1566 301
341 447
210 435
753 1082
1458 1355
1165 1533
1413 1254
1539 1181
1765 1056
983 1322
987 723
1093 342
443 1782
1500 659
901 673
35 1504
102 965
1632 1942
1337 835
972 667
167 548
90 177
1532 144
184 208
1282 65
537 1861
1880 1163
577 425
1441 1570
1067 1852
1208 487
1957 26
824 564
827 153
1471 389
151 1694
386 969
1233 627
143 1985
234 53
1347 914
1111 1496
425 1697
1073 1933
1145 1257
720 568
1242 1099
1361 13
1123 1279
287 746
555 865
1556 1286
1304 556
1125 479
208 822
180 201
468 397
1714 1914
113 896
1395 361
1338 1452
1473 1519
511 1518
347 492
516 674
1602 1605
903 128
345 679
684 565
1383 1598
286 1402
683 1526
1598 456
1442 846
1736 1166
851 1886
1615 1187
1608 424
16 1917
1803 1128
1382 308
1612 1055
1208 647
13 1776
1179 767
1698 1446
1175 213
1177 749
1584 528
1894 702
1601 1516
528 647
1539 207
986 1772
660 1936
836 1998
1515 1852
774 907
98 492
1004 163
1575 1827
1021 1382
990 1086
1275 676
1192 645
1332 1908
828 1160
1851 1601
1211 1345
1495 160
215 1717
1676 1189
658 1712
1504 1356
719 874
1143 181
851 912
1697 1663
1121 1074
1359 236
1042 1712
31 1341
758 502
1074 298
614 370
1462 1949
165 508
630 1287
200 1506
1222 15
1324 762
1039 286
1254 1665
755 1118
326 1653
245 1415
1726 115
1852 1947
503 1433
978 390
885 929
1520 1069
1917 1113
892 1836
685 1405
1547 1298
913 524
1325 75
1290 1994
402 1836
246 856
260 1090
1017 1389
1888 464
837 1551
1907 70
1213 860
563 1902
973 1998
1293 1122
52 1512
1738 672
1338 410
1645 1756
874 255
752 342
1859 1347
1124 1413
1315 1668
168 1888
117 995
633 280
1438 1924
328 1460
1217 1562
1070 1153
478 1975
1175 386
551 1189
1299 1916
107 702
919 964
1291 516
151 433
877 878
1805 904
1570 519
1399 164
560 1243
111 1384
375 1743
224 1921
242 259
654 180
1921 1056
1832 1743
67 1915
1777 170
1708 1257
1861 583
120 311
1122 1610
891 225
1644 749
1790 26
1970 1209
1381 388
1272 1026
1363 1919
826 1979
1156 517
1953 1152
152 581
1674 214
1041 1890
1381 1124
1752 1873
1185 1265
1432 2
1021 1285
1716 1272
464 321
884 417
36 1766
481 826
1537 1488
35 556
750 77
1062 306
1731 1020
1983 1355
29 1284
1918 349
1062 333
90 758
1302 1861
1301 485
1348 491
865 1962
1177 1269
939 1494
1285 1525
115 1347
1002 840
1540 1548
38 1696
1469 1490
1294 151
46 1042
918 1345
1731 995
193 504
1824 905
791 1536
1490 1717
215 1742
681 1747
531 148
1266 1627
1674 297
1011 1774
195 28
51 1006
929 1872
133 606
933 926
1222 1956
500 1165
450 937
1982 1326
1309 624
488 1262
1353 490
333 1411
1761 1215
946 1751
1613 711
448 1229
1503 1672
244 535
1747 669
1267 534
1215 893
778 276
930 871
730 1915
1025 674
1580 1559
1662 196
557 713
1712 1789
1710 634
472 506
1729 55
691 737
844 1370
712 910
1106 13
1376 1719
1900 1301
761 741
809 1015
1055 1687
1848 1698
533 751
91 192
847 589
1450 1330
134 1704
489 54
1329 301
1231 1515
59 76
1390 1828
838 1462
56 1546
949 944
176 589
1790 200
1820 240
1879 1729
323 1516
1036 603
1908 1425
1390 1222
1714 1221
1318 1021
318 416
1215 494
1110 739
1163 97
633 315
253 1488
151 943
1020 1818
1330 880
1197 1504
944 1945
940 1298
892 180
1630 645
1732 996
1459 731
1431 1700
1519 435
213 1064
16 413
83 314
1361 1034
716 1676
1412 522
1779 178
108 1833
52 1197
1680 1755
1320 682
1920 1191
1705 300
1477 1941
541 1676
768 694
1488 1871
1101 409
118 1170
1831 1786
590 1496
671 628
172 606
691 1382
160 5
1723 476
339 442
309 152
625 1533
569 1896
729 1998
563 1575
1101 676
1111 1075
1806 406
474 897
1397 1646
310 1742
1687 1361
298 1431
424 1541
1287 898
287 345
1611 1288
525 1792
269 1066
1847 592
545 662
653 1407
676 897
1540 1659
1749 847
653 879
696 560
1544 1222
1549 519
498 656
1053 1541
883 249
1586 41
650 983
781 1249
807 1911
629 702
1108 375
795 634
249 1351
1332 908
1523 1340
83 701
481 595
302 1909
1519 1858
34 1174
406 250
722 910
817 762
590 996
1680 1003
126 920
408 1909
263 1765
970 838
1181 981
1520 1368
591 1114
1373 50
1589 106
654 474
1626 1162
1613 1276
1715 461
514 1528
314 308
1998 597
964 882
1860 344
1827 920
1109 675
1026 1870
782 1398
957 1460
1049 864
1378 459
972 1304
506 1925
1707 820
1732 78
854 916
1031 651
1962 897
1756 566
190 232
108 1817
1300 103
182 1316
1973 1625
644 429
391 1601
1611 782
1568 1578
194 1134
188 866
401 1142
1172 815
1392 854
542 664
1660 1805
1006 154
1395 1719
1441 640
1876 1641
968 964
1551 757
246 1433
1583 912
707 943
1206 16
1371 1859
1075 1644
80 1964
504 1953
248 877
147 122
774 1932
1915 202
548 721
1311 629
46 797
467 852
1048 819
1387 756
1109 756
1224 477
1258 728
732 1861
1494 768
665 1926
639 1051
1699 1511
1792 869
33 1286
334 635
348 1236
1460 379
509 1253
1190 1878
933 1972
1782 1624
89 946
1926 1814
328 392
914 1544
279 891
949 1344
1044 1122
635 1860
648 744
405 98
1688 863
1469 1151
1699 1116
1933 153
1454 311
1243 954
1901 1940
70 588
921 646
962 1111
419 488
556 1874
581 638
1468 1655
1097 156
508 1143
2000 148
1385 1517
947 458
325 651
31 1328
594 1700
1675 1905
644 1714
1893 1135
272 554
807 318
1677 1220
1052 929
1864 1089
1396 576
828 1729
280 1467
1516 1561
1967 1417
421 1560
1814 1593
1423 57
953 355
1606 1995
443 1952
466 1646
1684 582
658 1572
1570 1883
476 478
281 1458
1969 1346
741 107
534 1854
116 1949
1163 517
498 1380
1298 700
519 161
303 401
265 437
639 218
29 1762
1816 1252
1263 30
495 667
266 354
167 1924
1213 1894
656 1962
175 1973
832 1556
611 971
503 1463
1371 1963
194 619
1363 671
1043 552
812 847
784 328
206 31
652 312
1485 90
1977 828
720 792
1013 866
297 1181
922 236
932 596
730 1095
851 207
693 1437
150 31
1464 1764
1157 490
691 1662
1580 771
1671 193
1277 1993
1474 915
276 592
92 1550
1463 247
1187 503
1942 1303
1959 1511
465 772
1300 36
888 451
938 986
1109 1176
89 1531
204 1552
1189 1917
1799 1370
1120 1883
1640 1278
817 1020
352 1309
1537 534
888 750
1065 898
984 378
1913 572
908 670
541 217
1550 412
1584 406
1141 501
317 1537
967 1681
568 952
1623 278
1135 30
1435 1471
1285 736
82 1442
1817 1829
999 1584
558 339
1456 1944
1508 834
642 1203
1834 10
837 1416
1570 712
1496 613
1663 1922
1289 692
254 960
1624 1137
637 512
798 505
353 498
1027 1832
1319 993
633 1223
1939 315
1554 1115
1114 1673
571 269
1854 1138
440 1302
1443 1743
1830 1102
257 539
1449 15
1306 124
108 1001
553 1927
1269 1808
1931 1530
896 1859
519 1969
697 1234
445 920
204 316
1827 953
353 425
619 1402
1512 521
883 600
523 374
1419 525
636 291
1991 1821
482 227
1631 970
1517 923
444 1932
353 603
1562 1047
1842 1668
1892 1109
1335 803
829 357
838 1016
1313 601
504 74
43 1551
526 1261
366 223
193 684
809 724
1437 437
1001 71
450 941
366 606
1549 1266
1465 56
336 804
574 121
218 900
1372 749
1470 529
1165 283
1127 1451
588 377
782 1963
1915 876
1430 1037
1768 1565
1969 1023
1019 802
960 1327
1356 1462
556 1408
1641 602
535 1766
269 48
1480 199
527 287
1399 942
1274 1604
529 1100
381 507
1250 95
863 546
283 172
839 1747
100 333
1961 739
626 1113
606 1953
1891 875
277 1718
1539 1499
919 61
1307 175
144 937
1938 673
1190 35
594 1377
1490 1493
1327 1505
973 1953
576 1932
300 494
329 1196
374 962
1908 1497
692 170
161 1518
1605 1562
205 1957
1967 238
734 985
1773 1808
1391 1569
1046 926
1030 1243
20 631
210 246
1165 1121
292 796
1039 567
1347 1107
913 1254
298 1024
9 1792
753 691
865 1906
167 406
1573 945
1549 1105
570 468
767 860
1119 1766
520 354
1643 304
700 1328
923 907
652 1770
350 143
365 1307
1829 890
60 1420
40 812
1312 1119
1741 695
904 1539
218 1433
371 1354
176 621
1374 1762
571 1997
1866 1907
60 520
344 1625
541 545
1361 464
1336 943
563 1927
609 100
1484 848
954 606
1137 809
1777 814
124 1718
1855 874
1582 1109
1344 295
1163 1875
1687 1779
1623 632
1874 978
497 1935
565 986
119 1352
1734 1058
1948 1302
721 1095
26 57
1503 1849
1341 84
30 540
1654 1256
1908 172
1177 1665
1231 802
1102 474
80 1969
1526 1594
1562 747
1966 1076
1521 691
493 1736
1028 387
1318 652
179 585
1849 522
1730 984
975 273
1769 1949
1970 1004
1543 571
1543 495
978 471
1114 1843
1029 302
784 1308
1147 279
436 572
1605 7
1138 691
1913 1693
1492 1739
775 582
757 448
1881 1507
1721 1809
1014 592
211 1584
829 1716
577 1701
1947 474
1864 964
1990 344
1203 555
136 40
899 113
310 1189
1762 281
967 441
1303 1965
512 686
1522 183
738 301
989 1629
62 1361
304 865
1639 1990
530 1328
1033 446
746 1559
1405 1041
1165 637
1791 1993
751 482
856 1417
37 26
113 1398
546 519
1955 1622
118 591
1965 211
801 434
869 802
178 1840
1680 802
416 1719
224 263
1297 803
1791 214
935 1594
394 1344
460 1560
206 1449
1836 695
765 678
1984 983
1046 1310
730 10
1869 1018
891 671
468 38
168 1934
47 653
39 264
368 1540
921 1969
669 1646
1602 763
1648 1789
33 1032
393 250
328 1114
1220 659
1010 712
1947 86
665 1408
1749 698
974 1123
990 1205
1114 724
1308 821
1869 405
1376 708
5 122
578 984
660 1248
1961 677
1297 159
847 401
1662 1006
509 1419
1409 1638
1041 1922
156 95
540 1633
475 357
1942 350
1578 243
502 854
362 1909
386 299
711 840
584 1330
1532 740
1062 670
402 1259
1398 189
713 109
518 803
916 1145
729 517
341 1998
604 259
1874 1323
1534 1276
507 1218
475 1698
1316 986
470 1676
528 856
603 1330
1294 930
1590 530
281 1470
1056 298
113 292
248 1655
1152 1846
1194 1877
1155 1108
1699 1029
1174 892
1391 1742
154 604
160 1764
239 1425
1736 699
1580 156
961 1451
1820 1808
1158 1605
135 726
241 225
799 725
563 1254
998 684
1225 1471
1051 1238
1937 553
40 657
1079 801
254 1696
1894 1122
1936 1480
1182 1258
1895 1016
1591 1523
1799 146
757 1534
98 660
242 1289
1015 1439
172 861
422 69
1827 1309
974 1674
1578 1087
1173 69
1236 1584
329 1811
1451 290
220 1193
1904 1054
954 765
114 1235
382 1057
1123 1365
147 760
850 294
1886 631
521 1574
1780 849
842 1331
350 125
124 936
779 492
1362 735
1418 319
359 89
1500 1574
1053 40
241 316
1933 1778
74 310
470 120
697 1117
1638 428
1730 973
1951 1077
1392 1593
1361 500
11 805
76 1303
321 1384
1996 1642
1766 1825
1707 898
121 1339
429 1546
1556 1144
161 826
800 1838
1605 1515
346 991
829 1934
1499 1878
1942 1767
854 1907
205 187
1484 1670
1601 593
1415 84
1349 60
1232 1370
864 1272
1659 1919
1088 1192
1199 935
1233 1222
1292 888
148 86
78 1362
749 1953
94 1250
460 543
1735 1287
1352 1488
1827 1363
512 917
1919 1446
1674 1906
304 668
478 792
1015 1956
1694 808
592 1000
1995 707
455 346
563 1176
1005 1111
647 76
1149 319
1807 1335
48 374
115 206
1662 386
956 923
1501 790
1638 1384
1909 587
4 1278
29 1840
1163 1110
1729 801
1042 757
1775 1590
1467 1538
1160 1416
1376 1240
1667 999
1315 1008
976 1534
1971 750
91 1885
1201 988
1809 1228
1915 715
165 1126
1090 1889
1249 1376
484 1478
612 58
1160 620
559 1788
377 167
1677 1471
1043 1219
32 1048
210 165
1839 1100
474 722
1621 725
1743 1028
1801 666
1564 52
1950 589
595 222
412 205
787 86
755 724
597 975
488 647
900 515
1560 375
110 1295
980 282
551 174
10 556
312 67
69 389
886 1956
631 62
1197 361
851 1757
1354 613
1790 1732
1083 324
1566 1953
1922 141
911 1329
1655 527
293 129
348 1083
676 38
798 1421
516 1584
431 457
1166 1606
438 1936
275 302
1582 903
1344 424
1772 246
1112 1774
1888 1191
1586 538
1881 489
1347 205
401 643
553 1878
1883 683
105 673
1005 1673
368 1327
943 645
632 1485
924 1805
1145 769
1897 1690
1522 681
987 588
906 638
1003 1756
1201 1233
1170 971
1664 1540
86 1998
18 955
1131 1572
1522 1367
1500 86
1482 895
1400 347
1395 1235
1667 879
756 758
406 1848
369 1688
1308 149
1863 1041
1593 1920
1459 1695
1242 811
479 724
1747 244
1750 1097
1904 831
1283 1674
1006 1145
354 1509
1392 13
1033 487
176 686
660 848
1394 1050
1666 805
816 1558
1733 1801
92 1204
1473 20
1599 169
216 1846
28 286
1565 494
1825 1499
836 454
1192 1477
1270 305
1241 1703
1468 1199
1612 779
17 1184
1809 1526
1162 1620
1681 898
152 610
1 622
28 1316
1498 420
668 983
1868 782
851 619
23 301
1601 394
728 577
559 855
926 697
250 692
1031 1249
1005 1536
526 1433
1910 937
1449 1147
50 1582
381 1733
1108 667
745 1774
1304 588
201 82
696 497
156 1659
1231 301
1343 1111
1885 1321
1499 1616
1981 847
1855 589
330 630
1709 1747
1118 1196
178 1240
1071 288
634 1546
1012 680
908 30
524 689
1459 835
825 1954
1831 794
133 1925
1925 1070
305 291
1583 1459
1828 1880
289 64
1360 636
796 1496
528 1919
425 1790
1838 457
1687 1339
1381 786
393 1817
650 1231
344 927
1379 400
543 1275
156 1875
879 1695
583 216
969 868
488 1807
1530 675
900 1966
1679 1364
339 1253
1506 1652
1369 2000
369 1195
611 354
482 1953
1437 171
825 1611
120 214
1873 91
1528 101
1354 1111
421 1098
1641 1572
405 1903
346 556
485 1186
287 89
963 541
1696 1398
1803 1244
1269 1240
208 916
1923 630
60 1586
616 373
1813 663
934 85
713 1242
820 1361
1862 1144
1530 1710
1969 1263
874 1070
1515 1458
1913 542
442 1048
372 1758
1491 233
274 1756
1939 1763
157 2
1938 403
5 1629
1361 919
1726 550
1437 1222
956 1051
1163 1070
544 1946
1227 1236
1871 1209
1969 938
1689 846
1788 59
1686 120
720 1317
312 1020
1637 33
1593 1376
960 4
91 1029
1383 2
556 348
1512 743
304 951
32 1593
718 463
1212 1585
370 488
794 396
454 522
970 1896
319 1040
1788 896
21 1892
1476 1006
1360 366
1178 820
1927 667
309 523
1415 463
1702 717
1183 857
209 1175
1706 352
577 1868
313 1949
606 904
1290 1419
1054 1293
1685 776
1080 851
313 1944
478 1610
799 1544
1903 262
804 635
6 623
1571 538
1971 1069
953 1259
773 440
1921 858
1470 934
1438 545
142 1431
610 201
477 1781
1386 642
1388 1490
1230 1284
1619 619
1685 135
931 1657
1214 1666
1807 1667
1392 1081
1148 1758
1960 1914
662 1801
1414 571
680 1923
1979 1909
1553 589
1523 1594
553 586
1643 895
714 1780
1904 418
1627 1231
1465 1925
148 540
637 1330
1005 954
1195 809
1504 698
1531 1315
1843 1864
1560 1336
1598 1859
723 232
176 482
939 1575
160 375
1909 997
1734 143
157 326
870 347
1768 1593
1775 1716
1902 1980
1770 1056
1273 1127
1062 551
541 202
1825 1995
369 1432
1703 1577
865 1496
1709 1334
241 1158
169 535
1030 375
1429 1379
1059 1405
1901 693
1911 1924
1540 50
1564 1208
1592 980
1696 660
888 1912
85 109
402 389
742 1843
718 424
616 1961
1009 151
35 1655
1576 251
230 938
450 351
1529 1217
1401 1268
121 707
107 511
882 1540
1945 1845
73 1322
712 959
1421 90
1306 595
785 799
46 1754
196 1543
1651 1100
1895 1143
1409 1941
434 1317
1632 595
1820 1167
721 634
832 458
1829 1681
1505 232
1887 1526
1681 645
1642 1242
1292 1956
1774 1278
662 521
1526 1142
984 1933
1533 909
62 731
66 1684
784 1219
550 1370
862 1279
632 1185
1966 1129
569 1352
1132 28
1965 1003
271 1638
763 622
569 566
1517 755
691 1332
1469 1160
1583 1942
1452 1143
110 1320
287 1525
279 251
1486 1931
1271 167
1598 36
1798 467
640 7
1243 522
259 1538
1249 1840
1314 1668
575 1426
1931 102
276 1769
1307 1543
171 1679
591 503
105 1921
1335 161
1152 1473
289 1902
10 1229
869 693
47 10
1408 1712
1624 416
1383 570
1104 525
782 383
1044 1921
1978 1519
1188 366
477 989
304 775
1629 931
1078 803
323 1750
1211 1071
1702 1835
1000 697
830 237
1022 1200
427 552
1729 275
528 1642
644 792
1921 1282
722 728
59 889
1428 987
1405 1777
408 1934
14 1235
913 1812
887 1259
1298 1606
1458 890
1514 1136
1514 1345
382 277
1597 875
703 1120
1074 470
1469 1560
1382 1451
1223 890
1716 74
1619 1023
1143 1584
1735 1330
332 1878
1036 1186
1081 1073
1740 627
54 262
946 965
328 1107
119 486
1071 468
1697 71
1683 1047
39 234
1706 588
993 19
1241 1115
991 75
1120 1383
1438 900
279 1832
1608 1718
604 573
918 1308
274 1595
901 319
493 360
1695 1296
1831 1270
488 852
1786 416
854 1513
349 487
793 1314
1578 1539
1678 871
1052 518
240 1536
1128 1846
445 91
979 395
357 1020
483 1682
372 1262
572 1279
1938 806
417 1333
1097 1885
1926 1815
989 1809
1898 1201
1423 229
1342 239
321 699
124 1492
881 489
1809 1323
495 343
1418 590
1055 1225
392 1032
110 1945
1402 365
1752 1804
1880 1724
1414 1595
236 310
1237 1888
1332 779
805 367
1483 551
1592 1347
1152 913
1425 969
1542 1221
1315 1637
1933 1638
513 878
1960 500
1860 891
336 592
1204 678
1809 1147
941 1108
1177 1128
305 640
1112 503
474 1154
1116 729
537 1419
334 547
1592 1146
1563 1117
1088 1032
534 1713
1176 494
1139 1041
1204 1083
1258 1219
1050 492
920 1715
1462 1593
1821 1123
1362 858
1082 1085
1661 838
1208 187
835 319
228 1181
1923 1262
942 1769
1790 1653
391 1482
640 568
1264 1014
904 1859
1658 233
1074 161
190 269
766 1462
1436 601
495 1286
961 1576
1241 1605
783 513
1568 354
1952 654
813 1649
1327 1013
1172 727
1010 277
1137 1649
1118 1911
1070 1165
1708 1035
1027 356
1979 559
767 406
893 350
584 1823
832 671
1586 1297
1205 1776
195 1322
181 1641
79 654
924 854
1365 257
97 1480
630 66
1481 1218
1452 968
294 933
573 1210
1425 804
1848 108
764 1993
572 1739
1111 1974
1840 1660
1170 1157
1482 727
1999 40
1738 343
1703 106
922 1329
181 982
119 1724
841 1777
400 1695
1951 686
1058 1110
12 1546
1714 391
1527 743
1115 887
940 509
798 597
962 1221
283 158
845 281
91 1447
246 1712
709 1727
902 838
1286 1350
1531 398
1736 300
1113 1374
659 30
1703 343
1893 1408
1045 1489
532 703
423 896
418 240
468 488
1771 917
1789 350
283 976
1947 1302
17 1767
1132 1397
1043 1232
1232 1866
1990 1298
309 137
851 1151
1118 1319
345 1575
382 1003
1558 1296
1357 1090
424 1831
125 1259
1376 491
32 143
1791 835
1061 1523
1454 115
1015 1313
837 358
1868 805
1163 1809
54 644
929 1659
1406 490
338 1563
759 781
730 222
1096 536
1801 1906
437 300
1148 29
461 1659
392 1721
566 195
347 1783
1988 542
1792 1329
1916 1689
1607 546
1644 248
1872 232
1461 1829
658 138
26 305
1707 880
902 1450
574 266
145 716
1925 1240
1772 801
1365 928
1546 1235
414 1813
1512 575
990 1308
427 1923
747 1709
1083 1881
1934 378
1049 283
719 527
1681 209
420 1520
400 203
1731 426
240 922
1544 939
299 1019
1603 370
791 799
491 612
505 1546
1895 1646
567 1929
529 993
902 235
937 1253
523 1106
1983 1591
1371 211
964 230
435 1248
1222 1421
419 704
939 1560
1936 855
1060 129
1932 1719
1242 627
921 1651
300 878
586 649
1509 216
1536 10
311 1589
1691 1233
485 224
1404 1183
1981 1839
1170 1708
1820 1923
1699 331
176 1072
708 772
1211 1837
788 474
941 1128
1143 1199
1501 40
1221 210
831 918
1826 1272
1770 1195
915 1731
1644 16
1319 812
402 661
1261 1793
791 1939
1179 485
1990 787
3 171
1707 1429
780 1119
1354 940
574 758
469 91
727 1308
1107 375
1122 1218
1011 115
473 1917
1770 556
1801 22
1425 964
1529 174
656 1727
1440 1889
932 793
1012 1498
1832 1991
957 812
517 110
1353 701
1560 975
513 1602
50 280
1760 1321
1788 1900
695 1658
352 1805
488 514
211 617
89 972
4 483
671 1644
311 358
701 1732
1484 1130
716 6
155 1761
226 1639
565 1309
1279 1766
743 1379
535 1682
1898 226
1769 777
1900 1525
1391 1559
643 772
16 860
415 371
1159 975
1259 1181
474 950
1111 982
716 1900
1939 1957
1881 753
288 441
362 1924
1945 1237
1724 1983
115 170
1781 1088
1310 572
70 811
29 1091
1205 1166
1130 478
1424 65
785 1292
1034 973
531 388
1637 1911
1667 668
1793 616
1555 1649
7 1488
1601 125
1101 671
309 447
143 659
391 934
1399 622
1992 904
167 150
748 621
1231 1518
1863 1583
1616 1156
515 1656
754 1771
138 85
542 1860
1321 555
225 1810
170 293
763 1237
679 1537
731 1025
1979 1279
161 884
1552 551
565 1777
1237 1910
1140 1514
1614 258
1793 1875
1682 1003
1750 675
86 1232
1233 509
1381 1706
1001 350
1687 16
866 1725
941 1374
1941 261
743 1434
180 1596
1127 1217
1151 1291
493 1542
1989 1041
531 678
1104 1430
526 185
1645 603
658 28
1490 45
1447 1320
1901 1437
546 1691
919 1231
301 1564
1118 151
1897 798
761 1942
999 1481
214 574
316 1331
1370 807
210 1113
635 704
1337 1300
643 1145
1335 1854
568 388
1800 553
686 335
383 28
1087 844
700 752
1591 289
875 1327
1559 441
1047 889
1153 1268
582 484
1896 1240
1606 1829
1183 1967
1634 330
178 81
1023 1956
891 648
387 1677
1743 1066
1285 949
258 778
232 1536
56 1187
1650 773
1193 1411
429 959
1737 1361
932 677
1653 906
1326 692
531 38
1331 134
1004 1045
1481 1077
760 1600
743 1787
500 124
1231 1997
577 817
147 134
1847 1992
923 820
422 1562
454 138
172 1320
1725 985
1088 1359
147 1611
1450 1595
1323 1217
1917 988
1116 322
1344 1423
363 1487
222 163
125 815
245 345
1119 69
191 1459
1399 1845
829 1980
1058 1031
278 245
1552 136
537 1430
1056 1066
452 487
1904 398
1722 1132
673 674
1288 702
374 493
1260 486
1545 424
1235 498
1692 387
867 433
1259 1575
994 1761
827 809
1906 1140
1867 622
226 635
1396 1450
1049 1856
458 1083
1686 1081
515 606
458 474
1413 1962
1136 810
295 8
835 1437
298 1916
594 904
683 628
436 1286
1624 1947
590 1724
411 1885
74 829
771 1205
363 265
34 1387
295 1340
260 1774
544 234
1313 856
1193 1205
897 1103
817 842
1398 159
300 1631
1787 1320
1631 834
1494 1388
543 412
382 880
707 96
1904 506
989 1993
289 1296
1888 50
615 1791
561 501
1820 1376
156 233
832 1760
1670 1802
777 564
1232 740
40 184
322 114
620 202
1182 560
182 48
1825 1655
977 1236
1620 1
1582 1123
668 583
1567 1276
687 851
1489 1430
1555 351
645 1417
504 1179
741 1348
1304 1982
1080 1993
1782 450
1331 1789
716 404
1929 669
270 939
421 1875
1045 1551
1920 993
1523 739
1290 1732
1635 1195
1317 199
415 1283
1585 1716
319 1715
1039 1365
11 1866
1171 1384
315 533
904 1381
1852 1434
341 774
912 1454
128 442
1551 1576
576 260
116 1107
472 1095
381 1521
1867 1568
328 1657
1761 293
1154 805
1115 1389
1013 1725
348 204
1046 1050
1654 397
1315 317
1882 1245
1258 1210
283 1943
1304 1719
876 718
1144 938
290 1360
953 1089
1309 1099
1617 1962
1407 1364
1837 1279
155 457
494 989
1013 1112
59 1561
1459 1846
1868 119
1893 1795
453 1652
704 287
567 1529
1361 424
776 1358
415 385
1036 184
673 837
1343 343
464 1493
1725 117
1079 1483
1634 1960
1443 809
664 101
1338 1595
130 479
938 83
1438 465
1536 1306
1479 1804
1612 367
291 1139
1219 1881
1217 1590
409 365
38 1431
1966 1236
45 84
704 672
1930 1829
323 1436
219 1752
184 514
241 1747
1556 1808
1065 245
1479 808
732 364
1533 1943
682 982
1922 179
861 1068
1127 1663
1441 487
1652 1627
1850 343
1758 1878
1291 109
396 804
1948 412
41 493
1643 1928
398 430
1217 856
813 1431
68 1521
280 214
585 740
1434 703
888 1766
1239 1241
20 469
1135 1706
194 1813
708 1597
1299 57
626 891
1481 86
271 1973
1189 168
1489 1015
1193 755
1207 671
838 210
1072 960
322 979
1503 1253
1162 876
691 1936
1375 1749
1844 1924
245 1642
1726 335
1353 1832
1725 552
1290 811
921 1282
1879 361
1560 777
1915 1165
322 1560
369 492
751 522
1675 375
1603 1847
931 393
1761 1545
1870 1263
315 974
588 1401
650 1282
1982 1416
1240 1156
612 1207
1600 1418
641 1373
685 849
1870 1944
1804 638
878 122
1767 951
1161 579
1461 682
865 1837
689 1428
369 842
1020 1967
1928 390
359 1496
1993 1007
160 330
1465 689
224 25
1613 1897
23 1260
1733 1545
160 1496
825 1149
1749 1346
668 1151
343 953
395 1899
223 406
1248 1081
1662 1959
987 29
876 377
149 1216
726 1616
1777 1979
1053 1758
1377 1467
373 1715
678 918
1257 920
1916 1632
1281 46
37 937
1908 1714
356 1124
1348 1429
260 1157
1367 1476
508 10
523 632
661 1880
1952 1133
1258 836
1704 1880
1246 2
1752 110
1721 1578
1331 1065
1938 276
1349 1777
1168 1604
1013 645
1725 518
1378 1696
1527 173
145 1877
889 136
1169 356
885 1517
1668 1976
551 71
753 281
1339 326
561 482
960 743
1400 1047
678 234
1852 798
1983 778
172 1967
66 421
1899 666
205 1944
668 1179
1085 404
799 1238
1674 945
471 354
620 1343
1681 1235
1259 556
37 1435
1907 675
1101 1002
1710 1819
795 1345
1761 1509
1893 416
539 1354
30 832
120 863
1952 480
1275 35
1987 1003
1235 1086
1430 517
1213 557
476 964
1561 71
1572 1670
60 1107
1147 1174
7 1433
1814 1238
460 1011
825 1218
191 665
151 1678
673 1125
1125 1754
1565 1666
1395 1663
828 1839
973 1763
144 17
1989 141
377 1240
1846 1721
937 1939
1742 442
13 1018
159 809
678 1784
1498 771
963 769
767 1090
27 423
974 1895
432 1242
506 648
926 235
1794 29
1823 1810
1431 395
1794 606
77 1894
1886 1921
1158 1862
1479 168
173 464
1107 32
67 52
463 378
1959 1669
277 1565
1853 1597
1452 1787
1283 643
1262 1019
826 396
1124 704
845 946
256 289
1649 81
677 1886
533 747
1561 600
1251 1760
626 399
949 901
1852 476
549 1787
32 10
60 265
1648 837
448 787
1164 1865
1352 167
458 14
1773 1818
192 511
277 1796
51 666
1255 267
1381 1773
1729 337
441 185
256 1000
1704 1349
241 194
642 1643
1434 484
662 1074
585 436
457 299
1300 1518
1916 969
1423 912
144 463
80 2
1689 1287
1600 1992
725 260
455 1812
409 831
68 858
1744 1113
710 1151
1524 267
1717 489
809 197
1688 5
1568 1438
1283 653
1841 1374
767 1800
124 772
277 1839
1551 9
1169 316
808 1168
676 96
1003 1194
333 988
673 886
265 1915
1395 635
123 776
961 1011
787 113
1694 1718
755 1287
997 1588
27 1138
1469 319
831 1405
401 1488
137 1379
169 932
1781 728
1703 86
934 436
1964 457
381 671
1869 643
1549 615
1229 1717
1708 327
61 1711
956 1892
1000 993
1273 246
150 642
1519 1523
954 1673
513 974
710 671
671 1360
1975 1236
451 38
634 1519
1526 950
1256 1888
1704 1107
323 174
451 1393
69 623
685 1052
170 1009
18 1418
1637 356
1961 1115
262 305
1994 806
16 98
1259 539
436 1536
1633 1757
1767 1255
1846 1310
1089 371
37 639
151 1075
1620 1703
72 432
150 991
496 1512
30 427
254 1848
1511 1409
19 174
95 102
1602 1991
461 223
157 1702
1561 275
1281 1334
1378 834
1992 1279
777 1786
471 207
936 833
1529 1401
477 723
1079 794
1736 1971
109 1372
746 380
289 1547
673 593
1925 533
769 1951
1410 1901
597 248
690 1015
510 1719
341 543
1552 285
500 1906
876 1452
1812 1704
517 1675
397 1898
683 1228
1241 1806
672 649
612 837
21 224
1358 873
13 674
1316 185
939 1930
199 822
1246 1762
1586 337
1022 1128
749 1631
1265 534
1814 1455
247 1279
828 942
1275 1622
457 361
1722 1876
291 320
34 763
443 677
131 402
1835 1699
1613 87
418 495
1340 799
928 527
791 407
1906 256
1586 852
1679 1562
866 1670
1186 1397
1577 1259
1244 361
681 1131
1552 372
1358 1136
1130 1181
592 5
1637 728
739 652
1134 280
672 1406
502 416
1467 183
1066 1050
319 1121
1521 382
318 1641
1320 430
953 914
249 665
71 1775
1914 1120
1307 88
1096 158
1096 221
80 425
1419 1964
1840 1302
957 1688
450 1472
1941 1979
1248 889
755 1747
1916 875
97 515
1157 543
67 596
1574 1924
1121 1435
1607 1196
1788 567
1311 589
810 1062
1611 231
1409 1896
895 1077
678 1360
1660 1441
522 1865
920 1844
785 940
876 331
826 446
1854 551
1130 1523
1828 704
6 53
1736 1079
888 1651
1470 1408
834 1320
1214 723
428 1447
338 1723
1789 623
1428 1940
1919 1619
1905 1313
87 197
69 859
1344 317
1957 122
754 94
1544 1841
1448 246
51 1384
1602 1180
1997 1874
234 833
1305 45
1245 1019
1931 334
1495 947
978 181
1848 583
1837 1241
624 989
1190 1379
568 419
632 1250
796 675
1663 904
346 476
479 562
1797 286
1752 1071
1856 204
1275 588
361 1841
725 285
1412 1608
1803 1746
1946 1883
617 1753
457 863
1543 1207
592 957
136 207
1465 564
1860 23
1768 1482
186 1148
1865 1868
1577 1842
750 1714
607 127
1797 1602
478 1297
530 900
1079 793
614 553
610 200
285 1421
691 976
477 1330
1365 1252
755 1257
1771 1786
219 1230
392 223
1318 979
209 550
1401 1354
546 225
123 1831
1362 1284
677 1996
251 1972
322 1744
1007 871
1327 1105
676 1062
1246 593
1353 1471
1709 1919
51 775
1009 1632
444 552
1850 1114
133 1928
197 1843
1125 213
979 1109
748 1685
1255 1348
320 1206
1520 268
1464 1533
891 501
1141 1299
1106 1949
1237 211
645 1708
166 78
1590 196
525 669
1612 1177
890 1473
27 1353
1321 1210
405 571
933 388
1974 1078
462 338
1018 991
1622 625
1550 54
172 358
1309 440
1876 451
191 888
1359 1952
332 870
1859 1899
619 1380
1265 1189
1 1544
1711 166
1253 817
94 1748
49 2000
127 1544
1348 196
1913 628
284 585
1515 174
38 1727
349 224
1269 318
1456 1637
539 1752
641 1751
799 585
189 1490
1144 1270
587 1532
523 1746
1780 425
16 1138
794 480
1949 1302
545 1241
1578 1494
642 1130
883 321
1149 238
922 137
813 1065
414 206
1736 1430
1376 1665
1281 541
1679 1422
316 1108
184 409
1620 603
853 781
191 1215
820 9
1896 1384
1737 511
19 876
420 17
75 1722
1245 1287
136 448
1748 876
753 56
1326 787
244 959
19 971
1051 321
1217 613
1304 924
1825 885
1983 494
767 492
1352 1885
1933 64
892 651
1224 49
65 408
1541 39
2 1346
1781 1351
1854 1593
1395 1792
465 1952
1798 1645
1418 1304
1169 838
492 1148
865 1309
75 710
499 1016
252 1987
978 397
1798 1509
22 1740
1312 406
166 142
1248 1362
320 1849
327 823
1391 1014
1690 1869
1699 725
66 922
786 1879
1450 1532
1705 373
968 1847
78 1592
579 973
189 71
808 642
532 780
147 930
1412 1982
854 150
961 604
1649 1659
643 821
1980 1097
1875 1684
1162 1013
376 1725
347 1445
1068 1720
180 779
612 1392
1041 460
83 271
1682 1525
1668 730
90 1958
1324 771
1783 1327
943 256
1544 1913
1587 21
1252 839
1096 1590
445 859
1367 1753
1874 1606
1585 1211
1202 1902
1258 569
1389 1030
528 1070
266 956
869 1035
1803 961
936 404
445 1442
772 185
1981 1439
1200 1912
1151 34
728 1274
470 1491
1032 267
209 1734
985 974
1909 1935
934 1771
553 1936
572 814
1775 579
601 62
485 1216
1390 532
298 789
1920 250
864 1583
1472 16
186 1103
1114 20
1802 439
256 719
1321 728
563 1295
770 435
1551 695
493 777
1414 1694
259 2000
1684 750
225 1612
333 1112
1597 848
514 706
1180 1937
71 448
828 239
363 1461
169 1096
227 1719
1813 1401
82 1070
1850 1948
1282 750
301 348
1976 1766
542 834
1209 1253
1702 1976
1599 932
983 1593
1408 1685
1430 1327
1959 1803
895 1316
1379 1881
493 590
1785 1414
176 593
132 493
1162 716
313 757
1883 1412
1081 1411
408 1990
1521 974
1644 1698
709 334
1434 1102
1482 481
655 1861
1612 870
870 304
71 1450
576 159
1373 1299
820 1065
1389 971
912 1897
1076 329
1124 1210
363 1053
638 1752
1200 1564
217 838
1946 1161
337 793
288 1699
565 325
1774 834
1731 1460
1645 61
1274 800
206 836
938 1768
1222 1527
381 727
335 862
1884 1837
1946 1690
376 1537
1188 1492
1411 137
752 1665
1159 344
1975 1546
1972 850
168 1180
71 971
449 1211
777 1462
405 1845
1805 1390
72 1647
1265 851
1342 215
393 354
1847 126
846 1020
429 715
1946 142
1720 115
173 1580
452 681
1292 374
1071 1383
1803 1388
1632 1569
955 1864
191 1221
512 1412
1057 11
108 681
554 1100
911 46
1710 1802
1834 1039
840 1312
968 264
693 1615
1931 854
534 509
1353 59
915 873
1453 994
1718 1122
1153 320
247 1217
648 1119
122 1302
497 1254
1244 1625
548 1426
394 141
1686 1873
462 537
814 1391
1279 1255
1141 1717
763 380
1697 33
1719 871
954 1725
1942 526
1065 544
514 110
531 294
941 1697
536 1299
1648 1864
824 294
202 312
977 644
419 1507
859 1167
1970 663
252 1143
382 1052
754 1352
119 1833
1337 428
565 1608
1171 485
339 1662
479 1845
134 1174
396 1766
1306 1280
791 1231
1113 909
280 1879
1395 1691
1835 59
1253 86
647 232
899 797
208 484
232 1823
893 81
651 1190
951 743
1440 845
351 545
552 413
500 1068
1429 610
596 1895
1031 1678
1115 1232
159 1121
471 1350
165 150
638 951
418 555
191 742
1301 1566
1609 702
414 1135
1724 1881
1117 1483
1266 513
1772 1961
1084 1560
1118 1981
1835 728
1502 366
522 1404
806 40
56 690
1592 1144
716 1221
1908 1241
1093 976
377 1317
503 54
443 506
1419 208
1855 722
1037 1941
331 809
215 1268
1659 577
1162 523
253 1627
1106 1157
500 252
1244 733
1381 279
197 1291
237 1231
437 1575
656 1609
719 1180
81 1360
1685 96
1201 1845
1305 1618
1120 1574
1384 1114
1536 304
959 1790
569 781
562 20
1084 1223
1971 1886
490 69
360 106
1381 288
1227 906
963 1135
185 1351
1660 671
1532 1844
1055 1674
130 1302
1143 1869
1315 261
902 1063
1048 92
1439 1478
169 1908
624 1538
889 841
10 570
833 801
1409 1125
591 405
812 560
1873 230
1878 1376
524 809
270 1207
1027 1295
103 183
887 375
1072 508
1933 217
69 418
788 1406
1074 1772
1099 950
527 263
1005 478
655 1011
179 1509
854 5
1815 1031
1218 1728
1039 102
47 1800
1625 824
847 593
1027 1973
1903 1893
277 1809
75 1483
1067 1828
1277 531
1492 1904
894 1345
605 1400
933 186
668 1406
1745 810
577 1726
671 739
1469 33
1987 1756
1223 902
456 1651
1837 302
1718 498
148 853
1436 57
1301 904
1263 995
322 1762
1162 705
1762 866
1546 503
530 270
1961 374
829 1568
1362 1238
584 445
158 1310
1721 1122
1369 1802
1439 1599
1602 1177
800 1856
1528 51
911 894
1288 1567
994 1149
1708 981
1102 314
1587 235
1024 452
1793 1515
1071 80
608 88
229 1887
1887 1324
1409 1047
1780 464
559 390
1885 1704
669 92
35 1934
1544 1698
951 748
1140 241
876 1716
1539 159
19 871
960 1810
1349 2
949 1193
208 1638
1600 1221
1506 999
693 1133
1596 639
944 43
361 597
1029 193
1041 1554
169 172
630 983
1339 1457
553 1080
1548 1568
1264 1223
197 1923
272 943
869 1847
505 813
206 243
1363 725
1467 1884
773 704
1660 1816
1625 919
854 636
1058 1958
1310 1229
1117 1092
825 391
1880 1354
1325 403
621 1436
1446 223
38 1648
951 1061
1591 269
1305 781
266 977
1594 1498
401 1616
267 1840
1778 542
1024 255
1990 1641
950 371
1272 186
1369 699
551 38
1518 474
1846 278
63 1985
237 1218
416 45
714 328
1871 708
1110 230
1633 1584
1030 384
35 1680
524 530
1247 1610
182 1500
970 1393
1244 168
1148 845
299 1300
1059 1944
528 1218
351 1954
1476 1932
493 362
96 332
530 437
1390 1291
1812 82
1715 1259
1667 169
1282 720
1506 925
341 1431
717 1237
1753 1790
1298 668
252 1215
1029 1709
26 1481
1899 587
1456 523
1570 834
1340 1557
1186 37
1690 306
1891 1509
1251 1282
64 1908
483 1936
1975 946
701 973
1388 1153
1330 188
395 1661
580 404
334 1459
1250 1692
142 957
782 206
181 1608
1901 34
285 595
1920 1116
1848 485
1281 1920
865 457
1166 1991
719 1220
705 308
331 1315
1657 121
1286 1090
1858 910
1109 824
78 954
1030 624
289 267
244 883
224 52
1829 222
1688 1014
508 1588
1090 511
767 1249
672 178
1174 1645
907 1017
905 48
936 1107
1623 1375
1681 640
584 173
1329 391
190 1116
554 4
1565 1177
912 845
526 1057
889 1693
287 264
681 1415
1929 446
888 1577
1526 676
75 1752
1848 959
648 301
1700 1381
732 604
755 64
834 1944
1080 1611
187 1669
1886 1170
1827 386
1921 1924
964 174
1246 817
552 239
186 1891
951 387
51 1670
1067 1873
1370 527
1847 740
649 440
1845 567
1264 136
1583 1172
230 1447
1761 1420
935 1869
1934 985
1766 1389
1397 1120
1081 829
1438 1865
38 1465
216 1981
1555 64
178 13
421 1912
1250 1778
436 10
1643 1305
1404 1984
482 1291
1985 458
1669 1700
1779 1035
1041 1475
42 1375
1262 627
536 634
38 176
1286 712
192 1884
92 1602
217 965
1195 1074
1321 883
1164 1826
494 1275
1481 1172
654 1936
393 1755
458 1921
1545 1
541 586
861 1167
622 723
87 417
1384 1569
744 1529
313 1633
568 1056
1151 988
8 763
1147 450
2000 1766
1877 1016
769 775
852 1966
1782 1406
1088 17
164 1770
471 1618
207 1379
376 1293
1054 1298
1719 662
573 1831
1586 533
1716 1301
796 1557
291 837
1276 1577
132 1971
1236 1138
127 948
488 1113
95 760
1148 565
866 1478
1160 1112
909 1988
908 1742
865 98
832 464
71 833
765 593
133 577
1573 1265
1094 249
361 856
670 1990
1153 1432
426 1846
1806 1865
94 1023
497 942
1469 1132
1139 955
1827 506
1926 487
1538 1699
781 1996
1041 1873
673 325
1029 593
1188 417
1869 432
1858 210
1831 1749
377 831
1201 1886
1917 1899
1125 61
586 1611
1220 1284
1442 1157
1746 1793
1569 668
1670 749
718 1213
1219 1708
741 673
1883 852
1923 1440
1553 381
1577 1713
446 1906
1860 1038
1525 45
353 1942
290 999
1413 179
450 1580
714 657
1820 1922
1169 902
214 1811
725 303
842 492
283 1318
1722 1389
81 1007
1016 563
1167 899
1390 1766
1641 1266
1983 176
1599 864
304 1467
1959 1139
853 1655
1804 1668
1628 617
1804 896
1946 1057
1986 1312
1200 1508
313 1164
1668 1774
499 1944
1912 343
243 1002
836 831
1466 1489
1855 1208
1783 84
236 1313
301 86
1157 111
1638 1711
1149 35
1085 969
1159 1195
23 1941
1264 729
190 452
556 847
222 585
197 962
1729 1640
1728 422
261 396
664 887
1085 1031
1710 1179
1889 1367
1352 1883
431 408
1728 1729
1730 864
466 1960
1114 116
1544 1507
773 1610
1855 59
259 234
1419 491
1904 1148
1057 810
931 1887
1334 1567
387 480
1113 735
288 63
1862 385
1748 53
669 1351
704 1754
1588 1826
1052 65
737 1580
1207 1259
853 865
1368 387
1860 32
1015 1541
1777 1277
453 1736
1740 1637
1766 253
1893 1842
1751 1601
840 1888
1230 23
1913 1936
2 1549
575 1758
808 673
1653 1679
469 1543
1709 1125
1474 146
154 755
341 1406
1618 1867
1327 673
734 147
823 316
1730 1514
1238 195
1419 1484
11 93
799 1083
1905 365
170 449
947 1887
1333 851
623 1379
876 1584
1022 1524
1512 578
260 1631
1531 450
639 1016
1062 616
723 461
683 175
864 1420
1799 1705
161 616
229 1397
1624 50
1418 518
1301 176
1438 405
1521 1186
1437 1010
44 170
609 993
1392 1734
1568 137
299 319
1840 1872
1093 404
213 698
63 919
1589 1945
1801 237
478 91
1246 390
916 1059
571 718
1304 1477
1019 1007
786 201
1485 1159
726 1655
319 289
1132 764
1742 1756
1846 1171
1785 1038
1970 469
908 567
1293 1185
141 951
1905 1152
587 1183
1082 592
1870 1992
269 744
779 1156
1599 242
1139 1503
580 734
1285 682
258 1643
1064 1859
700 1487
1400 1850
1529 84
655 1653
1105 1697
62 854
1057 1191
329 132
903 90
28 621
24 1362
709 1605
115 820
857 1057
1536 647
1651 941
117 1662
862 1362
416 893
159 804
1921 1821
1294 411
184 658
1775 298
1702 1138
1567 573
585 1467
765 314
1095 212
1427 387
785 108
259 1369
696 1380
601 901
60 525
336 1179
673 1020
1928 73
1237 75
1660 365
284 622
407 625
129 722
1202 155
1689 1637
710 1079
1330 670
994 116
255 1224
1900 255
245 1898
1809 1370
1706 145
158 191
961 490
1545 1514
7 437
1547 1138
1355 1620
1290 1679
271 1893
1988 433
626 1677
1794 1840
18 476
1810 999
915 1989
564 969
1870 330
1798 1830
1070 365
1454 775
1676 991
1911 935
115 310
1141 1789
1823 1837
857 844
1073 905
935 1280
776 1335
999 448
1666 1399
1115 126
26 1183
1641 1429
761 1001
200 684
199 782
664 1854
380 1944
933 290
1254 64
500 1113
935 1460
881 1706
1782 762
766 1338
885 599
384 239
978 484
1236 374
661 1354
250 1376
1758 1040
1382 747
1680 1143
1837 169
367 1449
1764 1136
1363 1951
1191 690
845 124
1737 1531
218 168
205 858
605 676
457 1949
1691 722
1344 1488
1761 699
1706 596
854 644
1311 1320
1957 1843
987 1681
648 1880
1432 42
495 1951
1923 1858
825 1686
1579 372
1928 1798
1805 1565
1249 1887
1939 672
1265 1194
1063 468
1171 241
1203 794
1275 1332
1030 1897
302 1855
350 103
1338 572
101 296
1877 98
345 1333
192 1245
150 659
1834 1015
1294 1265
1972 1646
1636 601
1639 1375
909 1303
1032 1113
1313 12
1846 577
1042 125
511 542
1332 771
116 561
715 1636
193 138
1826 979
641 1088
820 955
195 891
484 1617
440 1391
1803 1018
563 1713
742 346
959 441
236 887
1022 853
213 1490
917 1715
680 703
662 926
1510 639
1013 555
329 1509
663 1009
55 1726
1987 648
1402 294
618 1342
1425 746
838 758
1920 951
1072 440
598 400
814 444
1716 1413
1099 266
120 781
31 833
1845 1409
636 774
77 1600
1519 783
980 1480
1447 1868
960 1478
1300 1086
1779 732
712 1346
905 219
1769 509
1300 1565
734 948
477 942
406 236
1489 146
1572 1838
821 1439
1378 958
859 1761
253 1585
796 982
662 837
1343 832
834 733
1837 1772
1226 41
375 1971
452 1869
135 1438
964 1330
932 100
1275 1158
70 170
1091 1186
990 1059
1001 1197
1308 491
1795 1165
1877 1667
46 543
1141 1296
141 360
625 1014
912 1165
124 1049
987 495
1520 1357
1990 1891
156 180
641 1535
785 1589
600 673
685 1908
61 720
1363 180
744 1186
346 954
810 890
1266 916
625 809
998 587
1664 901
174 1570
1486 1822
358 1584
1857 365
190 1924
1452 831
753 1531
1569 723
620 1284
67 90
368 1700
717 51
1708 1991
1480 1646
1502 1439
671 1075
1818 1089
542 231
1227 1906
1377 273
437 1562
1012 1391
836 268
144 1240
468 173
955 673
323 737
296 354
625 333
978 1041
1354 1001
842 561
729 58
1589 411
1660 895
128 1196
1997 950
1923 1724
956 1038
389 467
1936 1511
1248 740
1672 547
1248 1074
851 39
1805 496
1095 1323
402 139
539 854
223 1405
302 1989
439 512
1371 1090
580 630
1324 588
868 1225
1946 575
1618 1641
431 1350
478 55
1384 775
117 698
1072 1493
1742 1198
487 722
682 565
550 166
1656 1010
26 1362
1165 1734
1121 529
1998 1544
1896 440
1704 813
1659 947
1836 1190
739 870
289 1043
593 1360
1735 622
383 998
968 1257
792 1340
155 641
979 227
1423 918
1951 754
517 1037
1470 1615
1284 1300
1093 367
96 1024
531 863
729 335
310 365
819 1461
1685 191
768 557
1592 1109
276 219
1646 1297
346 653
1441 982
874 1957
610 255
1820 1445
639 1736
1843 901
903 756
184 959
1875 1478
1860 1100
235 1668
1316 820
594 314
1935 977
48 61
565 1553
1048 1968
859 1917
704 1914
1370 446
879 804
1893 1943
918 1533
458 1534
490 541
506 1575
1007 1716
1313 1655
844 1894
557 1104
217 663
1664 1277
713 1381
52 638
1638 679
1221 895
207 1448
256 282
141 1847
1020 1164
381 559
496 1952
288 131
879 1907
1262 1998
1710 408
721 1972
1660 1316
383 947
907 894
1639 71
1181 1832
872 1765
191 574
919 205
442 8
1885 645
1502 1446
660 724
217 1438
1606 1853
1371 1903
1411 1049
963 1729
1054 1023
397 115
415 868
1135 1319
38 920
1067 991
664 774
946 1851
242 478
479 206
1150 914
228 1103
1583 506
329 366
1033 1270
1683 1445
1864 512
1693 787
1863 967
867 1149
1452 1536
1968 322
181 1503
1677 1578
1999 1789
956 1390
693 922
904 842
505 1614
1756 1616
1278 1359
246 214
1778 579
748 1800
1407 1025
1339 1321
266 1249
1039 1955
1027 385
228 380
887 1564
1808 292
1539 1701
1409 1735
1509 1660
1001 1804
1666 1024
191 1599
231 32
1528 1176
884 593
1827 898
688 1923
1992 1666
912 754
1592 259
1907 60
1213 1307
1170 1856
1139 855
31 48
1542 1581
506 203
557 1359
1723 329
1596 1701
1432 1902
1799 1052
1733 276
1416 1942
1731 866
1420 1417
1620 1086
1428 1553
1508 852
1713 1524
1379 453
1207 856
1401 1309
1289 929
1398 1089
454 1443
1017 624
326 1071
445 1585
1587 1134
1493 1172
1684 587
1209 196
1464 534
537 1073
745 1537
332 1653
1035 1914
624 931
1502 1008
223 904
1530 734
94 118
819 385
62 1974
428 1757
1513 1282
820 1938
286 678
1471 383
1190 1874
491 1131
1468 1194
1857 562
107 1185
70 417
1039 1519
1790 1313
211 512
174 882
1873 508
1297 946
212 744
1701 747
563 1380
1429 340
1321 1798
68 693
1097 1817
22 1161
207 1104
552 176
1446 1135
907 7
238 112
355 982
665 723
27 698
342 773
794 744
515 82
1034 1872
1134 174
316 378
1082 899
275 39
1202 1746
843 524
146 896
991 508
782 1327
993 999
273 956
758 114
1039 238
1478 824
175 600
1713 1446
583 1836
1764 1967
863 286
1471 804
428 1542
822 582
1132 1675
1085 49
1000 708
1074 86
1771 128
1731 209
979 1886
1059 1799
1516 920
306 1885
207 646
465 459
1112 450
1747 737
1573 946
1973 1031
1298 1931
221 45
1669 1037
1310 1988
629 1882
1081 862
640 1300
1221 991
996 1188
807 716
1114 1429
452 957
245 1907
1037 1498
1179 1119
696 372
1951 1921
603 782
1200 1663
1734 55
790 381
874 1663
393 423
1855 1734
106 1188
329 1279
324 1501
1996 1035
1471 1681
1274 1837
685 1683
1086 1530
1556 1668
1578 1439
1695 673
1443 452
1969 1840
15 159
601 687
1726 455
1755 391
599 1688
1585 1471
178 615
134 1751
1094 696
823 1221
892 1813
117 1681
267 658
983 899
1760 1004
163 949
1395 801
1141 1630
1189 413
965 1814
1914 126
536 1339
1327 1020
26 1402
1299 1938
570 1459
487 1063
556 996
1619 1232
1349 1231
890 1309
64 989
1749 1263
1455 694
1907 1742
1130 673
1340 606
1757 1671
1677 1553
654 996
1690 1562
1882 1968
1423 769
1059 1165
125 1878
1057 1373
1493 205
1054 569
1341 250
571 1714
1193 346
1677 135
710 1784
43 1956
327 1597
207 1973
646 1999
1029 1097
237 1010
790 1266
1728 851
367 1354
78 474
287 519
1991 118
74 1343
1938 895
324 742
1966 1323
762 787
1269 706
1950 537
374 1331
477 569
1679 246
1220 632
427 1012
378 607
329 681
1443 914
1894 976
804 908
316 176
1878 376
915 489
1344 1931
638 1060
1550 20
1097 1370
96 1133
894 1975
345 389
534 981
1154 244
355 934
1492 1106
385 481
1241 1419
628 1429
86 1419
569 45
926 1248
1261 1570
1286 829
688 286
606 263
1022 544
1780 144
1448 1930
452 1373
1627 1174
1949 1931
1014 248
276 1046
217 816
122 1108
1467 566
1793 689
300 715
1205 116
1231 764
1696 1627
1920 1597
1485 370
901 224
968 1619
1917 1575
947 78
14 1159
1528 1265
1960 67
319 1894
1332 1875
1322 1007
185 1863
1222 1927
276 309
1003 736
120 600
799 1743
1049 373
919 1254
1305 891
1769 562
191 1720
1585 259
436 1529
1459 1075
1775 235
95 1599
1520 723
770 1898
479 985
1549 193
421 1974
1647 1851
429 1993
1818 1734
434 713
285 1085
1334 216
1512 702
1698 978
1698 57
500 997
823 960
1345 883
707 1123
1190 1476
1583 224
787 1775
553 1709
191 1746
1390 924
1539 948
308 174
1081 1509
978 287
1414 122
154 1721
392 1361
1452 642
258 636
1199 1251
1395 382
1439 695
114 1979
1189 1079
253 1022
198 457
599 10
266 1836
996 1285
1630 837
128 1927
275 851
1997 521
997 928
1137 532
750 76
1299 912
681 1106
1711 1784
1661 1887
1573 891
1718 157
428 979
695 194
1210 726
520 1256
935 408
650 781
1877 948
1204 165
1641 1174
210 55
566 121
259 929
515 751
1077 1184
1185 1786
238 420
107 142
631 697
58 2000
1584 1647
1742 1382
1798 74
604 58
257 1256
387 333
1550 287
1302 295
923 1324
1735 1340
92 1384
1791 1933
949 1231
669 461
48 907
1660 193
725 1045
1616 443
439 325
662 174
1958 1643
246 1833
1615 427
241 1665
1209 1166
958 1470
1301 506
1865 536
753 1885
188 1185
526 489
1191 206
686 1809
406 527
816 701
1156 402
462 245
1986 1634
1913 1995
1444 629
91 1708
1717 497
140 1457
135 466
389 566
919 1604
741 359
136 9
632 1172
839 1341
165 1993
1262 123
1809 1848
1991 724
1666 1736
1949 1182
569 1069
1456 66
898 332
1105 449
1316 651
1151 87
1814 1992
393 1219
121 1182
411 181
1870 659
1787 1847
854 254
1270 659
1118 1160
362 749
352 246
1400 1821
1272 522
831 515
581 1643
967 1239
77 501
330 508
1919 1076
512 539
1096 801
329 360
237 1807
1738 1562
1152 1017
1180 1617
355 33
787 576
1933 474
1370 954
1379 797
1883 1519
844 882
589 761
181 461
1750 1441
1663 1932
1389 1576
765 1140
1405 16
926 923
5 927
706 774
505 30
496 408
1247 1410
130 1977
1494 73
1903 1100
1528 190
606 1646
1253 1281
1998 545
1809 1546
223 1541
1722 654
1301 289
1280 1199
911 1718
372 1679
1527 580
1863 1816
1581 910
1061 1464
1994 674
482 670
278 1406
1453 1122
1524 258
1570 1853
1739 802
399 712
1277 1334
1225 14
792 659
70 410
917 833
963 1604
1174 1895
794 1713
1224 531
347 235
1462 90
89 1859
1401 1697
134 1987
758 618
1258 258
27 1592
333 868
383 1425
1306 1184
869 1134
1883 334
620 441
1333 443
1994 666
535 1854
1287 446
1818 1716
511 1594
630 1763
1848 309
404 1732
562 565
1421 905
515 1821
649 401
10 208
101 1410
281 1718
520 238
294 1726
48 251
1447 1038
1897 534
1298 853
1597 1208
166 1382
35 173
1679 701
71 1705
1507 281
1703 85
761 698
236 314
1790 1293
1313 279
377 279
1855 1805
1046 471
1811 366
1345 1795
1358 205
211 1492
1389 533
1624 1335
1264 1339
1421 523
177 716
665 118
379 1932
230 679
901 689
973 1559
1147 78
98 969
172 683
23 427
156 117
573 435
162 1360
971 760
1676 1151
713 1892
1821 170
1888 706
276 78
1430 1767
572 957
1501 1745
143 43
1324 243
610 63
602 943
329 894
1770 647
480 201
1406 1998
138 581
335 860
1034 1505
1382 769
1257 1233
377 1350
841 1417
128 1784
1073 1351
1395 802
42 1326
1653 1964
977 1997
1833 458
898 1534
1296 1545
981 1005
1659 1212
217 1521
1329 964
1121 1219
1750 557
240 450
1289 1034
1115 806
890 188
807 613
1311 1246
349 245
1387 1565
1739 598
1080 10
1858 1233
18 1841
1235 492
421 637
1879 1914
1790 831
1102 1774
1538 1752
1553 1842
268 1207
1955 1282
1788 397
499 1098
293 1135
1753 961
1293 482
760 1536
1652 531
1565 65
1528 1209
1926 243
421 98
1700 528
790 1093
917 863
1175 608
1692 52
1241 1410
1589 532
649 1016
1806 584
1143 1470
1678 1056
1436 1492
1949 100
824 627
695 1726
1416 293
232 920
74 171
521 821
1456 1369
1144 394
415 1155
1733 122
447 1889
498 818
104 1316
339 883
1691 348
1711 469
1637 1797
1364 1899
1866 14
1737 1978
71 100
1302 139
1367 1702
447 363
1017 1455
1190 1505
727 739
388 1230
134 1213
1117 1065
1330 88
472 372
1405 1776
835 1799
1853 1311
1110 1738
1935 991
1970 999
722 651
1651 913
43 972
331 1901
323 745
246 166
1165 862
477 1925
1957 979
1737 486
1544 1556
662 1009
805 760
1461 1038
1 1475
968 766
183 1781
1454 1561
1637 1164
138 1895
931 1608
1829 49
1525 540
1131 1020
1525 247
77 206
858 1935
149 1334
1616 228
1625 1276
1326 701
794 1579
1776 561
1875 1530
1590 1300
1259 405
1368 1654
1164 1231
863 1839
828 1902
1483 1639
1646 1934
277 579
1757 554
639 938
376 1245
678 68
919 1759
506 918
1480 1752
67 1105
1355 1010
287 1359
588 252
451 894
463 423
1392 239
1528 1901
411 17
567 108
285 540
1870 1965
1632 580
1789 43
1740 288
1940 1391
998 1023
1653 768
889 853
1964 291
468 1491
1350 1995
1379 1216
970 1802
1066 454
1691 136
1321 946
1721 971
1418 146
1761 1393
749 512
1987 1032
103 530
345 1840
724 801
939 291
601 495
510 483
1527 1502
1883 686
699 1523
1176 1912
1234 1643
1185 904
1637 436
247 1965
1184 121
327 1181
140 1674
614 751
490 1423
1033 765
1197 485
1646 1291
736 1064
1193 824
1351 627
1630 1638
2 1119
246 974
38 786
170 501
60 1835
1078 165
1553 818
94 938
540 1686
624 1295
1235 1669
25 607
1509 331
1136 1092
828 779
602 113
826 81
937 1057
1445 1056
187 269
241 12
1899 71
444 1326
170 1660
1745 952
795 148
1622 192
498 655
17 907
1305 1841
72 1901
1139 77
1125 1745
1458 735
584 1896
499 1796
1481 83
608 847
328 639
1377 104
184 957
807 565
1000 478
1287 1388
1165 29
776 1193
481 1867
856 1437
1767 988
1961 662
239 1839
818 1634
917 524
1499 969
1999 1140
88 1684
1925 1
656 1149
335 1649
402 1625
1304 444
1796 1442
960 868
1692 1239
190 383
1150 1783
1270 515
1875 1468
155 1372
367 895
1687 196
722 725
12 797
795 468
481 1568
769 1609
893 1803
1668 739
581 1969
1850 1976
966 1476
1082 656
1255 1719
1140 1677
1610 1066
851 1726
1171 1687
1504 1287
1917 737
1651 1907
1248 920
1615 1631
1148 1732
1004 1506
984 1304
1091 843
1007 1545
1121 1370
1410 1504
1864 557
1027 1317
1364 1225
927 1307
807 49
732 676
1367 501
562 1881
15 372
1725 1335
509 1757
232 1284
587 802
1727 1104
1458 958
1691 625
35 1888
1239 1747
1679 1120
1686 364
1953 474
1882 1350
1580 492
1018 747
746 227
528 481
109 524
620 1341
1393 467
943 511
1481 641
1096 923
240 1940
1729 130
1912 1866
892 422
524 159
547 1275
134 1939
314 1411
339 1395
527 1402
1118 995
978 1269
1273 1169
608 190
1205 338
830 578
297 546
1783 866
1026 1058
1754 99
557 731
788 1719
1209 987
895 13
693 350
916 146
721 1185
411 422
968 1370
151 1983
294 504
267 1987
1061 1718
1355 246
474 1231
684 1349
567 21
1031 234
694 1803
1164 493
1213 1521
483 1636
1388 223
1590 352
114 752
1176 1370
1109 1368
93 850
855 1177
195 1777
1422 466
377 743
1316 1142
414 972
188 1600
304 1188
1740 239
1699 300
1619 914
1230 838
723 1600
1453 19
1253 1041
1470 1518
1312 1778
1838 1308
1660 88
928 1971
177 975
1271 916
1242 1341
1815 316
681 813
1514 1070
634 121
1205 263
412 540
882 1389
416 1811
1883 38
269 167
807 1183
300 668
1782 691
402 478
1404 1117
1610 1113
1881 995
463 1864
327 1275
125 81
1511 1312
316 1111
1430 783
916 1518
1914 400
353 151
1146 497
402 594
1298 471
968 1882
1011 774
744 526
701 866
1885 270
1957 966
644 561
995 255
22 970
1344 1852
463 1546
1383 542
419 1831
677 908
1085 968
1119 1205
1895 1195
518 1083
358 1920
100 1217
163 710
1117 385
1457 884
1390 534
566 1269
772 601
40 969
82 1652
1574 1317
649 1916
365 429
1783 1520
473 981
1560 47
1816 1068
1831 518
314 466
778 1576
944 255
826 1867
1588 1625
248 823
1631 1294
1477 355
1383 20
1491 1790
142 1162
830 1273
1734 2000
1326 1607
471 628
617 386
1892 1136
1399 721
1437 988
996 840
1342 42
1849 965
697 1111
795 304
1113 242
956 306
1634 899
110 1916
770 328
871 106
903 297
1322 1829
624 872
527 613
1090 304
1579 584
886 711
541 1702
293 644
1647 311
1660 382
105 657
234 1379
1111 1330
1929 829
1508 845
562 1351
619 1358
667 384
1797 448
891 473
243 914
999 2
1654 1826
1620 315
1973 1984
1381 1025
714 162
243 466
115 1088
1067 45
311 1077
1015 1225
800 1397
247 1957
420 1621
1763 574
1075 206
1614 1949
459 1750
941 1068
716 557
1238 1471
764 859
598 603
1074 201
551 1894
966 922
1359 1256
1668 722
1153 1478
643 6
1231 903
1904 611
206 497
458 1936
1632 1099
1098 668
694 1670
1232 1978
1719 1855
630 1037
149 459
125 278
813 59
1909 876
885 1693
163 1230
598 1543
1066 1536
1091 989
1883 97
950 120
1168 188
568 872
1333 1477
1451 1142
1009 452
25 791
1163 1915
510 728
712 903
1429 1613
1930 969
492 520
815 1593
1293 1178
548 262
616 1437
839 162
581 1443
1498 577
703 1156
453 1506
910 1941
1983 798
1372 1387
174 1289
1182 687
1054 834
384 1873
1474 1313
1232 1127
339 1604
1102 995
782 614
1713 606
1555 1121
1182 1912
1987 902
1661 1816
895 883
876 1026
805 1339
643 304
332 1865
1373 510
943 776
1966 1224
1325 194
85 1394
25 1524
384 415
1114 474
803 1885
1905 1826
837 272
396 481
467 1605
114 1483
1861 1754
211 259
824 1974
12 69
542 1813
1600 228
1950 1348
487 755
1904 250
1775 1999
557 662
989 1367
979 163
874 1716
1559 1140
234 170
53 625
1104 521
1762 734
1808 1953
1539 641
445 402
510 524
1153 843
198 1710
126 1655
1735 1136
454 1749
762 736
1848 775
772 230
260 830
1742 1668
596 1720
1126 149
971 470
282 954
631 912
956 1232
1172 635
392 1624
1467 191
1791 808
1512 1040
271 1111
1898 929
1373 1877
1951 791
39 1635
963 1246
128 296
1726 1876
744 1785
1766 1446
915 618
1464 306
1548 1899
1699 7
482 1079
340 462
1725 356
747 1049
230 1582
623 1582
1344 1767
1421 814
847 790
1776 1389
43 695
1213 407
1396 329
476 1144
1441 269
813 61
1913 49
1582 1154
1469 1598
1245 440
1449 1098
510 1489
576 726
264 399
775 438
1646 1144
2000 1705
1290 1916
679 170
1984 223
1321 606
762 722
267 1128
104 164
613 1501
51 924
1803 985
1966 1696
1413 345
1931 1026
1692 1017
1417 1226
1493 22
1500 332
1583 275
1332 1596
81 488
1889 453
1391 872
351 787
328 1408
416 787
1648 1837
811 297
103 1702
426 434
665 634
1919 1483
353 601
38 1076
641 326
18 1005
975 344
1879 1512
1297 308
1636 1986
1305 436
1246 36
1882 769
381 301
1165 1629
1780 282
1851 1276
233 840
527 411
1972 906
1088 760
1990 1032
1542 551
1476 1013
1405 515
1954 575
625 384
701 994
96 1700
1063 212
308 609
958 1259
425 622
186 1211
384 1358
50 80
814 685
367 1906
1880 1315
1029 1062
1973 1818
896 1698
1863 1299
1932 1055
1690 1015
800 1627
996 1454
227 1787
971 698
513 1268
537 1584
895 417
1837 941
947 91
647 1131
1755 287
265 1845
1305 1963
1871 745
709 1799
343 103
1758 380
7 71
715 1702
10 989
1264 597
53 773
1003 1509
183 1631
367 1351
1050 1057
863 1099
187 723
169 848
1257 74
1326 501
150 478
1378 256
981 217
1517 741
452 193
1017 181
713 1105
1597 1596
556 1725
1810 1187
101 876
1600 1973
616 51
188 1072
508 1622
313 1212
523 1284
899 1288
363 54
818 580
1641 1559
72 952
1826 754
1093 52
453 1430
289 134
732 897
1634 468
86 620
203 1027
756 1058
1388 51
1537 1101
302 884
938 1785
1083 1531
1482 1653
101 302
1330 705
735 166
184 198
1760 1190
1888 280
416 266
1904 1101
1408 370
362 1494
788 504
383 420
1286 556
979 1516
1411 1666
880 1993
1300 1743
1171 1775
16 1294
1160 1896
1153 588
1113 328
797 1737
1361 54
1962 1761
678 519
185 421
1197 958
33 1812
761 337
1495 320
1902 918
1176 1615
1954 487
923 1866
457 1399
1374 1502
1587 1725
532 94
1333 812
512 527
1952 698
1280 702
719 450
814 276
1497 937
826 493
1568 499
436 589
508 551
1107 1393
1206 1414
1469 467
43 818
1630 807
208 409
838 239
917 1804
1786 786
283 481
1360 163
998 1124
1489 163
1662 1155
351 690
813 679
1240 1095
31 618
1670 133
1559 1483
1654 780
364 778
800 1588
1828 1580
1022 51
1008 1640
1641 1214
1120 1723
1029 721
1795 429
529 633
1448 880
166 819
399 502
971 981
1591 1449
1260 240
894 1987
58 540
1618 746
201 25
1639 98
140 1372
203 763
1489 1033
1528 1512
1161 1460
1087 1039
1212 470
1406 505
984 513
334 1169
1033 1508
1047 1339
382 1295
805 877
1424 1052
179 1521
943 979
931 730
342 1054
562 1352
1410 1288
528 810
1038 367
1303 1372
1217 1195
230 1773
1183 1519
1108 1220
584 846
1664 844
887 847
1057 620
1869 856
755 1666
1881 630
97 1339
1933 1738
4 1728
1591 1680
1808 601
599 1733
1057 567
1891 513
1878 990
1217 844
1367 498
1523 624
1815 1399
1324 985
439 958
724 744
933 1697
621 563
649 1604
959 618
346 436
78 364
1016 1072
431 1212
299 1940
86 1405
777 282
1279 801
836 110
338 453
548 1113
436 974
1944 1197
504 1559
1496 1678
147 89
1510 728
1696 512
1173 846
614 1195
1440 1712
1419 1138
394 1176
1418 1644
832 1371
1888 1605
1812 1827
312 1414
483 795
1277 399
490 691
1197 621
1007 138
1086 1813
77 100
1934 514
561 1834
1471 1298
613 633
1222 638
273 1214
867 1870
1354 382
1606 532
193 1512
1367 167
1753 1105
110 117
1109 1908
1788 563
1716 1226
1561 1591
908 1560
1680 193
362 526
1055 1145
586 1143
683 814
131 1607
144 840
631 1522
1047 1910
1908 297
1264 1766
558 486
57 574
1642 1077
704 1155
1389 1296
1545 1652
297 1475
13 91
1121 156
647 1354
293 331
566 357
1822 1687
496 444
1984 919
158 974
62 1905
1195 1139
635 1855
1845 1010
1475 1363
477 758
915 359
1493 74
1469 237
531 541
1475 722
18 402
190 1513
1145 1477
877 378
1757 125
1003 888
698 973
912 1929
332 1635
342 885
746 956
563 803
815 1418
1365 194
1854 1407
711 900
1938 205
1332 1297
1787 1828
1467 194
130 733
1262 1330
850 1117
796 1692
466 64
1165 1045
1980 1630
1293 1085
1665 1320
1688 744
1963 1078
54 670
296 911
401 800
1306 1170
1101 1138
1044 1277
1528 1250
698 399
1605 1981
1760 1580
437 1899
1511 775
1895 1656
1459 909
325 1499
1179 1321
1558 532
216 767
133 54
84 179
668 989
1762 961
1478 158
571 1102
1712 1034
651 1790
841 273
1488 282
1928 953
536 412
196 1961
244 498
1195 1913
741 510
68 509
477 1637
641 355
1800 1056
1284 1887
115 1709
1973 619
295 1888
1905 1308
1473 818
659 544
1166 628
930 742
1753 1851
38 1665
1287 779
181 1077
1255 1074
810 956
1345 164
1696 984
1231 169
1889 1703
1235 790
1620 479
1110 1433
706 1787
1357 1765
1190 1753
1611 337
749 242
1326 1602
1665 1933
1410 880
763 1703
963 1949
1510 1127
1754 1472
1579 1637
1295 470
487 1372
1291 329
1023 581
1876 11
111 1734
1777 1894
1740 1432
1100 1347
1666 171
184 1921
1787 1496
834 782
1020 223
940 1396
1337 414
1936 208
1400 509
1970 1813
1586 1611
1048 694
1050 914
222 1307
1393 1417
466 587
1157 1596
18 617
1155 1552
1764 1887
308 197
619 579
1371 446
556 733
17 1742
97 841
46 18
1988 1068
179 748
254 1549
745 1053
1797 100
146 338
1876 826
241 423
267 274
1280 255
1703 1872
1380 1409
183 90
646 1916
1615 33
1900 1951
1982 117
1349 246
694 1357
1205 1710
800 500
1418 556
1889 1590
1151 1389
111 1892
750 1845
1157 1287
42 1064
1911 583
741 1008
138 1902
1134 1168
1968 1057
561 186
257 668
248 1780
1472 774
1974 860
1937 207
1084 1241
1161 168
217 762
1526 1739
136 955
1521 746
1111 1985
1671 564
1439 1032
397 99
1353 945
837 1983
762 632
107 1084
119 36
1031 960
501 132
736 1705
1119 1288
1690 797
1175 1443
1479 868
912 1647
1707 1708
1036 904
1155 806
72 678
1737 1040
1760 1579
949 1966
1325 467
893 1719
974 1300
230 1689
1270 635
448 1943
418 1707
1303 799
257 1695
244 613
949 429
561 525
412 857
1432 1714
1101 1810
959 1572
891 1170
1581 1236
398 457
1053 1826
520 335
697 1902
1727 1872
1961 1792
1549 946
1615 997
1663 415
986 341
1043 495
1865 1714
473 1470
1293 1445
1255 1649
784 1273
1372 405
633 815
78 1086
262 776
1880 711
785 1460
580 438
1952 1228
542 1235
583 1304
964 703
743 1814
902 50
722 519
885 86
245 1154
1140 129
1512 313
1167 2000
1707 388
85 292
1462 1240
642 76
1581 1291
776 1432
784 1104
1758 827
426 949
90 108
1628 248
1197 561
1312 903
1648 1531
1906 721
324 305
1438 1827
603 1255
102 425
1415 104
1187 1410
1118 1162
557 76
715 133
938 572
941 500
849 1533
484 327
1962 1665
770 1202
39 986
1598 1292
1653 1576
112 53
222 267
190 644
1943 1265
1834 945
1520 1542
527 828
462 87
762 556
653 98
1422 166
693 378
28 532
281 1037
1439 195
1497 1739
152 1247
873 735
512 722
1140 1134
1010 1920
791 1539
1707 1838
1899 1667
1945 703
1118 1374
1785 623
350 1437
866 1310
1195 323
506 1390
593 1904
194 126
515 305
218 551
512 1893
1420 1037
631 1430
1205 819
1830 810
171 461
988 1753
1752 1568
37 232
317 1921
616 385
1339 1495
1966 1735
709 378
1653 1347
747 593
1182 91
914 899
207 722
549 1019
464 555
531 965
1454 1833
1746 1287
139 1690
360 653
1073 1321
1907 160
1907 415
781 550
1843 398
536 768
998 1865
670 1488
620 70
1539 383
1688 1059
1732 1285
1462 963
1894 483
142 833
1535 172
1327 551
1441 878
1687 1035
1313 898
1272 1840
165 345
1084 1196
1541 318
835 382
764 1464
1394 1467
1748 1176
921 900
1057 942
1159 1513
97 399
1345 1678
1488 714
1695 618
1527 468
491 376
90 65
1216 887
928 1395
827 1935
69 1331
1509 340
804 339
595 1012
1669 1929
1148 141
1558 1957
1569 861
913 1591
237 1791
1785 222
1757 792
1004 1189
351 3
857 1344
1448 79
54 434
1258 351
504 1957
1253 495
968 960
1951 327
1072 488
791 1386
1018 270
1510 1387
1030 1999
1376 295
864 1899
1803 1524
1790 336
1879 1870
1687 912
1737 493
742 292
1938 583
672 1141
279 1585
845 1910
429 873
115 1277
789 1396
1626 274
779 1908
1665 742
980 566
313 1450
650 1448
1968 1974
1682 1952
1848 615
1268 1100
23 571
1233 511
1732 124
1638 1714
789 1620
1585 249
344 1400
380 371
1942 932
499 1491
1018 1184
1033 1795
1382 558
84 932
1458 1409
1548 15
852 1974
607 49
425 498
918 954
637 1412
758 628
1503 184
3 1649
86 1361
1391 1368
1546 357
1818 502
1516 818
1814 816
1758 1755
560 391
14 932
532 410
1081 1849
1288 1468
1644 1286
1392 1340
354 550
1731 1469
1749 956
899 1455
665 1313
290 1161
1077 1546
1983 887
1200 1139
129 59
1421 64
32 1549
1401 730
1733 255
1968 1579
1405 1781
468 1529
260 1974
1802 1219
300 771
1295 1913
1853 1650
116 785
538 1619
1878 1776
1772 1852
1420 1496
1162 606
645 1837
1442 809
1177 1805
206 1178
1730 106
1052 1239
664 87
938 677
780 747
1802 1130
856 508
1118 1747
732 591
1669 1271
1040 213
647 1256
1652 1694
954 1401
311 274
1480 1841
1089 188
665 67
266 1586
492 135
369 1963
487 1229
745 1500
1605 59
461 1643
814 851
700 984
824 1831
1367 961
34 1256
116 637
1945 1911
484 1005
1617 1788
975 1305
185 96
1409 481
1554 1092
993 1766
1262 762
1115 804
626 1079
1727 663
1943 361
752 241
1243 1033
561 404
185 1160
765 467
1229 946
1266 1871
201 1276
269 1845
1626 1620
1629 1186
1539 1843
1194 837
1170 1831
1854 877
1041 358
1980 966
1354 1553
205 1941
789 414
1679 28
1643 952
1294 1901
1425 1745
314 1196
1387 162
1533 69
1146 771
1045 1921
1695 1755
438 1010
1756 1476
1911 502
599 854
46 800
1064 406
1917 1565
1226 691
1393 526
1392 1474
1026 1720
493 366
561 1825
364 1975
1980 1061
417 1908
1238 1489
890 292
1537 288
1554 743
762 1163
1579 1057
1676 1919
141 1448
1618 585
1512 1190
460 1574
433 895
1687 1803
1153 1694
932 1824
744 1339
1093 656
1733 1500
1858 1922
37 285
225 722
708 82
715 1264
1860 1147
1829 1634
203 976
1722 1668
1828 53
364 1527
124 1198
464 1410
880 1514
1549 1214
1342 757
1377 1728
1196 633
1940 1340
1630 1948
1122 620
1051 975
726 1038
1697 1636
18 798
1027 85
548 1602
405 624
534 216
1430 575
846 1878
358 918
1708 1126
1352 130
252 1639
934 1719
1606 217
1986 1870
837 1
452 1614
1669 1518
1742 1262
85 1858
1921 677
1523 1666
142 229
1075 473
1155 1384
1277 1501
1518 1791
913 464
1090 1752
1266 354
1346 1383
1270 1136
812 1006
424 966
250 275
391 288
468 1765
514 1612
1547 398
1711 785
46 1589
508 1613
901 480
1601 778
901 569
846 1602
1555 662
1783 1190
871 299
1298 123
868 1445
1131 767
581 1748
67 1115
1939 1015
766 539
816 1574
643 712
815 1955
466 1965
285 1808
1564 967
927 1195
497 333
897 795
433 1850
769 1338
1502 855
1105 516
1624 145
190 121
1730 219
1654 1886
993 468
1941 637
1396 1183
1831 837
1258 325
1967 1187
918 1075
1061 617
588 1787
1913 1166
302 505
1667 269
1885 1912
922 502
1310 1854
1280 1645
532 1975
170 1687
640 793
166 1484
13 1796
1588 1368
1651 1161
262 1484
609 862
1169 810
1597 927
1755 1685
165 1907
1899 1416
211 765
1748 1643
787 963
1727 586
1360 1435
337 565
1620 36
291 580
1361 310
844 861
802 1678
1441 1361
1951 903
1067 338
507 1881
1333 1573
746 707
1989 675
1170 1852
312 1071
1690 1747
252 1154
59 827
670 374
755 1137
552 1789
1625 1660
1456 796
22 257
924 1830
1528 1611
499 920
155 390
1353 1269
1522 11
1232 1767
275 192
715 778
1192 1712
1084 1197
995 385
452 196
1126 226
7 343
1504 81
1162 1496
1099 1912
1926 370
436 663
551 1012
1674 1947
1842 1082
1293 290
806 95
897 1041
799 1591
1667 1051
1446 108
1282 1781
44 1515
92 1388
1629 477
13 1001
762 1994
624 620
1657 1279
1933 831
434 23
312 1032
269 997
1198 1756
924 193
1342 795
1570 1823
1247 684
1450 276
1444 1387
332 1862
214 375
1241 109
1140 898
1757 1737
1167 843
1386 1956
1226 1141
337 1671
1450 1980
235 485
1565 395
1388 1470
933 197
497 181
353 884
83 1857
676 180
734 1887
1340 773
1873 1002
1418 1893
395 1577
1406 1045
1673 1946
612 787
1028 460
92 539
428 1359
238 1700
966 12
774 62
1975 416
1560 474
1750 827
1819 354
1665 259
1839 54
464 1377
207 1849
450 1747
998 955
1 258
927 1329
1865 1617
1095 25
1411 1000
1198 779
270 979
196 1285
147 690
709 793
1705 1656
1706 1448
1772 440
708 1769
121 1061
534 945
1628 1062
1834 964
295 1650
317 956
1393 1370
1650 803
84 1740
1472 155
963 680
151 898
235 1656
123 293
850 361
1243 856
1480 356
1354 1383
1139 358
334 1992
1064 1318
1099 1424
1744 1142
1773 1280
1434 384
119 653
462 1977
446 384
1486 1037
852 487
1635 53
1699 1797
435 1218
1893 929
1109 1903
920 1811
128 70
561 1033
969 1735
1693 1133
26 446
3 1135
148 510
1756 1177
1393 752
704 1665
1232 1568
1249 185
1876 705
1769 1271
106 210
683 1086
145 293
1489 601
89 1477
1010 1052
1888 1192
958 345
1575 1228
396 303
1394 1461
267 528
1710 1041
1415 244
109 100
1312 344
174 1704
1705 398
559 1311
803 183
1052 665
355 1346
1163 1803
1480 699
670 1590
1499 1367
66 1857
272 608
132 556
858 1146
1593 1580
860 1680
252 1341
1169 631
962 364
583 263
1920 1022
1089 840
1219 1412
1322 253
431 277
250 388
655 1976
986 258
1077 1157
406 353
1922 233
1347 1554
1190 1909
351 181
1743 929
258 837
359 465
1664 1131
1902 1031
209 909
1204 334
840 282
896 1047
1283 336
1156 1935
1327 1964
1918 1855
1551 96
167 1212
463 63
157 750
1720 869
914 1069
595 1525
524 1554
929 886
64 1868
1958 142
312 474
1428 1326
1005 1309
1456 64
133 179
319 201
1514 472
1869 1917
1344 690
651 1654
418 1060
919 1443
1856 383
1443 1791
801 898
1417 677
1396 434
376 1145
102 1837
1364 1540
1190 1457
1165 417
1238 251
187 1342
1999 1255
1529 331
1524 1774
1415 964
1851 1764
267 1807
1815 379
1135 1198
918 1498
1911 217
1549 1275
960 1766
49 727
1431 645
1983 186
313 1349
878 1546
1037 785
1718 820
50 1440
105 845
238 974
659 1081
322 1814
1126 1814
556 352
66 645
1440 178
1569 587
497 786
1740 911
1997 74
1759 643
1064 218
631 1987
1318 714
557 707
59 772
1645 1260
933 1792
512 137
341 302
1370 1415
892 1572
927 1426
475 1360
327 461
1921 1109
1591 1742
536 1073
8 428
1713 990
51 476
1725 1934
560 1710
1407 453
1947 566
1344 1179
895 698
1239 819
266 878
1307 119
1013 69
1515 802
2000 292
58 241
70 1994
961 362
1044 305
900 872
380 318
762 789
60 1969
1838 106
751 1186
539 1992
887 1174
1632 1769
1914 1250
1005 838
699 759
677 934
1704 1742
1826 615
1459 1750
1945 1270
772 1175
366 1267
1660 1967
957 414
1314 590
1025 1192
1101 1956
71 81
4 921
739 283
1419 770
1179 120
649 969
1565 1234
1886 1502
1393 425
1811 1623
394 542
262 1103
140 1657
683 626
110 1493
559 1930
1721 752
1100 21
1248 1854
141 42
150 813
958 1235
589 987
1926 198
493 956
84 1919
1281 1080
859 705
384 1590
702 1780
1362 749
306 1522
282 12
383 1503
428 840
1993 1126
1753 902
924 246
1636 1764
353 412
811 470
1188 703
726 907
52 1268
262 1825
1833 89
1010 1235
1694 306
428 115
943 1769
415 1273
1596 1009
1792 1474
434 1078
820 1036
1856 1457
1246 1549
149 892
1768 1230
647 1750
1830 287
318 499
1296 690
1899 1478
1499 821
1675 239
1175 898
536 1933
141 1165
650 220
513 436
884 87
1582 640
329 498
1367 1390
1118 1322
1181 519
191 118
1822 1887
1479 1138
1514 1414
637 662
1937 1940
673 1708
1052 1693
1604 109
1767 1981
1311 802
1634 851
692 971
1667 427
217 1399
332 1222
1359 572
511 1186
921 1819
1978 1572
1769 998
508 590
57 1947
1941 614
432 1385
583 173
3 1022
1689 346
1838 1948
765 1790
499 1913
570 1177
257 1984
8 1454
718 1480
294 541
1618 1278
1892 1848
1864 398
70 1844
412 410
1139 1406
1026 1252
1234 763
915 395
1911 312
560 1268
1734 1901
1193 912
951 1618
230 1560
455 164
774 530
736 749
176 1246
1639 1437
565 1719
1087 121
51 1051
458 1003
1099 305
89 802
554 1338
1380 1455
1661 559
1026 1074
67 1928
563 1817
1473 1909
1499 111
119 1370
1175 913
1056 1928
1623 423
1234 198
1392 634
1733 194
78 1456
1765 1255
176 1303
824 1967
1994 1666
750 1299
1048 967
859 1836
1404 23
1139 927
484 1632
658 93
1376 383
1370 1503
802 1921
1466 1493
1137 732
1214 705
962 1126
1280 73
1791 1508
601 1878
318 1447
749 1629
1623 1450
972 1438
673 1606
376 769
1242 1959
1084 729
1416 1345
838 899
1354 544
1394 1701
13 67
1407 1341
1788 756
1998 135
820 371
125 1764
129 1139
1182 1849
1799 388
1175 296
1766 1638
1313 763
1590 603
1959 418
469 1408
1935 153
522 1267
193 1928
1981 1146
1027 623
870 567
384 32
290 171
893 1908
1527 1439
682 1313
540 1717
373 808
640 1257
380 1818
801 347
1131 537
55 1460
1155 551
1624 144
140 1717
1038 1629
437 465
306 35
715 744
457 168
1260 380
1596 1322
42 1940
942 55
1014 418
1606 1104
748 418
1720 124
1625 1523
1218 1434
1807 1420
793 604
1485 1724
461 74
1627 285
62 1894
581 1492
1399 1952
1640 222
809 996
1444 308
1801 864
1756 7
1053 1276
113 1461
135 784
1994 384
1765 1725
1055 274
199 812
1514 223
695 6
231 768
382 115
996 63
1984 886
1586 1997
1527 534
1768 1439
145 887
760 1343
858 552
896 1946
1505 387
1110 1754
1998 829
718 1756
1849 616
1798 781
1952 1098
542 991
806 1347
1633 1982
1035 876
1250 1078
207 1714
1908 1552
823 856
257 95
1598 717
1419 237
1089 1367
1261 1692
412 566
1504 594
1424 444
890 617
183 539
1896 1824
1399 377
1225 432
1659 509
362 1877
84 1540
1489 484
1028 143
1432 1570
1361 89
307 1043
458 761
1599 1553
184 791
1715 225
1334 1274
222 1423
785 531
1280 172
674 341
495 1676
1985 673
958 1708
1203 631
47 1188
664 610
862 134
1111 529
362 8
1483 885
80 1503
524 121
1796 1357
881 1915
1675 1647
263 1084
28 490
1811 1685
949 227
160 267
475 816
1112 685
440 226
1270 1474
652 832
1534 1502
211 1050
498 419
828 1064
1229 1426
1817 484
414 626
1309 1758
1574 1462
285 1430
1664 1117
1508 634
653 656
1621 1939
498 1740
1685 668
1523 1178
1349 1869
230 1853
4 673
1439 100
1743 1016
772 1779
304 798
974 1919
1066 1248
24 1419
1796 1027
604 873
593 1632
841 887
752 1352
1688 383
1295 1936
1829 1055
1990 1361
1653 1411
1913 732
112 1157
287 1005
1319 633
156 672
385 1613
1109 729
169 303
526 1177
568 1188
899 1369
833 1792
1669 326
1280 1778
371 733
1380 136
1791 829
1301 988
599 1788
1822 909
352 1673
1207 1944
1716 1612
1636 1856
46 91
1141 1099
970 56
193 22
1565 1251
639 429
1357 1266
1817 1459
531 465
148 861
829 375
366 1576
1797 618
972 631
1882 1893
1248 908
648 164
126 471
1069 1860
495 787
1873 1249
68 1520
1351 558
314 374
1269 325
1315 41
352 181
237 1449
222 1062
344 305
481 932
849 777
953 1276
1818 657
757 710
1051 1777
433 1828
1267 332
244 21
1717 526
526 349
625 1631
1593 956
1862 367
1715 650
736 1289
1335 789
1786 396
474 871
262 456
1273 850
655 144
1188 723
530 719
799 658
731 723
782 1319
1086 1883
1661 1265
818 693
1721 1330
895 549
1078 1481
284 271
1046 685
627 76
908 572
565 179
566 523
1656 1022
607 977
442 1749
1535 130
1427 376
1185 1765
1737 244
906 1005
1328 1049
118 472
662 999
625 521
198 1827
1225 758
1522 1101
446 212
825 1852
441 1723
484 1123
1641 1791
1629 1368
390 683
38 525
1123 1674
1160 1371
40 86
104 151
1888 1650
1575 1210
1495 15
193 1456
1723 135
1827 249
981 784
512 413
1190 818
1490 1350
303 1191
1617 1071
1080 1761
1834 1292
1287 510
324 389
451 702
837 1672
1845 1595
871 96
341 1911
1897 360
15 1536
151 60
1364 1094
1083 1599
522 331
344 1904
1528 1493
1890 1068
204 121
1822 700
1155 1
1075 940
1428 1975
1907 903
634 1468
1794 747
1926 508
1474 501
1599 816
992 1565
899 43
308 1117
1086 1728
1723 1637
1798 1487
578 1218
1925 335
1266 1522
990 1876
298 571
1433 802
212 1522
1198 1862
1093 1762
1483 609
1846 1168
1119 713
1407 1099
841 1586
39 1507
936 1975
925 1748
93 423
831 1237
1675 1818
1632 523
1975 990
1805 1329
838 98
1336 264
29 1857
281 943
262 871
1739 1893
197 1057
1092 1856
584 1652
663 1590
1898 77
695 598
1073 1887
344 327
1425 317
62 1095
594 943
1304 166
1820 238
1791 1986
1993 1374
1843 726
1622 272
1097 1082
1950 1237
1242 592
342 1555
1027 1529
1205 1414
925 1388
1061 1391
84 1054
1854 198
1044 814
1512 404
621 1683
1052 1565
710 77
1451 1171
1168 864
719 1772
86 960
902 1350
94 1064
124 475
747 1989
80 148
1959 847
1632 1433
1981 1942
1749 1788
267 100
1469 1728
1240 564
1836 1632
673 82
1846 1863
456 177
1875 1204
486 1122
1241 1122
1580 1531
882 201
1402 993
9 897
1633 1333
1345 101
1913 759
334 758
1182 1518
1999 1542
596 39
351 1213
1795 1304
1098 1200
937 396
1470 1952
1650 998
139 1606
525 974
1246 1366
673 1688
828 1712
443 713
1644 231
517 486
1336 1370
310 1851
1371 860
268 1598
349 88
1833 721
86 1152
1618 154
1441 484
1646 759
1007 1217
1152 1250
1336 630
848 346
210 1077
668 1810
676 1095
1242 1775
1391 25
384 1087
142 1223
777 1061
7 1057
1788 125
787 1852
1712 937
774 1441
421 955
456 531
708 1714
1701 1258
1695 1804
120 356
1797 1373
1930 512
952 1422
601 1833
1364 236
325 1693
1920 1083
1123 1440
302 36
1492 190
1187 1864
1912 589
910 350
928 1715
91 632
1891 1379
11 1219
1512 1063
190 815
1055 432
1366 1218
1100 1398
1835 313
1427 796
488 247
1936 599
73 910
735 827
1823 88
161 991
1231 1801
230 1446
1096 1355
1736 44
1079 1538
1166 1928
119 1177
1050 1463
60 1035
1529 487
1404 1837
1892 1930
1450 246
799 305
175 1022
718 1255
1829 1586
973 1639
21 928
624 836
1761 706
466 965
1577 853
1804 1320
1754 937
899 1988
769 875
932 1349
519 1665
301 25
1046 1827
1298 1813
1688 1524
1511 1922
1156 1999
830 1278
1451 648
385 536
976 1206
601 1723
290 1672
1001 1643
1433 726
1374 103
1416 635
1540 333
1880 1729
815 617
12 1829
1117 954
757 1356
550 1705
1528 1859
1914 1152
2 126
1926 1204
1311 547
60 1914
227 1169
1850 1759
471 1183
1061 839
376 1812
1498 1862
204 359
1167 793
1080 117
1648 891
1340 470
61 929
466 468
257 1970
1658 1250
1479 1140
1245 1604
1662 1837
486 1253
1092 461
411 1014
399 326
1981 1482
1694 314
702 1336
1112 695
1833 88
1242 1848
422 528
253 48
266 382
1403 353
723 838
1810 570
1040 583
1215 1852
762 1452
141 562
1408 616
178 931
1642 470
1356 598
969 370
1244 1736
834 1552
771 811
1184 469
311 664
909 652
1552 669
1880 1796
1476 1330
666 401
285 177
1240 882
1416 1841
47 927
1583 1399
810 1310
650 1333
1210 676
324 640
281 723
413 1437
612 404
1578 1897
1833 1465
1002 1766
261 1878
339 1663
1589 1616
706 1756
1691 1602
748 501
1349 792
820 1306
1206 21
755 619
341 835
1724 525
955 1676
768 1929
1924 1517
254 194
189 1375
483 1059
939 1880
810 827
711 395
1133 961
405 827
1547 263
1985 217
1883 371
719 85
1779 1148
1316 1568
479 963
992 1317
1803 980
1486 653
1403 691
803 1118
269 902
1947 733
1610 800
1135 1021
660 26
306 1151
1735 1077
335 552
359 757
1986 1200
25 1015
451 437
1945 1061
1444 800
1723 1970
356 1013
1955 1223
1896 1523
824 1986
810 415
92 709
1995 1717
1950 970
1030 1437
1058 1238
626 1559
1179 658
1553 726
1477 134
1471 505
179 985
399 1021
1200 733
1634 1778
128 980
798 366
1587 1805
1592 19
1440 12
1418 1593
191 1964
1698 1027
1562 1361
1003 1697
835 659
1949 185
45 965
636 1159
913 1801
854 1601
349 1696
923 1674
1604 1218
559 1346
945 1330
809 601
684 1964
1356 1567
795 485
819 1408
51 191
907 1593
1561 1421
1574 1874
1457 531
204 1475
495 1383
921 468
470 528
1147 1127
193 1076
637 1198
1389 1293
1647 619
1796 601
1786 368
1976 879
902 282
1850 1263
689 1253
367 1078
1892 1350
58 1190
1469 1772
998 68
1224 1690
1322 1343
1549 141
1740 676
1560 1792
1636 953
677 434
449 1820
246 1017
667 852
1324 738
153 1753
1525 1346
352 1021
283 1833
1800 1816
1374 636
98 879
1725 1719
119 1874
627 1661
1380 289
1074 168
1893 1669
1278 1084
1767 172
433 226
1191 518
365 1718
1333 480
1660 789
953 1304
870 587
744 1742
237 1739
1943 1823
555 591
1547 1629
138 1476
1778 981
991 376
1309 619
689 1007
1521 1718
1816 1912
603 1883
945 339
227 817
1055 1591
274 460
1546 985
465 1279
1 1359
142 75
1064 121
254 232
1409 1100
1113 37
547 781
1671 706
933 25
507 560
1457 1640
1243 1877
1368 521
1922 1254
57 787
1995 352
1246 29
158 313
636 744
1868 467
1683 1451
903 303
1546 1957
307 1138
1470 50
1620 1822
649 562
1738 208
1126 1359
534 1674
868 593
62 1281
964 84
892 324
1506 808
59 186
605 1233
1957 1689
1756 1480
959 820
1045 916
895 1122
437 758
1585 605
423 1563
76 1958
749 1624
1483 1236
1262 799
91 125
777 933
456 70
1403 6
1160 849
1064 854
1570 1618
581 146
1081 1258
1472 283
1504 1030
31 1654
1360 1017
628 1105
785 566
318 1493
481 1096
1004 1928
1230 238
68 1952
1277 335
699 899
226 1546
1045 1752
587 1541
1728 1710
1661 822
1322 1608
18 526
302 473
15 402
780 32
748 15
968 1571
416 1473
1229 499
1898 435
1235 343
1316 739
746 1544
1183 1514
771 761
401 945
1377 1337
1513 1052
927 1070
528 406
1830 779
345 106
758 1149
624 1194
1204 1694
1841 1763
1898 1875
609 354
271 399
1085 292
926 615
399 1057
334 1228
1991 1173
1992 1852
1688 253
1249 1267
599 144
1571 853
1524 884
1075 1343
749 1841
343 1253
1599 1569
1074 90
1275 238
314 576
1749 1833
294 673
1212 499
919 755
346 576
69 1388
1518 277
350 1024
755 796
1660 841
1739 758
1248 1072
713 1947
264 1827
121 1679
1425 497
854 1033
1945 225
1536 636
1404 1141
742 1221
1769 1336
1981 1381
812 1043
401 101
1568 596
309 245
1559 792
1094 1637
1214 844
1501 1915
1643 1593
752 427
151 1830
165 1142
1719 1544
1097 1195
240 1898
839 374
604 1655
1840 1789
875 452
1261 343
356 1763
677 811
1760 1798
1220 220
989 1816
470 1601
1670 1387
207 594
597 1213
1198 218
1420 865
1952 1880
89 174
726 1930
1440 1716
180 900
43 1549
367 1229
50 1975
566 1655
1863 1121
259 280
650 1301
1825 677
940 282
285 1156
439 1017
728 3
346 1763
1861 690
1836 168
296 345
1040 612
713 227
248 504
1180 873
1053 1862
43 1833
486 687
54 744
1134 533
236 1372
765 674
345 369
1860 1253
1942 819
1646 746
973 818
394 978
859 1079
1035 664
1123 994
1437 1936
1776 389
1974 1799
900 1030
999 1099
37 1335
1989 374
58 301
798 516
1253 1757
861 1237
860 1907
1302 255
1647 1579
1435 1198
249 429
1290 1066
971 1544
583 1323
935 1100
253 829
1384 592
107 1463
440 882
1053 689
1625 835
430 1708
328 735
1376 117
1144 1030
1575 246
478 1342
28 1498
569 1864
117 890
380 720
1507 1959
1554 605
272 553
1681 1253
1825 1044
1659 865
1465 1502
1244 313
855 721
1552 1405
372 214
720 294
1917 1073
395 1963
121 630
1033 1636
931 19
1216 265
435 291
164 81
1860 909
816 547
1173 1944
662 314
1371 34
990 1874
144 887
876 5
1161 724
1622 1721
251 1571
1844 121
1381 1781
325 459
1858 955
1324 1660
1607 927
1845 1345
1295 1932
761 1289
293 59
41 104
542 289
1814 628
155 1741
399 1536
894 416
741 1973
716 628
289 1237
89 1613
118 1040
216 1684
1378 69
1930 1071
1455 1484
324 995
423 184
1639 821
347 1707
203 1414
1738 954
850 1707
1859 1832
1780 1430
1933 929
17 427
954 1745
540 599
1022 1819
185 891
935 1442
780 251
646 1625
1583 301
1361 10
24 141
333 705
1609 1146
837 1723
736 263
779 1712
958 431
1948 185
241 555
362 1885
1462 475
409 1150
1764 1672
1121 1843
1830 447
1685 1098
758 1219
423 1011
1585 1385
98 1898
427 864
1455 1302
1316 129
1220 603
1905 488
189 1625
1555 373
1829 458
1421 84
954 1339
1319 123
365 36
1408 542
1684 1020
408 1093
348 488
1733 341
825 1765
179 1113
519 990
282 1312
711 394
927 455
651 1971
1013 1165
1272 566
1065 366
228 535
1918 1647
1086 349
1416 1362
1650 1851
1690 1212
1576 1972
343 1631
429 636
1094 123
847 977
741 1097
1072 371
1929 422
603 493
1442 792
1272 1465
449 1319
629 901
1547 1103
1760 188
1659 1430
1045 1988
1251 473
1165 216
80 639
76 211
956 1755
540 416
1820 1608
1840 759
830 1260
499 26
1267 1258
63 837
600 164
52
46 811 1982 387 92 1334 456 762 70 1907 1251 1253 1281 541 1080 1468 170 588 691 825 417 1992 1752 1368 443 620 410 450 128 1406 201 1354 229 766 1199 1844 257 935 828 1143 1920 1624 539 643 854 62 512 1280 1782 1259 603 183
