2000 10000
1214 99
1872 1360
1124 1727
868 1847
1071 226
470 1329
1506 241
1650 1317
398 988
631 830
726 647
459 472
1900 600
216 1077
1262 336
827 307
1989 1188
1857 264
1731 1812
1260 624
581 261
1020 1354
996 493
224 1582
905 1086
93 1977
1901 662
325 269
225 1542
1960 516
973 1502
1933 1469
1866 458
1315 843
511 702
770 1982
1338 1777
170 1330
1365 1239
1189 844
1069 451
1270 1041
1728 1487
899 1684
375 919
45 169
722 932
1436 361
38 833
1933 1017
1016 644
1000 121
1476 568
1770 1083
479 461
411 253
80 1665
1564 619
1290 176
1975 1819
796 1006
1165 1649
872 1925
445 1563
615 712
234 1399
1840 778
918 1703
759 1029
1306 1400
1653 1239
657 1234
540 279
576 1638
1008 502
1438 439
1642 826
75 1026
1643 789
635 1867
154 1783
680 1904
328 1854
1684 1574
1682 504
1003 1170
92 385
15 1551
559 989
1372 1882
333 908
843 1071
1537 1518
1793 1804
1092 1432
1304 1137
674 381
1659 1167
1532 397
288 1736
1101 919
489 1412
1751 493
1166 758
782 1736
406 1859
1793 1984
1375 688
1903 1849
551 1008
589 374
445 1420
1835 492
709 1738
303 1765
1070 1068
492 879
1377 595
507 723
574 1107
995 1850
255 864
1706 1588
965 1019
1421 469
1823 568
1684 1063
729 1784
991 1611
1866 1392
1895 1107
1807 284
78 204
1003 671
1357 244
643 467
977 854
1830 1584
28 1093
476 415
103 955
582 927
292 838
1543 766
1170 1377
1406 147
578 260
403 1869
159 1768
75 470
232 1830
1983 1726
1511 43
1944 1649
1572 1428
1324 1688
408 1786
1857 532
1277 59
388 1920
1518 490
800 1503
1854 382
131 582
815 1978
1829 892
844 1514
344 763
43 1941
584 276
1675 1774
734 37
278 348
776 1123
1536 676
1068 1522
1538 1812
1664 423
22 870
1698 842
5 1027
76 1787
1213 219
43 744
712 1414
521 628
254 44
833 369
1641 663
1952 1578
1553 1320
460 17
1320 152
1692 1873
1536 90
764 160
1876 1975
225 1895
3 213
1773 57
14 94
77 92
766 1420
670 1548
896 1575
1430 1750
1562 1969
289 685
575 117
786 941
289 1637
1651 948
813 1257
1675 1956
1518 1073
1728 225
531 1528
1835 624
222 68
707 591
697 719
247 1452
1304 1722
151 1604
365 726
1367 1414
1573 178
1685 735
612 857
1482 460
500 1126
462 1868
1407 128
24 372
142 501
424 1364
1720 1997
653 47
1976 1361
325 759
162 1056
1249 1840
1216 2
90 1905
1323 1347
1262 1774
1379 1658
1655 1946
1831 992
718 858
1495 1406
1871 350
787 462
885 136
531 875
705 587
470 848
70 1943
419 1894
567 689
1850 26
1626 1350
1033 596
942 892
263 478
1940 1232
245 1215
901 126
1189 272
108 1579
1026 1164
305 376
736 127
1618 836
257 908
1713 994
1928 1482
1782 1093
134 35
32 1479
1366 1562
403 628
859 124
1754 1032
289 1049
1240 269
1796 1473
175 536
1839 1414
505 193
270 1268
1166 181
860 796
1325 451
135 955
79 779
1280 1599
1288 1228
1865 1122
1377 1601
122 246
1363 1346
1673 425
1712 991
181 164
1551 586
159 1643
1728 123
1513 1427
1077 1898
1740 640
1140 1811
1621 803
366 1308
1802 734
1927 160
1468 1222
1719 1403
412 1770
1165 628
1909 1415
616 1380
931 997
1377 1206
202 963
1810 1751
1334 230
543 20
1248 63
144 166
746 1673
1028 1255
1265 813
727 169
109 776
1446 1417
305 211
1990 901
1363 1791
1303 1231
1251 1384
816 516
1277 1270
1066 479
953 1185
1435 578
64 1073
1109 139
676 734
1834 1622
1483 1529
1898 1458
611 137
88 263
724 1084
1021 66
1777 41
845 989
836 665
284 438
309 1595
121 1779
1643 1792
7 1592
1545 1356
521 1124
40 1373
327 1868
1720 1746
602 1623
1594 948
563 153
1291 1599
1155 522
985 590
665 1842
1902 584
1620 549
1863 956
990 1135
642 835
1821 1678
852 443
20 1730
1757 994
1072 1856
327 1486
1727 1553
371 1456
1415 1349
970 1575
1327 903
272 1179
140 460
1750 1745
1389 402
190 1276
1209 627
519 1067
368 1046
1992 904
500 1276
1351 22
903 284
1986 1802
883 1568
985 1413
329 130
912 1741
784 1947
1247 1672
647 1790
1092 85
1582 35
497 242
751 229
1893 1772
1119 429
30 1988
642 1973
1314 1695
1441 1076
185 1984
1055 1150
480 307
156 1620
260 483
484 1270
623 1376
405 1728
1350 572
191 1028
1683 634
326 1009
1882 156
1689 1755
1036 489
58 1097
251 592
1500 203
1803 1288
1911 1941
1889 236
1530 501
740 1980
164 1249
34 833
1496 1670
642 1694
1809 1896
561 1038
1874 1855
1107 966
1830 1004
225 421
846 1695
1800 947
1301 1115
1597 1484
1396 1788
841 752
934 468
1187 1656
19 361
845 1293
1750 228
675 1615
1833 1935
348 646
998 1582
1830 1469
1948 840
667 170
973 397
1708 1677
525 1663
356 1202
1973 429
1835 1221
1942 5
1364 268
954 1399
1212 1385
1090 112
573 810
1519 96
977 669
231 1804
1576 1361
36 290
459 1093
419 379
1311 1473
1605 1932
1407 1785
501 166
1834 702
683 1883
997 1677
937 1769
926 887
526 330
1672 1252
150 50
415 367
428 1414
1872 1827
692 401
1930 113
981 810
1757 1680
1233 1131
139 732
1344 1011
1500 234
1378 859
1512 1358
506 176
1240 735
1740 840
1983 1808
1 1041
1533 330
164 1251
995 1618
1200 1416
239 817
154 116
1514 1162
1755 483
991 33
1945 805
1341 1871
69 519
877 1265
710 1488
130 1582
1934 1590
1409 819
1646 1256
906 763
1324 1622
1366 99
1645 327
1424 704
551 1770
1145 1115
1680 1463
1538 845
734 1740
789 769
1447 1715
362 1091
1104 1509
193 1981
147 1938
1656 833
1221 1205
1398 200
788 54
25 923
561 856
1807 1665
1568 167
912 1229
1657 230
530 453
374 1449
195 1412
487 565
1088 1113
228 666
1329 1640
674 327
1497 563
1912 1558
1970 1889
234 1230
1384 627
765 1789
590 1942
1390 1980
1589 1436
1321 419
524 1652
1563 1716
1969 87
1974 280
70 628
845 1929
204 852
117 1645
1977 455
963 1882
419 1582
1598 381
539 347
1128 1941
1354 1244
585 49
1363 404
202 1767
418 1125
1330 958
595 1732
1316 1122
1148 1278
773 1593
804 180
227 115
1960 74
1693 327
1827 561
1154 331
1308 1655
409 483
282 299
228 948
727 513
712 332
1866 439
735 1804
1970 1292
996 1548
1011 148
444 554
1131 752
167 407
1373 321
783 1256
891 1855
1702 1837
1510 808
1856 1068
661 214
336 1543
628 1053
868 932
1132 1177
85 14
1964 309
12 640
339 783
851 1592
659 1169
1065 1883
1665 548
60 1470
454 878
1753 1137
1356 1601
1940 1294
31 1746
1747 539
160 92
1998 1424
621 234
1165 299
819 769
457 127
238 274
585 484
1067 549
1617 1084
477 1143
1529 1915
996 309
118 1024
1293 1858
1496 12
728 15
1412 997
1867 821
301 702
1490 472
958 1886
837 1558
841 289
1201 1249
1799 1061
560 559
442 978
1140 1522
1159 910
542 674
47 22
349 1881
1694 565
1872 208
566 1802
694 1004
748 723
843 914
1767 95
1516 538
1478 1622
1855 1936
338 1924
1249 1715
919 484
223 1062
1950 1426
1472 928
1111 1619
305 152
21 1952
1290 1309
604 864
1405 726
1081 1587
29 1781
264 450
71 1087
1565 1559
1899 1618
1499 810
1478 1530
364 940
1044 1909
221 1638
1572 1904
1877 1747
1810 1164
920 341
1606 916
1587 929
603 1871
780 79
850 1136
1375 921
1104 920
1837 731
450 249
1983 564
1948 1756
1465 557
149 1347
37 886
548 296
710 1575
429 1280
1950 1266
1063 1892
834 24
633 752
376 204
637 1491
404 971
1492 987
1260 1393
130 1020
1476 1828
297 377
1685 1509
1886 1799
1397 887
1086 517
499 1666
964 1010
904 1457
331 118
190 420
943 830
1945 1627
515 686
1049 991
1072 434
1329 826
1257 740
1879 1758
1290 1009
713 842
1859 201
816 1846
577 354
1588 277
1918 1543
421 1113
1833 1274
996 1775
1910 1795
972 1661
6 294
1794 898
1704 842
217 275
1735 600
304 1554
1468 851
984 1040
323 1880
1781 1933
454 1169
672 694
1562 646
287 1895
456 209
1146 1406
459 1671
846 1280
1058 1649
364 1483
38 1490
1694 927
1763 532
245 1110
577 1736
917 853
1818 50
248 583
1307 1841
1134 182
1215 1395
1530 457
1095 1407
1358 1196
1239 1711
1576 770
1963 1739
1793 1556
1712 1236
1446 588
1918 950
1361 1346
1073 647
306 1463
25 792
1169 1268
1965 1428
1702 1041
800 1370
1650 461
923 1960
507 1026
1858 1384
547 4
986 1672
95 335
1287 557
587 379
1080 1420
919 973
1868 578
251 1174
1318 224
569 1309
57 1439
777 1434
83 691
1044 525
1162 745
364 1307
1216 862
1964 484
1619 1368
204 1858
1076 1708
1464 1586
1111 1531
1539 887
1509 142
1301 1451
1608 270
578 1193
1098 1577
1965 1520
174 1461
1865 795
544 89
1948 1130
464 1028
379 1104
1629 1331
1498 226
1888 959
804 335
1543 12
1686 656
1555 634
1511 571
639 876
947 480
1152 1329
960 1692
76 64
42 1202
554 17
1554 899
416 1705
1723 856
1003 514
819 771
696 1874
420 122
892 1531
77 1592
57 392
1757 1932
766 1182
1898 1125
603 999
282 52
1367 554
308 1744
1937 1834
1391 450
922 1105
1727 118
1108 1606
265 1430
32 1884
1529 748
353 381
1578 721
1237 419
401 929
1374 282
1395 828
538 744
1017 239
118 1247
878 645
1965 633
683 830
993 1770
1140 23
114 1004
1133 1795
288 1269
635 1756
475 1267
1722 117
1298 522
1683 1583
1369 520
1153 1807
1875 1879
165 526
961 1302
65 409
675 544
1843 1751
667 1453
430 1920
1892 669
1216 1838
1368 1099
1854 648
1578 434
1597 1551
1380 1995
1790 1652
1838 1423
69 989
1365 1047
399 1837
925 422
980 134
1945 1759
1399 505
1943 546
518 1073
814 1334
1230 591
664 236
117 1556
1574 605
1966 71
1829 1214
208 1338
470 231
881 1032
736 1606
482 794
463 1018
206 544
690 1262
1984 392
1032 966
1988 433
1616 1083
435 1174
485 389
641 540
975 1051
1474 288
1190 453
1920 155
516 1423
1697 586
1825 1786
1200 1053
185 1331
1107 976
368 1444
914 1956
1834 1349
1850 78
390 71
1110 1220
276 1191
1267 275
1664 1434
1565 501
128 1622
1733 1010
1224 1264
979 555
1873 929
358 68
209 69
470 1344
1077 1165
1620 843
1291 840
105 904
253 503
1793 1295
234 1840
848 900
1445 1696
49 1147
1264 134
1017 1573
1227 1984
75 277
721 303
626 1056
520 1570
710 88
955 417
1216 1494
494 1154
1480 1840
555 660
1582 164
1613 1268
863 1322
1186 1258
902 1706
978 291
661 473
655 659
314 684
1841 1994
329 1391
1787 1915
372 568
1001 1621
1387 300
1660 1441
1887 833
932 33
121 1526
639 839
1704 942
140 430
1903 415
1844 1084
859 696
1664 702
561 1324
33 1137
1844 1957
1500 344
398 1507
159 1892
393 1527
31 1994
514 974
155 1902
1995 1191
1789 1151
1040 581
535 1929
1049 951
122 40
1579 761
1184 1787
161 731
566 1273
685 10
163 1846
165 1593
692 1807
452 864
1214 68
351 362
420 27
624 1736
943 1475
1388 508
1236 16
1683 1220
1248 669
192 205
1145 1677
1641 779
1341 1419
1049 1859
706 1508
1312 1011
1439 1617
296 153
383 1797
138 1708
1738 1999
1680 1001
1055 217
221 460
54 1465
670 436
1375 53
649 1314
1969 1259
212 919
340 962
342 1708
1618 1935
999 1660
61 830
236 642
263 1211
1628 181
1726 376
1477 1450
1980 1834
279 896
362 104
1035 1526
1663 1734
150 1680
828 11
440 66
1510 1686
479 1700
1365 138
1720 633
579 995
771 742
10 1805
1975 1711
622 841
1901 572
1982 872
1848 1132
800 119
789 1525
878 1468
876 1090
654 828
1299 1737
58 1530
1551 641
1685 1922
1622 371
615 318
943 1651
1308 1461
1619 1676
1172 216
753 1840
1005 1778
19 834
1495 1592
1856 268
531 1081
1896 1449
736 1628
853 1875
1696 344
1148 71
1104 504
1827 788
531 1904
1200 292
1088 1528
335 1988
762 33
1704 216
455 1267
1667 1195
597 1872
652 1687
1884 922
1496 420
338 574
112 160
1562 1993
1550 1456
1794 201
1146 1748
200 1520
531 1484
502 1426
367 377
495 1401
1797 415
1609 1152
1322 1847
32 574
1529 507
1480 949
858 968
1085 1280
616 479
217 371
1457 602
1482 637
703 1300
470 524
1202 1258
1947 1498
525 862
1776 1654
289 512
1135 668
472 1164
1403 1340
1188 687
1490 978
1424 1432
509 483
792 849
1575 657
726 1299
1128 168
281 407
644 1662
338 676
753 1604
1895 35
1126 1489
1345 1219
1794 874
1256 1605
479 1585
619 1249
221 1145
1801 129
333 1383
88 947
1544 759
117 491
449 1375
1969 1630
279 725
1020 1660
22 614
1371 1516
75 1023
1800 1539
1839 780
1647 1749
515 789
994 38
508 833
1522 104
1787 1672
1426 871
974 314
66 186
1586 299
349 1582
1846 1116
791 1190
1330 1966
675 1351
279 450
1529 948
1116 885
1364 1977
1023 1992
6 522
440 657
178 111
1912 1497
1146 233
261 671
623 980
1500 1676
192 770
1293 820
1758 1178
752 658
310 1336
1766 690
984 1925
1748 996
1988 1618
1193 547
466 1397
231 1098
238 1817
1290 719
49 1769
1646 1350
1991 508
127 1063
768 1612
54 1521
1068 1334
829 486
580 760
464 1215
1952 709
1935 1232
785 1741
87 84
799 480
1576 739
345 1663
1735 955
1711 74
238 1123
857 286
1807 1766
1825 581
1687 432
1836 1275
367 1908
48 202
54 406
269 1876
1559 55
1583 1474
729 318
1774 1550
1382 1637
1079 408
372 1450
794 622
940 1753
1515 1589
1822 1695
1324 194
1116 577
159 1429
1663 380
152 610
1181 241
1660 1744
1951 1903
393 1524
1048 1347
855 1553
32 1843
1444 726
236 1759
1174 105
625 961
469 370
1107 1904
494 156
614 822
969 1004
538 67
1259 865
358 1758
867 1610
99 101
1250 1826
1887 238
54 517
1765 1418
1536 1717
1338 1520
414 1749
204 1370
1588 718
1265 1257
1133 276
1167 1044
865 690
1928 1896
1887 1310
698 1503
166 580
1261 599
1193 473
880 598
575 1105
1793 687
592 283
481 1742
1350 555
568 921
1067 859
1923 446
1480 1505
1052 1460
1715 949
1089 620
295 529
1668 1416
228 1948
306 211
1435 1345
2 1658
1773 1678
343 913
1273 1829
424 1882
812 662
497 647
1753 1863
1570 84
1742 1352
1681 1173
1645 1032
627 1502
807 561
177 1741
635 1783
242 1590
291 1384
1137 1665
1195 1542
358 448
1777 1288
564 1966
626 708
697 435
1448 1923
1511 180
1547 1861
1089 1202
1432 1621
605 1216
286 1896
623 1561
869 1796
398 1504
1443 1052
1872 1506
1658 1684
707 123
1132 1164
1637 1038
221 1005
1985 1052
705 277
1760 625
1329 1775
1417 1084
1571 101
1940 1138
1353 1047
1496 1789
1751 1904
112 199
502 1394
319 914
643 488
1592 1438
1629 681
644 1501
1907 1318
1890 174
1032 734
305 342
1075 289
715 1093
1469 233
1516 622
1390 862
145 1472
31 968
645 1127
515 1062
1070 1914
1361 417
442 329
288 646
1111 831
783 1866
782 240
1907 1709
577 1852
1991 339
1602 249
1846 596
533 110
64 1383
1607 866
545 17
1014 412
1049 1603
1967 1430
629 1447
58 944
1519 737
509 1168
1167 1498
396 1380
270 110
1198 281
1414 1796
1131 1549
433 553
1965 1616
688 214
49 658
1161 850
1245 308
589 634
1198 375
94 1309
914 1795
1357 99
1049 739
1017 79
1119 830
538 269
1736 271
480 1527
1125 440
253 1998
841 737
464 1934
228 1810
647 250
1658 1759
108 1501
1282 1140
1856 1630
909 794
953 1599
1195 215
1598 1062
1320 878
1105 690
1584 1039
1156 1178
161 783
1041 1462
127 250
786 113
83 911
1057 1403
410 525
856 231
186 393
1215 1211
1955 497
129 594
1489 1982
950 191
1533 456
785 1801
585 1905
589 1380
1090 683
1827 1707
1114 1248
1231 338
1101 1745
1268 166
1006 446
848 1116
924 1961
1215 230
1380 910
49 1983
761 48
1369 1980
1527 1419
315 236
1871 1459
448 1887
1221 932
645 1553
1305 1072
1273 25
518 488
401 1442
596 1007
1493 772
574 1961
1469 194
1617 79
1471 1712
1153 1493
1472 852
1759 872
1942 985
1464 1610
1453 702
351 1289
68 1598
583 462
494 1715
1412 1160
575 1575
1399 949
30 699
291 997
470 381
1776 1009
582 189
639 773
603 1912
1832 63
389 1062
1084 450
1444 1429
394 815
1341 1040
1353 437
1294 1349
171 1064
185 1043
1791 805
1442 1020
776 197
515 1868
729 360
1391 1284
1479 72
1210 483
107 634
800 382
82 1289
1747 602
30 861
1964 947
1467 1923
240 1653
1091 1404
1560 1667
1883 1162
635 1975
747 1816
593 1494
465 72
1416 891
689 1444
1703 1008
1026 278
756 402
744 229
489 1568
1523 4
557 1475
1040 701
865 283
1475 845
342 603
236 439
1812 482
1516 20
791 1894
1661 1371
295 883
1094 1539
271 1184
1423 1548
532 1909
1326 858
877 1139
1474 1761
1460 695
1708 1213
105 216
682 1468
366 79
227 898
1121 1457
1291 1253
1343 1748
1579 1480
764 594
719 992
592 34
378 1436
216 1286
1740 942
64 439
1233 295
1240 1628
111 1571
1464 1453
1730 850
1876 1981
757 697
1437 802
786 817
22 1463
1543 1051
1441 936
222 1315
1144 1
869 436
1599 907
1561 165
1612 188
1960 1863
833 1533
1656 1588
674 1809
512 1481
374 1510
830 1335
1994 926
1175 773
1493 369
564 555
453 1576
1258 1934
1610 403
756 1749
900 745
87 457
279 1862
751 1349
1524 890
499 1095
1721 1327
1895 357
616 1164
422 614
1370 1161
464 1387
602 322
1092 1393
1010 1598
5 1159
1526 214
1667 6
165 465
1972 1776
1458 472
119 296
1957 712
739 1433
335 178
192 1463
1756 451
871 1929
1082 1129
1496 696
1956 662
890 662
174 1094
993 268
83 1545
409 1531
467 1833
1528 1170
321 614
1934 622
535 1410
1930 1839
1514 1998
1377 14
71 1304
1548 127
1364 1729
385 14
1187 1441
1862 929
621 1900
1337 808
473 1830
1229 619
318 1694
859 1059
859 529
488 491
1879 885
1355 1591
1784 1259
1567 325
27 1126
1170 420
1300 1810
729 1257
1032 1834
1429 1141
467 947
1519 626
1319 1000
1623 6
724 1118
1649 780
1862 1437
293 783
1919 1860
161 882
1439 1061
338 592
364 1292
133 1995
188 469
435 1672
741 1294
566 1162
1230 1060
496 894
1691 539
1237 148
1810 129
746 1157
1505 1207
1078 1339
1283 190
893 1519
1853 317
1516 1947
654 38
849 80
1356 1020
973 1330
1307 1567
1196 144
365 1374
1073 1522
571 1780
1246 1082
189 1322
448 1852
745 533
1768 1210
105 907
990 472
748 1444
931 58
82 538
1727 828
1892 750
1218 1824
1404 955
848 1364
521 1727
855 940
203 880
275 1493
829 13
1977 333
1009 80
1832 1950
702 841
316 1235
1045 1079
754 600
391 1346
1933 1455
1304 734
471 1215
612 1892
1606 1047
1850 1000
695 1140
86 194
363 875
968 1675
1743 418
644 1891
1369 1287
1329 537
148 937
653 808
116 1933
333 1404
57 1147
586 1567
1549 141
484 1529
558 770
269 846
1068 181
969 1266
885 1859
829 283
118 978
1971 980
1070 301
887 1580
1517 1512
1796 1910
1963 1630
1031 1732
310 75
390 968
435 1727
1537 405
1372 1694
1679 1552
895 198
933 1527
1274 979
1884 764
810 1870
1828 1761
1498 1151
1281 1882
1846 1643
1612 1680
892 1302
1406 113
1366 1617
813 1353
1503 1377
1790 422
802 1839
1064 1505
1413 602
759 68
764 25
754 220
1612 1975
830 446
1803 1933
1022 847
995 1242
1785 1796
1045 291
1571 1101
1574 1889
204 919
1312 292
271 800
1816 1138
394 872
1601 1539
1989 1018
140 362
321 574
451 589
1742 1320
1855 394
1277 1789
912 1437
1031 1703
1867 1240
25 1975
1751 1732
1600 1633
1047 1774
973 1770
485 1865
1219 1743
401 453
79 1168
279 704
904 986
349 1538
1431 1594
763 477
1067 280
1456 1748
1797 723
1722 1729
1652 1591
1123 1293
34 1137
16 1286
593 572
840 671
1988 1785
765 1031
535 1478
1476 155
1692 559
995 614
597 804
1865 158
960 1458
1246 176
1404 1762
264 1284
883 905
1071 1937
1776 1132
722 1109
1512 748
1350 895
284 1377
30 343
1302 719
1069 399
1253 1995
812 1053
1906 1203
326 316
1552 715
1275 1866
203 797
711 670
1333 578
366 635
172 1071
1450 743
11 255
790 1986
1245 347
552 547
1901 1958
115 64
1030 1975
558 40
1561 204
1133 1536
1426 184
1684 1290
742 607
739 229
304 1369
768 480
700 1100
1544 846
1752 1391
615 766
858 1277
1730 114
692 1245
175 597
1825 1310
321 1042
389 58
1208 53
1953 1867
156 1717
581 961
1 980
188 1966
1198 876
452 1817
249 328
625 1280
663 824
1691 280
599 1688
892 1452
271 985
819 1049
1961 136
1229 1429
457 1269
292 1897
1602 584
918 1261
1690 469
416 179
1584 1853
1207 1855
33 55
102 1094
790 1593
1634 1853
497 378
578 731
760 1890
729 1795
772 1712
1667 435
1046 966
1241 1353
954 670
464 1839
1396 72
1720 982
1785 1371
1543 914
1161 89
1614 939
179 327
1 179
1088 1048
1704 1390
765 310
1405 794
246 101
518 251
723 1120
96 556
295 708
1563 417
338 1549
717 327
1491 1971
488 956
8 1234
1486 1403
1545 577
975 1972
238 675
975 571
1189 1574
1000 1877
1185 1852
756 1260
801 1878
1951 1220
1969 81
185 908
456 1184
1687 459
1968 617
1614 1939
1977 555
1135 556
1504 739
1402 36
89 366
131 1311
1788 1816
1310 1712
738 676
1478 1410
355 1710
651 858
216 61
1579 724
1116 918
696 750
647 1404
420 168
1533 11
213 1687
899 1580
1956 852
275 1068
914 211
1338 1537
1391 655
632 967
1702 1421
840 1789
482 1484
757 1443
1583 689
1487 1778
1141 59
1310 474
555 496
388 1894
1798 133
1817 520
155 487
1942 1788
227 971
168 1894
889 1391
375 1021
1162 442
1084 1857
1477 165
1478 1127
867 53
1090 184
1857 922
1581 1535
1858 1525
214 166
1705 1439
1401 1725
1610 1569
146 291
1123 362
1237 1583
1423 1881
1181 761
1373 353
1062 1964
782 842
1828 1261
1658 848
1266 483
629 1198
1418 1220
758 1749
1514 1688
1596 304
490 1132
123 592
1241 503
914 1338
396 1032
787 1778
66 852
1454 490
1831 1971
1944 412
491 60
1297 36
1157 610
1731 1529
1621 1708
1152 1627
1439 420
302 1543
373 913
785 635
1179 719
69 1264
577 1557
559 1296
1834 257
1499 811
899 349
1240 1764
15 228
1495 1766
1328 1027
617 246
1961 459
1237 297
1231 294
111 990
1225 1821
1050 1285
1611 1003
1847 459
832 1541
647 1101
1972 910
1058 1509
548 1047
250 1376
1384 1138
1720 152
1734 1494
526 1285
1827 1980
810 541
1888 1162
323 399
163 268
255 71
104 1406
774 1797
1913 1484
1811 267
700 928
16 321
260 1965
748 1999
305 545
1863 729
1491 1640
86 317
598 1354
1072 1315
1451 1121
387 235
367 1602
1101 615
1355 1456
1741 1740
222 181
1684 733
1677 1520
795 1081
1253 1879
72 1808
1825 325
140 1552
1470 1208
784 1316
673 117
907 750
1849 1828
323 1209
1311 767
1070 521
1987 1139
752 278
1330 110
1464 182
8 1433
827 1294
1654 1345
1000 1221
1710 1445
1800 1490
421 208
488 1447
713 1375
1500 877
377 1286
699 40
355 730
1635 325
141 783
1500 1245
791 1363
231 139
461 1869
275 1587
1441 385
1242 584
1504 969
1291 479
374 36
1011 1501
1509 692
826 1977
1324 976
359 261
1723 1753
1319 281
376 1956
1048 670
637 1525
181 810
862 512
606 645
599 917
1782 1895
1672 300
1948 1807
881 1196
1514 221
323 1067
863 755
1379 1667
1367 1400
1183 793
494 555
853 832
484 370
40 1579
372 1004
612 245
924 450
1669 1545
1321 1336
1919 344
35 1356
482 59
1493 697
1983 1807
1033 16
1908 1
169 43
818 846
1082 517
55 1916
1085 1293
1515 594
581 213
1782 1415
1879 223
1762 1396
1704 979
757 1217
803 503
783 1859
145 827
1450 890
845 341
642 1762
1851 1099
1925 545
160 363
573 1741
1063 626
1390 621
1144 58
1414 1111
1414 1717
335 1116
104 1740
1876 1897
9 850
359 1386
753 1524
441 1472
146 542
1141 78
117 1621
844 1321
1886 26
1147 1680
1640 418
1347 1464
1533 475
778 1088
1711 1913
1909 562
278 1891
306 1916
769 1793
1456 1956
1768 1538
1184 1632
1632 1912
804 1392
1873 618
1931 1526
1670 1415
554 145
94 777
744 207
1570 382
755 112
93 1328
1455 1180
109 547
489 164
1816 1241
1686 153
1294 245
1525 641
715 1316
261 1680
1621 1070
1267 278
1831 1692
1795 448
37 1155
1481 170
1645 84
124 636
710 425
1832 814
1702 1971
1808 175
1562 28
1734 623
1662 189
25 285
747 1287
1717 1796
1139 1640
264 1009
1803 1345
874 566
1917 1712
1755 1034
1154 492
1796 364
1928 1985
1424 979
412 1672
1515 1601
581 350
777 1251
1910 788
838 1655
653 850
1973 414
1827 1744
1487 1108
488 1785
1196 1698
973 1114
1823 1305
1952 747
1799 1356
662 1374
97 1343
1536 452
1398 64
1230 1717
1503 1442
940 1852
1848 112
375 289
1602 1349
1415 1320
618 1672
1102 436
1023 1050
1627 1690
473 1897
938 84
1075 153
1293 913
907 1379
1960 1878
1181 1586
1544 933
675 1654
1815 1757
723 681
580 1966
1048 929
1563 1488
342 1543
301 937
773 1991
1373 1230
948 661
1089 15
1362 70
430 955
1953 82
1782 673
1343 702
1918 2000
652 486
1131 495
223 1170
1968 428
1121 484
58 1151
152 925
514 1725
1401 1507
945 1097
460 102
556 1274
507 189
65 1864
328 1908
56 841
1806 1310
786 913
1935 695
284 1153
584 919
178 1487
1429 1249
1173 1045
1973 1292
1497 664
858 278
1564 971
1728 1172
837 973
530 1650
834 1475
1173 167
1324 1598
1997 641
651 83
1885 1320
334 1177
1207 1606
986 1576
1150 1432
346 51
595 1807
1608 1118
161 1213
998 274
608 1648
465 247
27 3
470 555
1624 1685
1047 13
924 1130
453 734
1839 597
873 18
949 1364
1531 170
1135 1352
613 868
1843 1
1498 1627
617 1660
1397 1604
1676 1716
522 1787
1612 102
934 1288
524 1265
1687 1262
1089 117
1535 1571
1950 1968
568 279
1186 1998
1531 742
1475 1593
514 1796
839 1900
1105 255
904 639
1573 725
1092 1677
288 350
1978 490
629 1097
719 929
873 3
924 1885
1346 789
1476 1191
1749 400
873 997
801 31
1981 658
1630 864
1426 378
705 16
903 164
1820 1533
1249 125
669 296
1766 208
134 661
1673 1735
1862 1154
159 1925
1527 660
1236 1689
1774 974
1079 324
1966 1487
1331 1028
1495 25
1933 878
656 1902
1653 1638
1000 1797
511 772
1034 56
1595 1878
1674 1238
1662 1484
1787 1408
216 389
1986 61
282 1310
1554 322
770 1523
1519 815
901 563
1122 1226
141 1808
1330 1456
1501 1424
1811 1759
473 1873
1163 1056
632 1816
95 1954
1974 1240
548 1416
1136 485
1083 1161
694 1351
1638 1646
1496 153
1707 1333
1813 1100
1303 786
1051 1885
862 1765
1627 37
268 1054
74 1398
234 1351
1988 1308
1153 1003
1063 412
210 1457
1433 680
1762 1865
410 1063
1139 1748
1270 1535
690 31
1004 1993
1628 274
947 375
332 1778
998 446
1971 998
294 133
1446 1225
719 1583
518 1552
1059 232
1560 1898
202 187
247 1590
219 1153
21 1178
162 1816
1086 1563
1294 1749
709 552
808 694
1412 926
1345 1542
301 655
1299 615
1238 1467
1086 1748
657 1305
355 712
1280 1732
1594 1565
1184 553
787 1877
693 208
318 1192
1209 339
521 684
830 680
1107 922
118 312
390 420
1997 25
1032 1396
893 129
495 1081
1379 799
390 1221
1098 583
1542 1156
1278 1469
1641 1517
269 713
1851 1450
459 1904
106 720
1484 306
1560 1012
1411 783
1131 807
1180 982
661 468
1464 66
1377 1216
1520 125
1534 808
51 728
527 361
105 1693
437 1405
481 1308
478 796
1452 566
1218 345
1519 1445
1395 1685
1038 1267
148 1854
9 717
638 1838
1877 833
1345 617
518 1765
856 1621
159 972
1620 1668
701 651
1514 635
575 1413
1108 1943
90 347
67 469
1943 1242
129 1217
790 1674
1996 466
1922 1618
1362 878
728 139
1555 563
1306 33
656 1289
107 1673
266 759
800 358
1407 489
780 1250
1516 817
1817 1006
487 276
1205 1810
231 915
891 1346
1912 884
546 484
149 1727
268 601
1732 5
1232 68
84 1812
950 1266
517 736
860 493
739 1220
1138 414
1583 192
1675 375
305 1934
690 1118
1502 420
1973 1560
1606 589
888 717
1730 526
84 1551
465 587
452 1466
1982 927
871 1437
1308 1337
200 497
338 673
1152 688
1533 601
591 442
933 1243
540 1518
13 1084
977 1934
1412 1592
1254 380
1430 1953
437 85
611 1469
495 1581
1464 67
1312 1967
1483 1324
631 1528
1189 147
47 387
413 866
914 1040
644 1972
1088 1714
1795 999
537 510
1384 83
1483 465
1582 1351
764 1838
1022 1477
413 1199
790 1540
106 1915
1631 1282
1678 1652
1128 1704
490 1247
1977 1074
498 1428
1588 364
273 1140
1504 379
1477 1964
557 1581
934 437
767 555
1740 1694
205 1680
1294 943
327 1929
1871 306
1964 1315
822 1257
527 702
1005 1732
363 1977
1892 1059
1812 994
434 1793
196 1693
1411 1380
744 1633
987 695
361 999
1706 1406
1759 1225
1080 991
549 717
1292 1003
1391 341
1804 210
1221 352
366 1715
412 715
1691 1438
1124 1323
1995 1441
1664 121
1334 1391
1138 1429
876 1827
1757 582
370 377
1065 1380
956 969
1560 74
4 142
1758 1900
1937 1447
1324 670
16 1802
1114 1714
107 391
600 93
1789 1864
756 224
570 896
1125 880
626 552
1795 524
594 1657
1637 20
1349 1732
998 1578
1314 824
413 1687
209 560
982 740
1953 1296
1218 1213
1724 149
732 740
306 1397
1017 1252
1817 470
752 1513
1922 492
899 62
383 1967
574 1531
1291 817
675 412
1335 1601
1364 1265
60 64
1683 552
826 257
715 1933
619 1756
1806 117
1294 1106
102 542
1867 1672
438 1585
1718 1967
781 1191
1331 238
585 1342
1099 1146
1347 1728
81 1118
44 962
759 1614
226 1546
762 150
1448 1019
530 1958
633 300
670 1582
1745 12
455 917
1408 79
439 1423
815 1003
1915 679
654 780
523 1620
807 515
1756 1164
1408 1500
632 1352
429 1527
586 569
648 627
716 156
1249 1209
3 92
894 1208
1554 827
1728 695
712 1564
229 1564
1528 1859
544 146
358 1751
428 1521
503 1146
1363 851
1685 1983
115 487
1142 1891
1409 1066
1575 69
1940 476
608 592
1067 89
1808 1865
1617 552
1896 99
1623 1825
1456 975
248 1997
1385 1584
1503 676
1299 1173
725 352
1638 814
650 253
1224 729
1542 1992
1286 1371
1488 1363
1376 1527
646 1406
1993 1234
963 1933
927 1833
45 1014
979 1372
599 1222
1182 1317
248 1451
1784 348
143 1402
1010 1068
406 724
849 390
1176 1043
1949 91
931 1934
476 1643
1225 1591
1868 1893
1386 64
319 1698
395 1114
720 847
1664 1023
929 195
1249 1895
768 165
1763 991
1568 1068
1560 1219
738 691
1693 946
917 350
1223 382
1442 1910
970 1058
1807 860
987 1809
889 1165
982 490
214 933
1350 1844
1844 271
126 767
1004 53
1358 532
280 19
1198 535
167 771
1531 1513
1729 58
1487 1580
95 87
926 822
229 1135
1976 471
356 966
189 1283
1069 1934
1583 1844
540 1083
592 195
29 1267
156 1526
1749 1447
830 1957
298 878
159 113
1273 1054
792 1498
1605 1731
1447 795
195 1245
1500 942
281 1244
27 1347
977 1017
297 267
221 1284
1964 1383
861 1062
1249 1846
1356 883
452 935
1404 563
397 1926
1591 1496
764 53
648 733
769 1718
16 645
234 303
303 1366
108 1610
1174 1010
504 31
180 264
1287 846
415 1959
1517 1986
482 1593
678 587
1776 123
406 1130
1949 628
1291 1326
744 291
677 1423
1973 684
219 494
1808 1140
1517 192
997 191
1003 1077
286 756
14 900
1738 1053
1669 528
1294 1915
995 929
805 1314
1068 1693
59 104
1304 1073
1572 793
909 560
851 1685
1090 858
610 930
1464 449
699 1736
1722 1066
242 770
1262 1311
1878 1046
85 317
1349 385
780 1195
379 282
1288 1634
1234 1702
399 1828
1898 777
937 1164
185 1626
1128 1456
305 497
1061 1091
1659 252
1125 134
1309 434
1071 116
1838 1743
890 635
1044 925
1229 462
1028 1984
271 1135
1957 321
566 16
566 1620
1094 233
1310 410
1156 922
1394 17
565 1312
1794 646
1141 1799
68 735
1339 1657
451 60
1288 614
1747 1892
1516 1020
1032 720
1128 197
1196 858
523 1780
929 1682
1238 1825
809 1895
295 1710
89 1237
513 362
431 1848
1715 771
873 479
465 1400
1323 1426
1696 1315
632 238
220 354
1514 597
183 1626
1788 378
1098 1369
865 1755
314 109
273 511
1056 1344
375 488
276 265
1711 1064
607 1759
1324 1526
1725 1699
1505 1520
864 405
563 293
1968 1074
1887 745
629 1670
482 1776
549 971
695 99
981 814
1708 1983
1635 156
1061 193
1596 448
1469 1655
1876 1806
1009 1891
756 874
1874 854
1717 1604
784 722
1660 1337
1709 555
1591 1502
1340 1534
1378 1160
1655 796
387 921
1843 1957
1167 1241
1641 569
1891 135
339 1437
132 1448
275 1665
1130 1484
1529 1278
280 1613
480 1744
1037 393
701 142
331 527
37 104
1516 1646
1354 938
18 749
714 1624
324 23
1030 1114
1460 1226
457 588
578 1249
934 1702
296 1597
1649 1778
1778 819
1858 1920
1054 51
944 1809
321 1610
1495 1951
1851 797
1468 16
896 1357
1743 562
1016 338
860 418
1098 823
1554 259
1387 541
1161 1835
1961 1316
1574 169
156 335
690 369
414 715
1898 1330
1707 1423
165 1343
223 1818
470 1672
216 1735
202 805
234 1245
491 867
1406 1654
1882 1922
1770 574
1710 1522
89 468
555 616
528 1993
53 773
1548 1139
1820 1516
1668 918
113 151
1327 618
1530 352
1718 792
1879 260
1915 1159
1551 253
995 1649
668 1718
384 671
858 1901
1178 1949
222 724
757 1304
1899 1446
1218 526
250 55
495 1867
1670 185
154 1239
481 1395
1791 190
1774 71
1494 110
1239 745
926 1995
1197 190
310 1390
451 857
1269 1270
105 797
267 1558
1395 1383
1762 1264
1089 1613
1095 667
289 984
1894 1876
1222 726
424 1623
233 432
1810 524
1731 413
1529 1176
1858 758
1851 1547
1264 1800
1714 1353
1857 533
1845 1461
129 435
971 1936
468 709
477 1720
348 1499
1703 487
291 1386
599 1951
276 1123
984 762
858 1059
1428 1
941 1366
1782 1976
482 1712
51 1044
1120 1132
480 387
66 913
63 1715
1813 562
823 1732
1867 811
1333 382
150 1891
773 661
1165 1282
1525 218
1482 881
1354 540
37 1372
948 1282
912 465
779 1090
975 1128
64 428
1979 1524
1841 163
930 1005
1272 626
436 1416
451 915
1618 860
1404 1667
428 122
843 281
1403 1452
676 880
537 811
1538 976
160 546
1022 704
1501 803
1667 1911
198 730
1150 591
396 759
1556 775
275 1507
921 17
390 501
179 1183
573 1514
898 395
875 1940
1021 651
1276 906
1748 1510
1425 1670
402 444
1907 1986
1037 1910
488 1764
1265 243
519 824
1940 644
1205 1454
1584 1413
1722 1384
729 1105
706 1103
196 1880
1938 1537
246 874
1051 1348
419 590
445 1478
303 316
155 1538
982 603
792 1455
756 425
1726 1602
1744 1146
1052 1589
143 1653
409 1436
1408 329
1196 872
1166 3
1482 1390
1805 1115
1175 449
1458 720
1631 1202
237 460
386 1865
374 1472
241 441
1959 5
185 1906
1496 1788
774 249
1077 578
1937 1146
126 291
1923 934
1197 505
1179 352
447 1893
1013 592
1396 1488
450 1447
1653 803
215 1491
1520 954
522 1166
1236 255
1014 1157
942 119
1412 1492
78 936
1149 296
371 1826
1934 878
269 116
15 1799
888 285
307 1085
1544 907
1195 859
1343 59
1909 586
1986 343
786 1136
1887 47
663 1236
1061 1955
953 210
468 1748
1660 784
1861 549
1458 1969
999 1019
469 706
1180 510
1310 259
789 1537
1632 745
1559 1350
75 362
343 730
210 250
1737 1925
882 1019
268 1516
1182 232
391 187
776 1731
1769 294
1893 1427
172 1675
916 317
1179 173
1769 1861
1653 492
933 1404
1114 308
1465 546
1481 1304
1450 1339
1240 233
1886 846
1271 973
910 957
424 896
677 1309
1863 454
1831 939
288 73
911 1691
640 1505
511 1105
1194 445
1205 1787
1140 1629
200 932
1329 1479
304 574
1462 1585
969 585
1819 748
986 358
684 1250
302 916
415 731
1361 565
1766 20
1232 1784
941 899
1174 1998
1817 712
1486 848
646 670
1062 780
1769 764
1236 1436
588 1011
1838 1950
1693 1424
1500 76
255 547
325 882
1976 1733
1990 1013
1028 821
1008 1165
949 1882
1347 940
1297 68
1872 685
1304 492
1575 1102
1005 773
1841 1728
1617 721
47 746
1644 1765
460 410
545 1041
1965 1297
88 394
725 295
230 1994
23 516
735 1802
1132 1797
503 246
638 1994
1422 1139
1288 218
716 55
1878 1020
821 294
849 499
820 308
668 1462
1414 299
1420 898
1675 792
910 383
766 1670
89 1904
367 156
1124 715
1601 1930
1092 1855
57 431
1036 324
428 1962
832 1536
215 829
595 1332
1214 492
1871 1914
406 1389
124 1244
1238 1902
1 139
1814 1020
72 317
1807 1535
456 1342
915 1523
1893 1505
744 587
1031 1774
1087 566
1869 1475
1424 314
1834 1490
42 141
662 1436
344 1813
90 1607
1888 1370
1666 1438
1457 1880
79 1136
1616 1886
507 844
439 868
203 1916
1900 1352
571 899
1175 1776
360 1626
498 1831
1747 1960
1153 506
132 1051
1720 791
1542 925
1792 207
1783 1802
503 783
1713 1306
1821 1446
1275 244
1281 1104
371 275
1990 411
707 1513
254 54
363 1202
1968 391
818 1046
384 346
606 914
1610 1910
1903 1939
1264 1981
1105 1089
1454 1004
254 1809
1239 1677
1129 86
1698 757
1562 1239
500 318
719 1062
157 829
944 1179
1605 1404
1116 1613
317 372
262 1652
35 1240
975 1123
1425 1800
181 1819
1722 106
1525 893
1225 375
1484 9
396 181
704 1864
812 724
1586 102
539 1021
1288 1795
446 672
358 1339
1007 981
1881 1248
462 930
210 356
1876 1070
1447 1091
1400 345
884 1510
336 925
983 1124
932 1438
860 1917
918 1676
26 1893
1999 403
213 390
803 425
1700 425
618 1593
417 468
248 1172
1641 574
522 260
411 1855
481 1821
1665 1740
1527 603
165 1502
767 1227
1906 1422
375 1376
613 1624
1702 1594
1765 1222
432 1375
940 1547
1149 1005
1460 529
249 651
709 1363
317 1828
1981 42
1991 351
123 8
1586 1472
1921 852
565 759
1567 1016
1368 167
1644 598
1849 660
888 1382
1732 1693
1781 944
1491 1074
1019 1641
876 850
1764 1204
1431 1571
1886 1279
936 259
408 1339
646 574
196 625
1367 352
213 742
1314 489
884 1534
1405 806
703 1115
1624 543
1772 876
1349 950
1234 1045
1680 322
74 1643
790 1647
1470 1831
45 1851
992 52
218 1219
1742 1019
1546 1381
750 653
1791 28
440 343
284 657
1558 1350
1214 1639
1445 1770
938 1519
289 1987
1027 1510
1145 1886
1601 1854
1882 1968
936 1042
126 1925
1429 141
512 1830
990 467
1057 399
553 1080
384 1111
1288 1859
1503 1161
1570 627
86 609
38 1586
649 21
1620 1995
60 1622
1563 600
913 544
1208 1918
1293 230
1459 1520
336 1748
76 1703
1941 773
1074 1553
673 1703
1114 908
1650 118
1491 57
1493 779
533 1885
250 1569
1149 844
342 1287
452 693
1422 1442
614 2000
300 1408
255 66
549 9
17 1083
801 77
787 1090
1907 1633
1994 72
775 1277
1521 1638
1636 403
1684 936
1263 1295
850 539
1126 1853
1536 1005
1409 1940
1115 489
451 1978
1831 1964
1595 533
1770 1720
1388 911
916 396
1300 907
1296 461
776 352
1960 1375
1629 1534
1384 1398
1689 610
1973 944
765 226
1058 1347
904 407
707 193
142 62
1489 1024
1267 867
1140 696
1303 1320
1199 960
1600 990
628 389
1112 1842
1796 407
1846 1096
166 1399
620 82
1866 437
1423 1924
1414 839
1356 416
1362 1962
1143 1664
1764 1442
826 370
1700 1986
644 25
1200 1244
462 301
1208 1416
12 234
267 1484
493 1111
1061 1223
1225 1047
1573 682
363 796
122 1897
999 1166
1395 478
819 556
387 837
1963 491
1054 430
1127 61
884 1844
1924 1277
745 1204
342 904
457 1124
913 1721
784 1763
735 824
1772 405
1504 997
1239 1920
375 1451
1995 1255
1017 1474
1300 518
988 1928
1491 1272
1795 329
906 1443
300 1378
275 837
551 1139
1324 1958
276 1373
1042 867
1719 1704
263 1342
149 205
322 788
634 1197
1355 1002
1796 1358
1704 1181
77 440
442 1079
1448 777
916 200
572 1282
691 1501
1167 1794
1145 1456
1738 1416
1303 1620
65 398
907 1915
1496 1743
970 763
697 1690
857 1673
928 880
1337 1947
1415 1918
661 1393
1232 795
1080 1788
1277 5
1694 504
1624 1255
509 1667
1774 902
942 1695
1427 1680
550 1990
745 1379
591 572
1186 1770
1826 588
554 1680
346 706
1523 41
1126 445
362 445
1743 1098
1949 594
138 468
964 200
1402 200
315 1948
734 1226
664 394
681 356
312 331
1020 1518
1849 1712
1440 169
1120 741
481 380
783 1337
1519 1870
147 426
384 522
1368 187
320 1111
1728 1052
1185 534
157 1246
900 1142
572 1079
452 471
1773 629
487 824
256 690
76 1698
862 918
1760 1644
744 872
763 1838
1597 848
20 26
14 1770
917 249
131 313
1998 1197
66 21
952 1458
315 131
421 1651
1503 214
100 1275
1016 1832
863 762
466 1153
1640 1474
350 661
1842 1758
564 1562
1899 457
1756 781
1286 242
1112 466
282 1004
1542 558
1641 1888
356 881
32 1288
1659 1225
1807 1379
1416 298
15 1984
500 1444
838 663
1193 1980
1691 329
829 202
1442 725
845 1555
1638 1551
1059 630
592 1000
1891 448
1679 1849
299 1808
993 1984
96 1637
1310 812
1695 1387
1863 1095
1582 404
1947 1057
1526 923
624 540
1017 1709
1056 133
654 1910
1948 958
636 1435
879 1069
685 1493
103 1320
381 494
731 246
1303 704
856 1308
1638 319
1941 13
1604 332
1182 1129
1676 1110
1690 1576
1633 1288
554 1655
1266 669
1304 597
132 471
471 1962
177 1411
1580 1252
1683 592
161 1906
1302 38
1895 1841
1802 269
1514 97
701 720
1706 1266
141 870
457 1208
695 1577
1444 1756
1330 1936
1500 88
1966 696
1474 163
965 320
1034 735
520 671
1013 557
974 1535
1158 1559
1138 1221
281 1157
905 440
503 343
566 713
1769 1451
1627 1177
1081 1636
754 1472
495 545
311 1140
699 843
1464 935
1876 386
1639 276
1471 974
1674 930
611 827
257 1316
1913 1677
1460 886
80 1432
839 254
481 143
890 1326
418 1683
1632 635
134 726
1824 1495
562 520
1562 120
581 1868
1832 529
1580 1696
154 470
726 614
1086 733
1065 888
923 253
1994 969
1358 1396
714 1999
526 106
1208 643
1838 1359
1812 1491
1993 761
361 748
1972 1540
1539 1932
1933 1908
695 163
1188 142
341 131
1047 84
151 251
461 1844
281 55
1089 837
1059 1965
471 416
1222 1545
1042 1923
1124 527
243 520
1108 955
1450 1757
295 1879
711 1108
700 202
1942 483
757 1077
1451 316
148 1980
1638 860
300 257
505 1261
1316 373
1557 1405
125 1005
172 536
60 1012
979 1805
693 482
1128 56
803 1023
291 125
23 875
870 1440
249 601
1612 1915
613 784
792 1400
1683 1651
1010 1459
287 1495
657 860
1156 1995
1219 1316
1747 1071
75 809
224 1175
1523 610
1742 49
77 1820
1453 420
160 5
1377 8
525 460
1677 1393
315 1575
1059 761
994 1882
119 809
670 707
1445 700
1730 1684
1613 946
814 800
1364 1426
81 1205
1046 584
1124 1769
1537 236
1510 255
188 1661
856 1201
1554 1247
54 714
1030 1898
1298 632
949 1723
1598 920
659 275
1707 1499
1740 769
1972 1486
1601 875
578 520
365 356
635 52
423 1964
310 1342
445 1324
1472 1774
1806 234
855 1272
1407 1642
472 1395
1486 294
1430 529
1188 741
847 803
912 263
100 884
49 1327
371 1860
1393 142
1989 1128
1807 1442
100 1342
1340 845
1984 824
306 1233
1848 980
1419 922
898 1331
750 1203
1125 149
579 1547
1150 1066
984 212
128 709
573 297
961 1455
1998 695
1813 1134
97 472
1278 1
1506 1055
253 481
112 1171
902 1138
1026 94
1194 47
1235 932
858 1507
1301 775
472 1598
1624 1150
1564 415
1302 1198
1741 529
143 1222
1464 1967
737 1994
1819 93
1666 742
506 1650
344 1378
2000 1450
1037 714
831 1394
337 465
235 902
1678 66
699 1294
935 864
424 1715
557 895
1825 1542
86 1441
1084 535
972 811
629 773
1137 537
1310 1335
1470 1411
1877 1011
129 316
476 1694
1510 1925
1977 522
22 1291
31 1898
1714 1651
696 1589
971 273
1923 405
727 1873
219 283
67 1768
1970 1770
1553 1851
680 1501
226 56
1832 1826
1295 757
815 642
1293 1297
413 1330
1235 1470
913 1016
503 707
1414 1714
1095 675
568 1169
1921 1789
1618 669
2 1051
1729 385
443 1958
115 1255
1443 1292
1083 80
302 301
1151 1404
1636 464
414 49
1707 27
1178 858
1313 1065
1972 960
201 1884
1297 1973
1145 270
1148 1551
1648 1118
1017 1122
1125 1789
371 1734
134 356
1314 1879
840 243
340 1388
620 951
1305 1075
1863 288
596 1275
43 1030
1772 1468
242 1552
1275 74
1740 1016
1896 123
1928 1129
1801 1655
580 553
1269 602
854 1146
1089 771
881 1519
1194 1864
247 747
159 1785
1802 1695
836 1153
109 1637
1317 567
589 1830
1893 1044
421 1996
383 1777
1679 942
1412 196
1694 1464
1378 191
960 841
454 48
799 730
412 159
1489 1257
1242 968
1993 511
1828 1316
454 114
1567 1601
1302 943
1931 726
840 82
1123 71
1809 1864
727 706
230 590
1627 525
123 188
1967 1603
1524 1358
1004 1302
1791 814
1140 554
514 501
969 1179
922 763
1330 479
1616 762
38 1783
1657 1173
16 686
888 1576
735 234
1124 1608
577 582
667 971
1681 395
758 581
1156 436
1429 581
1744 1177
1688 293
100 336
1822 166
8 1817
1157 44
1194 1626
1208 1135
1453 954
745 1366
1391 927
778 371
1875 1837
469 778
341 1660
1337 31
1937 32
257 1728
695 1043
11 1759
60 410
1425 1266
1512 1726
1478 1868
914 1481
1991 1296
410 1259
1356 1809
1059 711
607 310
174 1479
915 1610
124 289
442 581
26 1069
456 1449
738 790
1527 1077
847 1428
910 54
243 742
1010 287
1021 791
1507 392
754 282
1406 1632
1379 1762
76 1086
945 572
1758 186
1015 1694
1432 895
1084 1109
1241 1049
393 1808
332 1467
1693 28
1076 663
1101 295
1936 1860
1350 537
1446 498
879 997
975 1100
1349 1319
1268 303
1804 225
958 1632
1452 1
1059 1595
1950 1170
1918 1445
1830 1701
501 1411
1939 1927
69 1743
215 1062
617 365
337 928
17 589
1949 500
1015 1764
1492 497
133 94
413 283
1075 1073
1000 900
1848 228
1766 1666
336 1569
1539 1895
596 154
1302 1786
903 1909
88 1505
488 1241
1818 1730
5 1859
1028 1743
887 1436
1130 853
499 1240
857 518
1673 1490
155 1666
1284 712
632 1907
640 1403
1480 551
1703 1783
1830 509
1098 650
510 647
1029 1259
1076 408
657 858
1710 1588
641 184
352 1134
1215 1772
1500 1242
502 1760
1959 856
1579 1862
1322 101
1390 13
509 1874
1791 1288
155 1523
1608 479
1577 1446
669 1929
1201 779
726 295
941 288
1863 281
1435 1181
1178 345
841 283
704 1614
369 1846
438 1851
580 444
1975 259
1294 1777
997 1730
162 377
1777 954
1385 1422
1089 1148
420 188
327 1457
1798 1518
1298 1
351 379
1965 1648
566 164
1269 1451
1322 400
1064 199
295 1526
1108 144
543 58
1280 1523
252 1805
150 1624
1644 1075
786 1600
576 982
1222 1623
1758 1986
1008 448
823 210
561 1735
418 1188
253 1611
1502 1927
202 1074
1746 381
1100 859
739 1664
1592 1634
522 1278
806 428
1037 145
832 1433
1016 1618
1779 429
1754 1217
885 1741
1548 1594
959 1360
1373 1265
158 614
1589 264
181 1527
1201 248
217 458
1176 989
1793 727
234 1808
520 1663
756 1452
1847 820
707 1184
818 618
349 1093
1170 369
1559 765
846 225
247 258
17 97
849 484
1736 509
1415 1843
478 758
876 932
1403 1944
1573 206
134 1900
1651 262
456 1226
663 1361
1227 1218
822 1643
1659 1388
335 1783
374 283
295 1257
1448 698
1291 1026
509 478
1806 1441
800 930
288 1702
1029 1317
1210 548
1080 1502
1869 1222
1280 298
443 121
1043 1711
804 80
1770 1886
348 813
1126 254
1980 867
156 1134
1526 238
1042 1533
499 1234
1291 997
1887 1680
310 1687
1044 134
1245 1248
1478 1591
305 1584
1372 1218
1550 610
456 448
568 1545
237 1193
1192 428
1308 855
706 1061
301 515
719 1269
1221 1635
1308 327
873 892
1023 271
66 1068
1769 1880
1397 1852
284 976
65 859
1684 1056
208 881
1979 49
486 1991
995 1843
530 1866
1221 1036
916 457
1779 752
471 386
1568 921
1203 867
859 57
1508 1095
1716 392
60 110
288 1809
1849 1761
280 234
377 661
1973 331
1485 424
1591 491
185 1041
717 247
1559 830
315 685
1747 1248
1317 1122
216 1176
18 631
1350 1802
328 521
1347 1788
692 1217
1603 245
162 1630
1049 620
1572 948
1131 402
884 1256
259 1386
891 1680
1863 1190
470 149
660 231
1014 354
1389 629
1967 357
1958 983
792 1992
616 1578
1403 1054
623 1224
771 110
478 1812
1090 1263
544 1568
1709 1462
1269 433
166 1506
1968 1817
935 1375
1217 1260
245 1530
1464 1311
626 1672
730 815
1884 1716
299 1983
1636 1921
343 7
722 1944
1364 1480
1912 521
826 1754
932 970
1368 983
1025 1667
1664 571
1877 13
754 720
1048 646
1612 1752
348 1450
936 1860
753 689
1932 319
1721 300
1695 68
1923 984
287 1864
850 1634
1564 892
1455 1322
437 784
1375 1790
1226 1769
222 1735
824 8
1580 1295
1964 885
603 1227
1619 1926
1923 364
1592 1865
724 1470
1754 422
1011 1048
792 1243
957 911
374 1993
1498 1292
164 464
1715 1508
1574 1901
1826 1708
1132 1158
231 750
160 328
39 1803
583 605
1433 1693
1203 1585
1903 196
1502 1159
801 1045
1589 873
1733 541
557 1131
667 1050
1582 648
437 708
451 1243
1957 1334
234 207
161 630
680 506
846 1627
1612 97
220 898
276 736
717 1810
1276 1261
1704 14
1232 1639
536 1752
1 663
223 394
1972 1031
1725 620
1666 448
1821 1385
753 949
1833 1259
1589 1386
168 725
318 1852
1829 1595
828 965
728 960
221 674
1568 944
1469 830
1900 1094
1113 873
1435 1287
1310 1561
1706 1720
792 1246
677 994
1030 1383
1991 1372
1312 1187
94 1288
1692 566
1123 584
1398 1505
388 1289
849 1054
1937 246
1280 1411
338 361
1408 1260
857 648
599 1975
78 350
1705 1467
656 719
81 937
1029 1512
1329 1876
1135 1308
277 700
1385 1880
329 298
1823 966
1439 564
815 162
1426 1115
1694 467
1522 473
994 1752
1276 926
426 529
1821 502
1375 278
25 696
1260 623
1434 332
985 511
572 1127
1497 361
1815 183
1574 1598
1341 1834
1181 1317
504 1291
807 423
1718 650
327 470
1997 1779
1419 1378
1804 1138
1478 758
540 1026
765 810
46 1890
913 738
1802 93
548 729
804 1616
764 1734
1847 1792
1848 295
1804 1481
1834 428
1197 1949
678 302
112 1831
160 1832
533 1623
1938 983
651 1281
1426 986
1174 1220
1333 1170
1856 586
1203 1042
1635 868
35 1824
197 190
303 1998
637 530
379 1797
1086 631
1809 1760
1908 1436
277 9
898 270
635 650
454 1310
1863 1356
341 599
1266 317
115 618
1637 296
511 1303
1934 419
226 1270
225 798
74 360
976 932
1161 1621
42 966
107 1187
288 347
423 1182
900 91
1711 134
1079 1249
1043 1643
536 1317
40 639
587 1706
952 265
427 1187
1710 1920
607 416
962 1287
1410 1982
1467 1713
1465 639
358 1990
1790 883
725 315
698 1013
65 1065
1986 1843
1391 543
1954 1000
800 873
1499 1379
731 292
341 1984
1699 33
907 48
1626 327
1457 709
971 1719
743 827
1310 1570
1170 856
552 1029
1071 237
178 1991
854 1055
1963 670
1047 250
449 423
1297 954
1113 1056
801 67
434 1645
1028 49
726 582
554 293
815 328
1855 1946
919 608
546 1086
1101 50
1814 1574
264 1537
428 25
1927 230
1643 1574
1658 1131
1303 141
1431 346
1411 340
920 10
1292 1311
237 526
926 1467
1511 1362
853 14
217 24
228 370
515 1719
550 344
1860 621
1486 1888
1848 1924
553 498
670 248
971 725
1069 19
1835 1872
376 174
269 701
1447 1878
119 1258
570 1594
1196 984
440 1864
948 1680
342 912
385 1782
1330 1521
1047 1117
1271 791
47 383
973 1556
586 994
798 1614
1265 296
480 1983
1339 420
235 180
1663 1159
1109 1380
654 395
1511 875
1040 776
375 777
1999 1412
1342 579
1948 1433
1585 1471
1675 137
1113 1417
1464 198
346 1238
230 666
363 1773
3 1540
627 612
1049 1746
958 1209
831 1283
1437 884
125 1982
1847 1108
484 1554
1850 1293
1517 1896
1608 1510
502 15
1827 391
871 768
525 1223
516 356
626 1068
1870 1454
1637 1543
1703 853
953 538
327 477
737 135
1098 211
1186 583
945 1229
733 1102
1454 21
900 1837
457 1021
800 698
1786 138
539 1151
927 1803
342 1570
377 1911
324 907
1329 831
795 1174
1340 825
1138 810
1956 1033
101 950
1608 797
1481 1532
1530 1140
1738 1628
715 1941
1812 1202
797 384
964 1211
1850 1296
1143 786
1307 1837
975 1647
770 1185
605 1972
1848 41
265 260
814 616
1099 1798
1673 1467
837 1623
1314 1895
1590 875
1822 734
605 128
767 931
48 95
767 1690
738 1021
1256 812
1292 1282
456 186
1239 481
1892 1889
972 1477
895 1004
819 326
804 444
309 619
470 1895
1213 1280
1989 782
816 10
1742 1697
92 1972
672 438
1817 328
290 1115
364 1166
239 23
1633 372
1522 1582
774 1079
717 321
144 744
1300 98
1474 978
207 1635
1140 99
1917 1704
283 1520
1368 1522
366 407
1870 375
13 559
296 1915
1518 800
668 714
1288 795
230 513
1116 59
329 926
1305 800
1462 1398
1000 1881
1997 98
1109 813
1252 591
606 1995
8 1151
966 175
1079 782
914 787
361 69
1417 212
1588 1349
1448 642
1434 913
1130 1393
621 1283
334 427
47 1636
1894 363
1326 1403
1124 1253
1451 1322
152 1817
1874 1546
1430 571
282 1688
1976 158
713 808
467 1342
1477 1462
1162 1770
988 1773
859 1771
1694 1269
1678 1079
1012 831
1900 15
260 1294
1772 1500
1254 820
1746 232
227 356
1647 295
372 137
432 405
228 392
1030 1953
1516 1884
1488 1377
1554 1501
903 482
941 427
333 1942
468 1994
1325 1567
488 606
1135 1657
192 809
1683 42
1912 443
935 1
958 929
1329 1698
864 461
1413 544
1193 990
221 1976
380 1849
709 1650
1694 1662
905 680
26 1754
1347 296
1419 861
1613 1912
856 925
424 1988
1777 888
67 1095
1007 318
972 1882
83 950
1108 1549
437 36
846 1159
1802 43
821 118
1115 104
1522 1062
157 1165
989 1549
304 1538
1835 1607
1181 1501
1667 855
49 992
1943 223
800 94
1119 1589
971 1653
886 862
1993 1332
258 1072
1147 1350
84 108
1567 1773
780 279
20 1615
1572 1311
1798 844
1479 602
7 147
986 1006
206 735
1720 843
1714 1235
523 781
888 17
1410 578
973 1520
1463 359
404 716
758 972
85 1493
117 1327
1210 1882
1500 1805
84 1178
1738 200
835 980
1559 361
1423 314
1925 1000
938 1995
440 1485
557 327
1131 1822
645 1408
1161 667
421 696
496 483
171 910
799 1035
487 937
1201 792
132 584
651 279
778 1712
732 1841
319 141
1413 588
374 149
1562 97
579 434
1306 414
582 141
1375 1741
315 1226
1332 1006
1870 12
1221 611
64 1074
1783 95
70 1556
1638 1396
213 702
1749 481
657 478
449 396
1684 1499
1157 1118
1068 531
1861 870
1360 1403
190 924
1322 120
443 1228
1762 1422
80 174
216 1087
1487 469
1223 1248
759 681
274 767
641 1295
754 1504
937 422
1068 127
446 78
1925 847
1641 201
1660 1750
770 1392
1407 1482
1570 1615
323 1811
891 958
441 685
1711 1047
359 1142
1596 1607
475 640
290 1883
298 708
569 699
1796 1893
1772 892
815 755
228 287
679 1921
1881 1180
1433 1902
1453 1213
505 704
517 1689
837 775
712 808
957 945
213 1774
1280 595
880 1110
542 392
1749 1243
912 1381
1065 1210
831 1623
1068 1771
891 1377
1761 1146
371 551
1212 1023
1412 680
1740 1400
201 1700
1433 1697
1222 1044
1957 1348
1462 980
155 650
830 1995
2000 1655
1729 636
1418 273
1502 989
243 799
1312 1795
236 399
532 43
96 1346
1405 1089
102 77
1023 716
1589 1154
1868 1278
1761 244
263 1967
1096 501
961 603
918 1342
1736 433
127 1407
680 463
227 276
767 1326
26 1485
1141 1619
1432 1190
1495 1180
1731 1818
676 1310
149 1444
546 1754
1601 616
803 510
1556 471
535 1369
728 523
469 1457
742 1093
767 835
624 931
1295 1465
698 639
1525 931
670 17
643 406
419 1150
572 26
891 271
737 138
1892 327
1000 1629
948 1974
1475 1014
1394 1014
1174 1867
111 553
2000 1421
1157 1642
365 1480
595 769
1706 1579
1521 426
357 1893
1815 1624
1293 752
1155 1313
26 1693
1644 840
871 318
190 1475
1467 1730
505 1838
1101 1819
21 1694
1826 1364
1123 1166
1273 446
386 879
1034 1388
339 441
1364 1668
1967 1528
1564 869
1868 1011
125 1951
928 219
1515 1155
378 868
406 375
944 1341
696 1401
975 1407
935 1427
1551 192
1527 719
692 1855
660 453
42 50
1027 1647
1767 217
701 921
797 880
996 138
1099 1139
343 1497
1351 1273
1062 576
1936 922
884 1488
412 527
994 1410
1122 1346
143 59
348 1987
776 893
79 231
1531 1383
845 885
495 1312
1451 303
1842 740
1531 1061
1127 381
739 1392
763 1402
91 1834
898 1553
1313 1153
1176 1356
1097 305
653 1345
1572 934
1411 1983
1012 1575
1678 1073
1600 1737
687 619
1894 1434
968 794
257 1996
550 997
1326 1821
1208 1825
674 111
1904 908
1357 1660
1934 965
1192 1270
787 1200
1332 224
1900 645
756 1999
1755 584
1979 240
1167 1733
23 715
1414 777
826 1370
1964 508
923 314
1343 1741
522 566
277 1445
1297 1344
1234 494
177 1274
299 1829
892 689
69 1983
878 1116
760 1923
28 1123
444 1870
1236 1032
1103 1055
1692 1172
296 544
522 1164
266 1473
722 578
448 154
1890 1897
939 1555
828 1280
931 717
835 1015
758 1927
1483 861
689 764
31 1105
193 813
894 560
1301 1842
1200 1681
255 203
312 1522
1187 1301
1558 682
368 401
1076 826
1421 1409
172 46
356 1613
562 564
1561 1220
670 1332
81 497
91 523
1533 1024
742 16
757 1112
130 161
287 973
504 1908
1283 1832
136 913
1287 951
1633 417
1344 717
895 1555
1062 177
1 1383
1280 1935
848 1618
576 1939
1337 18
882 719
1730 197
1238 1657
1559 219
1029 245
1564 417
122 865
1200 1573
1387 1535
1827 1690
1502 628
994 1254
70 570
272 1306
1989 1294
1061 1280
1164 43
759 1269
37 1506
236 1133
1757 349
859 19
724 880
1370 373
1292 1966
1031 427
1497 1903
293 188
298 166
739 1803
1377 345
656 31
1422 1904
426 1084
133 1458
641 1668
1493 1768
1048 671
1325 1945
883 494
1218 474
549 1263
332 1058
1863 1638
450 1137
1648 420
1568 1083
13 697
1299 1603
1769 844
127 386
93 795
347 1851
692 677
709 512
704 1338
455 1550
1817 1240
550 732
92 1439
1874 1415
943 169
1043 966
270 150
969 365
1674 1087
1979 1155
1544 1027
1781 285
1611 399
425 1556
1484 1511
1236 537
1146 1445
1987 527
1019 165
1918 87
1570 1330
1740 1681
891 1676
1990 1475
30 1453
1496 264
227 417
1663 1349
11 165
485 1916
1058 1381
819 1822
819 758
435 643
1054 701
481 1470
790 1319
1593 557
492 1150
892 1666
312 394
1426 1236
1083 1189
334 1734
1184 384
87 1554
1096 1170
176 933
404 1432
456 1502
812 1102
666 1220
469 1201
596 383
343 1390
1684 938
15 1281
1049 113
1621 573
1094 1858
1806 1251
1236 1813
155 1926
235 1402
1336 99
127 1384
1219 1041
482 397
391 259
438 290
139 1743
1072 1467
557 730
1279 810
853 117
1684 1544
1601 240
688 1294
1533 487
604 1433
1402 1827
702 200
1801 1244
424 1890
677 171
829 311
312 75
1009 323
900 1582
279 951
1361 1290
563 397
812 1506
1199 244
1152 304
1351 1199
688 778
142 791
231 549
457 1350
284 5
1773 1118
164 576
410 1453
30 1010
516 454
1274 887
40 545
1043 613
1742 25
1550 611
1460 1587
1701 1817
1471 1321
364 1702
632 860
1064 1040
731 602
403 1947
1456 1634
841 1404
255 1969
1121 989
62 151
137 1083
1369 1810
66 412
1184 1661
1092 337
303 1140
1359 526
1875 1275
1806 1910
505 1463
1063 1384
529 1277
235 1698
584 1791
16 1652
595 1538
1963 1216
1013 860
494 1878
1527 1363
831 1237
753 812
151 1729
1543 1532
1597 1881
1248 5
654 509
1567 110
1834 781
718 1853
1656 1437
1566 1456
1334 682
1420 701
1998 733
1006 1635
1559 1206
1888 551
720 357
604 45
1780 1922
1026 1009
470 129
954 453
392 196
257 1899
1293 822
1265 1616
630 1756
980 95
1399 640
1079 1601
11 1354
14 448
161 1724
857 1166
1706 1612
651 779
1003 1346
498 352
1753 657
1491 487
810 1141
927 1402
462 1456
95 563
1519 1532
1274 615
1624 1488
1968 400
514 686
1443 96
544 335
571 927
6 1370
1571 1082
1717 727
1201 1072
604 76
1483 1009
1876 1142
1933 476
1756 400
1147 1158
209 768
299 1346
116 582
1072 515
445 267
1139 810
76 1110
788 1442
521 778
1043 1249
1966 1301
404 1072
1749 1510
122 1009
1048 1129
1310 824
964 1885
1865 1552
1549 1787
569 978
1681 350
975 321
1507 756
1017 1201
1124 1546
97 308
424 535
545 1045
1722 974
1160 1406
144 1023
1187 829
503 1177
1603 1608
214 1646
1168 1536
766 502
1104 1679
738 271
664 1107
319 539
1379 1000
1984 1575
815 1447
297 526
416 794
1170 1826
586 55
1922 1126
662 959
1015 1281
732 1139
11 500
1712 822
928 991
1413 751
690 521
1160 956
1564 823
1123 675
1338 1395
1419 444
459 1927
703 798
1075 882
1075 557
162 1449
1064 589
1489 1892
196 1956
674 536
330 1294
769 1333
678 599
1331 1827
1538 1447
280 929
957 1281
382 1265
1992 406
157 1896
330 572
1524 1109
921 1922
1004 1860
173 1766
16 1962
1513 1500
1930 88
1256 813
1881 477
1166 67
737 1542
1458 589
1787 1396
163 1090
882 1238
225 1378
180 1854
792 1036
284 379
1687 1020
823 464
1144 598
623 1769
868 185
1898 1530
1306 1632
1814 937
1377 1980
1733 727
263 1153
1547 1950
1884 261
200 58
491 258
137 181
93 757
1431 615
1439 1852
859 1995
1394 1043
834 1241
31 1706
117 1447
1919 1867
589 206
1912 1703
1028 1282
1210 1057
921 1515
666 782
171 1718
951 1875
674 1492
1458 881
1215 1176
400 1381
1271 1328
743 1434
1593 546
174 1952
131 42
1986 929
1187 1534
426 1381
101 1066
546 1521
108 109
1784 1421
948 1626
1313 1905
1551 927
1523 1750
1457 1732
1684 773
961 1846
1153 566
830 65
1627 911
752 482
1175 1041
986 711
526 342
922 1815
1361 22
188 928
1643 711
979 1262
1205 233
843 835
1296 688
1465 1205
1611 813
1781 80
210 1140
686 472
227 1794
799 1617
68 729
636 300
791 1905
1676 1871
1193 305
1588 1409
1562 1489
1416 354
1654 469
1687 1230
7 1049
136 606
1625 1624
56 278
1889 189
921 397
1704 896
424 341
1506 318
1670 1870
47 1604
433 1848
1869 225
1516 264
1553 833
709 1792
616 1356
673 1659
908 602
1068 1129
167 420
1501 354
1391 1662
1456 256
717 1308
1943 586
629 424
900 1238
1779 681
1081 101
1322 1852
849 1909
1193 1139
245 1459
855 798
1378 86
1544 1187
1530 497
288 1681
821 13
489 1894
383 177
259 1567
995 764
1304 768
1449 1902
1429 960
1314 1837
171 1797
915 638
105 795
1102 1165
323 1622
1935 870
564 1761
206 656
768 1802
1509 1967
1478 903
469 5
1021 1314
1837 975
772 424
1609 69
11 1869
1984 757
1941 1288
843 1082
863 1306
902 1475
345 1263
1670 866
1752 1449
661 1539
1941 155
1691 1726
423 692
1950 228
933 951
1797 1602
787 1562
869 817
1855 1626
897 435
139 1170
76 1307
1794 118
941 1937
1177 1168
1357 1636
88 69
1977 750
20 1138
899 1265
461 457
1136 1815
703 1214
1168 1879
1932 1727
412 1459
543 1995
145 96
1761 341
1351 429
1257 1733
348 1718
1902 1839
800 117
596 1124
822 1672
1597 1982
104 1038
40 328
916 304
1075 600
1041 736
1846 899
1713 1485
919 1094
651 293
1144 1460
1216 696
961 522
1143 1400
286 1281
1490 1257
393 1788
197 1329
109 1243
208 1536
1942 283
837 1243
1713 365
417 1774
1189 1108
709 1864
906 39
760 1818
170 693
1997 1023
1129 847
768 416
732 807
479 185
1633 353
1803 825
1081 231
328 94
223 451
1558 1510
1099 19
1506 1700
729 1264
1074 774
1097 1401
1238 381
950 285
375 1575
172 1049
1781 1994
1589 1924
1942 1090
459 194
965 1602
774 1286
510 435
583 522
1294 1766
339 753
1832 1469
110 1668
204 637
848 550
957 1706
1121 246
337 1848
593 1479
133 933
746 1161
3 486
479 1198
1867 1054
1480 720
687 45
886 1317
598 1266
654 27
1667 1752
1093 141
35 120
262 855
322 76
451 655
1162 1245
1257 66
584 1350
1873 1803
82 1430
343 619
1886 1022
1557 1985
1511 15
1460 1207
1712 544
1140 588
110 902
1429 170
1623 958
1168 113
1103 819
951 181
48 1009
941 983
1831 669
188 160
418 1185
24 1950
992 428
387 841
575 921
1936 406
607 1038
1840 462
961 1902
1516 1927
1518 583
1904 579
1372 801
72 1899
66 377
1438 971
1105 552
333 1245
1500 1941
772 1797
912 1141
1970 1720
89 766
231 279
1638 792
1911 1386
1211 1618
753 238
700 1913
1128 1221
607 939
1994 1776
171 547
1488 903
146 115
1202 1028
1979 1574
57 96
276 345
813 1935
666 1241
725 868
1206 1171
304 1713
925 1113
1327 1274
1493 765
1570 1265
1692 415
1132 1012
552 1035
14 1617
741 1381
1305 790
1288 884
1457 801
254 1976
457 1217
1385 1111
434 1006
1239 1024
177 1386
825 1492
1351 1146
1364 1753
372 48
621 667
326 1093
1730 1215
1105 221
1096 1030
1293 1285
294 165
1037 1113
720 23
594 1017
1250 1947
1593 176
474 1609
768 821
1610 880
364 1905
178 1791
510 846
852 1802
466 1104
168 1196
969 553
1465 981
810 347
455 742
528 190
758 1759
976 1891
117 6
176 795
828 1881
1195 181
1637 564
228 125
1753 456
612 218
68 58
651 1318
1822 323
1845 499
1481 558
1580 751
1708 268
759 1781
911 870
476 906
662 1181
765 309
86 1313
776 18
937 669
572 1653
1912 1843
296 929
1377 745
288 1972
1726 1551
1984 1492
338 209
234 1373
1119 102
74 829
1038 862
572 1241
273 1257
1181 1609
1536 1597
936 911
1177 1814
1502 1227
437 865
773 1549
1584 1930
1489 409
1418 106
257 1476
343 935
640 1232
1620 1065
1293 1934
1552 869
582 1165
1392 649
1579 1109
1299 1913
1569 265
1574 684
1348 1093
1117 1350
1317 1445
59 1005
1723 734
124 158
1942 1377
391 12
1955 1335
1335 948
1301 495
884 1281
1152 490
1211 390
605 529
239 215
1665 1135
798 560
606 1067
696 327
74 1387
1016 364
535 230
1492 882
1151 1911
1780 936
330 1550
1539 1231
1958 15
573 1148
343 759
70 404
278 1804
501 838
617 655
597 1176
1096 1293
370 550
1080 1784
863 1661
257 1743
1535 1502
1068 729
1361 1783
1496 1904
1188 595
1847 1460
62 793
809 150
834 1571
95 90
1395 1637
1314 1814
806 772
1928 1755
1002 1736
64 1730
1975 228
151 1676
813 856
1896 1659
1554 442
16 405
403 691
1351 1072
1166 212
1255 897
63 1236
910 410
1350 850
1998 836
1001 137
204 176
643 1939
1816 1134
1050 1980
560 1456
20 774
656 1312
751 674
1294 1428
1519 1457
762 930
1115 422
255 843
481 236
1383 698
146 1872
762 1715
960 315
268 187
1446 1287
1514 392
884 1875
140 432
238 1953
1926 1567
1300 845
513 1257
1116 1504
1975 1031
554 1706
865 1599
568 1996
1609 1255
500 506
1510 1437
1286 852
1621 406
1548 1619
643 1999
1140 1517
78 688
981 1856
1529 159
367 1254
1034 436
1714 1147
1126 1414
841 170
1568 286
1215 1220
911 293
616 1259
1700 1332
61 1984
1834 1766
1468 1582
227 1317
1799 258
704 1636
254 962
1503 218
1340 1167
1023 1256
76 1274
1210 1082
1763 583
707 26
1214 1060
873 1753
764 451
959 44
659 1430
948 786
242 1036
418 519
377 1994
967 758
1178 744
1655 915
1983 1482
149 1593
513 953
1404 594
926 1133
1240 309
1746 1601
1632 385
1743 361
839 1243
1100 944
1121 536
1442 1889
1559 1467
306 593
1935 185
766 1350
933 1636
1084 715
114 658
342 372
878 658
1556 1957
177 978
1776 1869
1032 409
324 1824
1780 1095
794 543
100 980
318 57
242 814
1613 359
664 1998
611 604
560 239
1364 1293
1559 788
1050 1058
76 1070
1449 1273
250 927
1281 1911
713 783
1640 1335
1265 1064
1419 1817
525 371
816 1583
1570 1676
1089 1638
1084 1004
1797 1471
1766 1210
623 1248
512 1609
1406 777
1098 867
1963 657
592 1546
373 1558
1232 777
209 1041
1445 1342
265 250
211 1214
206 661
730 1809
236 1366
1454 614
81 61
1377 1720
78 1396
1690 1643
861 1084
927 610
1671 292
637 492
96 1187
882 1711
1989 841
1351 1588
1800 10
724 1640
984 703
1806 167
1289 625
308 262
719 1697
1056 170
1726 1013
1760 1545
1219 1524
160 565
507 1523
1506 1126
2 1553
1452 426
138 583
1022 204
171 1807
1201 628
1260 1234
1685 621
1743 262
396 510
109 763
124 557
1350 861
1535 130
174 1900
74 1744
1650 609
450 1438
583 958
61 650
1191 480
331 12
174 226
929 1820
249 269
703 1225
216 1823
1532 242
1620 1018
242 216
1922 548
1618 1087
1543 833
1917 613
1690 275
324 704
670 1163
500 1771
1822 835
816 700
1352 1759
650 97
1714 671
1466 838
926 593
1522 1605
627 314
1576 740
1689 691
913 1850
1882 45
1165 1060
1707 60
1219 927
1677 9
1728 1734
1764 90
748 805
1907 1315
1787 1048
1303 13
639 727
1995 1594
409 1881
1315 1400
909 859
1177 1451
1831 412
514 1784
197 1135
1058 448
499 657
327 855
1447 187
1269 1533
1151 1455
112 1796
1167 124
1517 1921
1201 1971
706 1102
1890 95
85 1646
1867 343
1542 1602
1416 1488
1609 464
532 1315
237 1457
1327 769
149 31
1400 459
1342 521
1006 855
573 1272
1044 40
574 120
857 1380
1638 297
1605 306
750 90
1487 1523
1688 186
526 1003
559 1380
1720 928
827 980
1116 358
7 1339
1445 214
1632 727
1243 1118
1383 1302
1529 419
1115 1182
1577 1908
1569 627
8 596
1758 838
1979 746
39 393
1215 1901
1208 1727
105 199
698 1073
1031 1040
1864 1672
71 768
525 1444
864 1234
1298 392
252 494
592 1639
118 1951
1718 768
923 956
1467 821
539 689
1549 1990
948 998
729 6
944 387
1852 752
1379 1144
37 1050
1351 1877
943 1292
164 696
280 359
232 788
1966 878
1996 1084
485 1174
1479 1337
1655 1225
858 198
144 9
1808 987
804 1443
1009 983
1613 1943
1172 1720
28 890
24 1902
74 1005
256 1830
313 1434
16 989
241 900
1003 1870
169 1623
1951 131
1021 1874
919 1644
1429 1460
1701 1501
1074 400
1587 84
629 1142
1161 1379
356 1967
668 111
1068 848
1076 198
1569 1485
1445 1168
285 1918
1982 230
1477 346
1577 973
1567 1000
1098 737
439 1928
1907 472
885 337
1400 1185
1849 1157
1417 1290
1454 1968
453 1967
1192 815
1368 499
644 200
909 1058
1611 1234
967 732
1972 395
1493 1382
1663 96
1386 1830
1567 60
1872 492
644 627
1571 570
545 1335
1924 430
781 1609
932 1913
1800 1629
1475 826
1659 156
1916 246
1936 1383
495 968
360 738
613 895
450 1799
42 920
878 1887
1940 1150
116 1603
647 402
744 1952
1784 546
1168 1216
560 137
1436 282
988 1145
261 720
575 1291
1186 1757
501 72
1686 1943
1969 892
381 878
1256 282
1110 1014
895 970
969 1030
301 635
426 580
404 386
1488 1767
473 850
320 816
1003 1525
1780 675
743 655
26 1500
686 1554
1891 129
1867 361
1435 1855
473 1880
901 673
1884 1392
1517 898
129 1726
31 1831
1285 535
1067 458
1928 516
590 408
679 625
1521 427
1418 1907
651 920
1784 863
1170 1741
1255 1868
1481 1715
597 1471
818 1850
880 1971
834 1045
1521 1108
647 430
625 200
1091 381
249 321
1991 882
1792 779
1300 1694
529 1026
1515 1029
430 1509
942 1286
232 1586
1060 511
1994 460
108 1916
1798 298
444 1036
1756 616
514 1082
394 1663
1821 558
484 340
1429 1326
1337 569
1464 893
750 1557
62 986
1630 1934
1591 72
1520 680
1528 1693
688 563
813 1672
343 244
1171 1116
1734 1922
1328 821
1450 785
372 413
1129 1678
1374 1799
587 16
1546 440
1047 1520
131 90
1675 87
882 1608
1556 1675
656 89
117 953
1711 177
1036 1918
782 1654
357 1868
875 649
24 1967
853 679
319 1640
493 380
1585 1923
18 277
1950 300
407 361
1981 1098
456 862
766 840
801 418
1411 764
360 1111
804 1938
359 557
1395 1883
1571 1791
946 1403
71 909
20 1510
1202 1807
507 1837
61 811
747 1800
1812 636
363 1338
1178 692
1728 1096
1489 1341
560 873
994 646
429 1942
1321 1187
1407 409
1755 1400
1613 961
665 1722
515 1644
902 1160
1030 198
528 975
1998 870
1243 1124
1208 122
689 1957
993 1926
25 217
303 1884
1009 8
303 596
1838 1333
237 1424
661 1359
1554 1271
1559 534
1188 800
1254 841
614 1809
1093 1209
1817 1157
1186 1777
1374 1965
1676 602
1328 1311
718 1117
12 1128
1743 1101
1608 937
716 1096
930 1097
603 491
1459 967
1191 244
361 1352
557 137
1857 1643
1183 68
195 1148
1057 537
1302 1649
861 883
278 1094
1255 26
1545 401
483 1042
1308 161
372 566
124 1231
697 1128
885 1385
1718 708
92 1701
1107 1168
7 1650
1921 1717
1076 1168
544 1949
899 1550
1960 18
1877 233
235 1987
430 315
917 1144
80 157
709 851
1622 1216
1759 1931
431 1584
254 970
399 1087
819 329
1503 573
1186 1601
634 1859
1320 949
1134 1462
186 902
670 1731
1887 1153
556 514
894 1883
1288 1434
1938 643
1681 1610
1764 1960
972 1552
1580 1842
1403 643
391 1892
1527 1844
187 1742
916 1093
1968 1987
334 687
1181 1873
1279 913
934 515
388 438
61 1814
1427 334
180 1957
483 1089
1346 943
868 1634
572 182
1314 626
1765 57
1418 1770
1989 1374
921 979
1528 267
813 1725
1750 537
1429 1207
1700 1237
1585 1161
1832 1242
137 1134
409 27
1962 1221
467 1461
233 1627
878 1456
1814 1984
1884 1354
145 730
1236 1307
65 791
1980 676
1805 1658
769 1842
1532 1373
192 1251
262 1173
1007 975
1323 1038
97 531
1618 1251
1697 1531
1908 1723
745 14
1297 1261
1062 1270
1577 1938
390 1313
60 1060
7 168
1561 242
1071 1622
1898 817
1472 1665
789 35
1145 132
98 709
1294 1239
663 1042
543 25
906 1541
1052 1444
457 1249
1660 231
87 288
1320 1184
394 397
836 660
963 111
1901 1077
908 381
632 1227
1544 904
309 1728
1817 1799
492 164
628 1681
1656 1982
806 1799
1586 867
1774 1853
1633 1883
1886 790
1727 1162
1005 1625
329 323
67 1778
620 693
1030 751
1028 301
106 294
1210 75
1424 1185
601 1399
1195 1991
941 354
1670 1499
874 1148
1153 1119
377 1291
1781 1276
1796 1477
1243 1529
1984 1022
1522 920
359 774
244 933
1496 362
1166 601
1619 547
1813 387
1337 1110
377 1212
67 1692
1859 302
485 964
308 1085
646 184
1273 909
1506 562
1925 1752
275 28
628 706
94 1456
782 98
387 440
1620 602
1780 670
1078 1719
939 539
1199 493
1161 481
1082 969
1812 1689
44 613
19 1570
440 1470
1790 1174
683 1639
23 647
285 86
995 964
1050 1126
1542 1054
938 758
1092 1790
520 515
1786 1102
1871 225
422 1039
1210 570
875 1490
1647 716
1503 1066
1121 1630
1332 1303
795 1749
238 1973
864 318
1955 1125
218 1508
1353 298
44 1107
603 716
259 1440
1051 1998
887 1075
202 1737
477 76
486 1613
131 1963
1487 1700
1571 1022
1831 747
1262 1926
1402 1676
1877 1490
194 1026
908 4
1103 607
1946 1291
492 148
1436 1772
980 809
1797 948
1283 1115
1184 894
543 1843
753 192
658 917
1091 1364
705 1795
959 138
1997 1032
1243 1916
913 1066
1594 1985
368 1624
43 141
182 904
683 695
182 1285
959 479
1634 1203
363 571
1865 886
1524 513
449 1441
1918 1411
1072 1073
1096 674
1091 811
202 379
259 231
1427 490
1169 1005
1307 1475
1846 114
1737 532
766 931
1532 1207
790 1690
1743 1167
1389 1397
1977 29
1056 394
1202 1095
1040 1841
1901 981
1614 893
344 1883
951 1386
1075 1905
865 828
1719 1001
876 1167
1784 110
1686 176
1165 1054
13 124
508 797
1100 1691
1116 1127
536 1934
806 33
1809 1856
496 1845
11 1920
548 1835
393 239
304 256
639 1673
1098 829
982 361
738 1555
5 1203
1227 406
1785 958
1548 13
461 1311
520 832
1359 1745
877 1537
1942 495
76 1028
1176 648
513 237
1603 392
1991 6
1068 1453
1014 1599
1507 1268
1753 483
1418 1824
426 1798
1625 354
727 364
1633 945
682 1116
909 1368
1653 274
1640 229
808 335
68 1391
1159 434
1587 843
1234 24
913 571
1533 1514
1977 319
1704 1776
111 1708
595 1670
1017 606
510 1884
587 813
878 618
52 1596
1126 911
86 1966
865 1515
1437 1219
1130 1230
677 1826
1193 1525
1085 251
496 139
1625 197
1622 468
1934 1861
1306 1504
1133 1845
639 1866
1614 1510
1420 1522
1448 498
548 893
689 1273
1977 740
1986 24
1367 95
493 179
264 536
1251 96
67 17
433 214
1379 1010
590 1000
671 1980
438 129
1902 633
839 1469
1651 46
1612 462
1636 514
598 1333
452 1796
102 779
655 908
299 1982
121 1035
1150 609
1670 692
85 668
1265 53
1002 2000
1829 903
1383 556
1625 16
1448 6
642 1027
1493 650
1437 1423
878 173
1663 1937
1436 679
1089 1855
1166 1898
1271 311
1137 642
39 803
1146 626
1945 737
391 309
274 893
1138 1747
340 1272
1726 220
1626 731
33 438
1655 1492
1964 656
154 132
888 754
1041 1236
824 1317
171 1368
1480 1900
1595 390
296 1464
1082 1836
1523 1703
986 548
494 1886
1428 188
254 65
1631 1931
381 680
1711 1050
432 927
93 1937
1350 1858
608 415
1840 1864
879 1154
1138 1372
1039 156
577 1730
1566 1512
137 1085
154 530
1994 301
333 1996
1171 823
1260 1092
1480 1116
1531 1629
1126 1378
879 327
1984 1230
1237 1986
1496 253
208 836
370 312
1359 1591
1203 1789
1753 1476
760 1601
1351 1437
462 1304
1867 252
598 1494
401 1059
951 779
262 1891
940 1848
1749 1142
170 1069
1231 63
477 1329
1057 380
1753 578
1132 375
369 1863
640 1672
732 447
1664 681
56 976
1018 313
368 231
1183 1392
723 931
1035 495
1471 209
1549 841
1960 150
1340 1806
1476 780
1025 1505
681 1413
321 1027
62 740
356 622
1507 1487
1848 1313
294 1303
796 507
310 823
5 1024
1513 1137
872 1494
1365 1473
1268 655
1760 891
658 674
1004 468
1279 1292
34 940
1411 921
1851 1458
1378 1629
1417 1795
48 534
183 402
1881 1415
1985 25
458 345
73 459
1805 172
1296 330
1346 541
1696 315
1927 590
1542 390
1868 1943
831 1332
50 1096
1831 990
1859 1891
1348 307
44 909
1460 1700
218 1271
1644 1591
298 349
328 1433
380 423
217 939
709 946
29 740
494 1760
652 1329
1939 1629
864 1672
105 423
1587 1447
176 695
782 1702
1844 1214
1514 1625
625 1751
249 1192
133 1863
1985 1782
1927 1414
1884 761
934 1371
1611 319
1788 805
1258 1399
248 938
1127 852
1140 397
91 992
34 1161
624 1238
1437 516
1034 537
1027 1119
1499 577
1406 1728
826 406
1346 415
1963 1878
130 1528
154 488
28 676
677 474
276 1215
896 1554
1453 1321
1699 1147
1480 1829
902 1283
1217 744
1710 576
282 996
54 1721
1306 1685
939 169
820 16
1142 1505
1544 1135
93 834
1390 776
1895 1937
541 685
1592 872
985 619
129 1924
1171 331
13 788
332 1293
1365 946
30 115
264 370
1931 1279
963 777
1237 1200
1804 863
1619 272
604 1633
919 483
776 1020
927 139
16 556
24 943
1297 212
1452 1094
899 1457
785 1258
1 675
1091 483
1311 111
764 312
119 1910
1627 1818
1267 1075
1766 146
1407 749
816 1004
1748 906
684 782
1067 1691
1728 666
1621 1446
1716 1191
100 1666
66 265
1743 1866
231 438
1143 562
1879 1485
250 427
1502 1633
1060 875
1607 1027
467 891
944 975
1083 1316
970 1629
705 1363
1329 414
1918 716
1416 1554
1499 741
1920 1832
1333 333
232 1653
192 932
847 471
1187 1276
151 1257
1253 48
866 189
1759 901
390 744
631 968
1961 1499
650 689
440 1529
1833 58
1863 269
1264 1727
21 1552
644 44
1155 145
1356 802
901 1912
380 495
1065 1355
1585 576
1052 1151
1201 1449
567 1353
60 235
1947 1346
1736 1267
1229 395
711 1125
522 1912
1031 1974
1672 1072
1708 1501
1036 552
637 1010
1587 691
1395 1115
1971 758
1466 919
340 1365
1932 1470
798 121
552 281
1412 28
1061 680
1881 1045
1309 957
1454 23
1106 234
1137 783
38 860
1208 1422
3 731
124 666
148 1812
1743 1690
1443 194
1942 563
508 43
1939 739
1346 1006
182 1297
271 1636
1916 587
1265 551
485 302
1042 569
1835 209
148 1217
1506 627
564 1778
1484 1529
1265 1486
1344 1341
1422 1872
1106 1611
262 676
1081 66
31 1349
130 158
250 1577
1305 1747
988 893
288 490
626 911
416 366
1016 1135
1352 990
1085 1387
1383 1411
222 407
485 1004
863 643
1816 1061
1095 1711
1437 824
202 1686
792 1067
600 1077
120 943
594 912
331 1440
1557 1022
1557 1902
1149 267
1094 1228
263 1374
101 800
722 358
782 1293
554 1969
1303 1426
1827 1335
303 457
693 1674
1716 319
798 664
1938 1745
722 1568
581 641
158 192
1689 1420
319 1019
1610 916
117 624
1291 160
1659 1594
684 1648
1354 1366
1533 1251
1317 1747
1142 1097
1578 1262
1999 1819
868 1419
1705 633
835 1578
238 1334
256 500
1555 1626
1373 1995
564 172
682 386
401 1401
989 1937
344 63
1321 1020
479 967
1818 29
1052 1408
1813 474
1652 1734
46 345
1959 1497
1716 174
1873 979
1832 219
37 1014
1892 1815
1143 902
1648 229
1641 441
1873 1502
361 1407
831 450
1089 685
1574 1074
1116 111
562 1751
437 948
1849 1322
752 208
1657 244
277 1255
587 180
1529 412
1810 1861
1576 620
817 1070
514 1562
684 1205
53 939
101 663
851 8
1564 1371
1211 1353
1201 1630
501 854
549 1604
430 221
1078 1149
1399 214
242 1888
1793 21
860 639
1087 891
363 1201
1231 658
318 9
1695 1051
390 418
241 1196
502 743
1066 851
938 1841
1909 423
1881 4
1467 1943
712 460
1710 1597
1725 210
1892 1850
527 464
670 1813
398 315
456 1438
601 443
1294 1075
150 1211
1326 1247
148 722
1320 342
1046 1481
1186 1573
792 91
1079 1468
1725 18
1596 447
1645 232
1392 725
363 158
659 924
1102 760
1374 2000
1193 1925
1765 903
1713 392
1190 234
930 95
1109 626
1670 1539
1778 558
472 1918
482 261
1302 1791
2000 878
1984 890
655 627
933 1154
1270 140
846 1792
1946 1435
254 257
1706 1688
1009 1724
175 1626
66 982
1079 1205
1252 1631
28 1419
1756 29
1842 174
1930 425
312 917
1629 202
848 1856
608 1036
1931 1758
952 1879
1294 1306
165 1384
321 351
900 523
1142 1269
583 304
1829 168
377 1966
1240 904
411 843
227 416
983 1685
1856 1898
144 1362
602 169
1624 1253
397 47
1969 1225
1780 289
1071 898
890 702
1936 728
1865 1666
1916 1380
1565 527
319 1880
726 1823
1501 1044
1990 1827
1571 252
780 1371
513 793
327 849
987 473
1956 1799
1048 371
1064 808
1506 1516
269 87
379 1045
1547 651
1447 298
867 723
1201 583
409 51
677 256
823 1245
951 871
206 640
1669 1824
367 161
1941 1716
1499 1141
1442 892
216 2
1015 1018
470 1241
1195 681
547 1208
1103 788
933 422
284 1679
1925 811
1610 160
1851 1336
1399 1371
575 671
431 1315
822 401
1549 394
274 542
153 98
1060 1468
1135 864
266 1214
234 1462
113 276
982 1785
272 1013
1542 353
1820 841
755 1665
1421 919
1710 1377
1014 1931
698 1205
1110 1897
1091 1340
1707 1288
641 24
1537 1984
1308 1429
816 265
156 1252
1013 1509
1080 679
773 135
523 1195
1724 144
1892 92
110 1328
654 21
1075 1352
933 1812
1618 1116
1114 776
1431 795
325 288
349 752
1054 679
700 1737
1283 989
371 416
1929 45
1429 1729
612 745
857 1903
205 1550
1844 989
185 106
886 1542
273 357
770 435
1733 1773
137 758
1862 1687
308 850
838 577
859 17
232 1992
1376 662
1959 514
662 898
1254 1118
1333 15
429 12
1545 1102
1116 510
234 236
1311 434
1667 700
80 714
557 797
16 1613
1320 1496
92 984
1090 838
350 1655
1113 667
1421 1650
1378 307
1503 1327
1296 144
274 1015
1315 495
313 71
848 838
751 17
600 1704
395 1783
1460 643
740 249
1131 939
1542 1505
1846 1949
1703 1716
2 80
959 1266
115 1507
1890 478
120 884
633 1799
1603 1869
1969 292
474 1752
221 1656
893 1312
916 954
982 414
915 1352
834 1260
1913 1819
1090 852
163 669
1588 729
995 1952
526 188
738 1650
1323 1920
607 979
739 1855
1379 1419
321 1672
1211 86
595 1462
1362 1192
409 700
431 879
1569 913
1414 1010
12 3
1767 1387
399 1589
1978 918
1414 1865
845 586
751 1129
1857 1280
448 1834
410 269
1750 657
1225 928
1854 78
353 542
354 194
1877 651
212 1017
1217 1048
1924 1487
281 1225
932 742
886 527
453 247
1375 1373
976 1041
1412 371
67 1114
195 571
436 1000
1833 625
178 597
1102 136
249 1152
1676 1893
100 1108
1825 571
88 1479
602 1162
1559 1823
1379 1318
804 194
1392 174
1509 103
1775 1406
1545 383
1662 1061
1252 1024
1144 1604
1488 195
1117 1355
141 462
1449 630
688 1509
241 936
1323 16
1104 1790
744 522
1949 1593
203 63
1860 1361
1234 242
1040 434
1707 1382
107 1346
1251 1578
1323 469
339 369
869 686
749 645
1884 1986
232 1660
114 1927
1836 1562
622 34
462 1751
329 556
1714 891
1990 1972
640 730
1837 328
1587 133
1649 1629
289 284
957 1135
764 424
511 1769
243 1413
351 1509
1776 1480
560 797
1260 836
210 85
691 804
122 563
1629 226
1566 1669
631 1859
1917 1981
186 1422
210 591
1633 264
1102 782
306 302
1471 615
389 782
347 791
1774 33
594 1830
1992 555
1291 90
177 870
1405 846
1876 1573
139 1238
1856 1925
1128 1687
1076 1051
518 876
196 1523
1010 1679
105 47
1765 1361
600 1671
716 338
1585 1897
501 1781
1626 334
1229 1066
1589 711
1414 1949
48 800
729 746
1964 943
208 1315
951 945
546 1255
1189 75
758 647
1385 1078
269 1360
1892 1588
755 312
772 1357
735 1139
553 978
1060 1605
1548 1805
62 133
1147 928
1143 93
1684 1896
482 1139
260 453
486 65
718 1443
1543 322
1787 277
1469 1290
879 203
1863 488
1370 38
1672 502
757 724
1108 1059
1943 690
908 1148
1995 3
192 1706
1510 1759
1634 1031
1362 393
1031 1271
1665 729
1947 397
341 158
1653 2
1452 941
812 1994
400 1870
629 1816
713 1164
1491 1061
1804 1944
543 413
589 410
1980 1793
1069 709
1268 449
686 1331
1881 1952
1487 1746
1477 493
814 1967
1834 967
181 1873
569 709
1744 512
731 946
1336 70
116 1185
831 857
1806 384
1777 313
87 1560
863 46
1249 1702
122 703
1681 1674
1173 1339
1419 1422
1459 1404
1318 1924
1659 1440
545 1355
61 1946
1641 869
1770 1353
975 1130
221 1858
1392 1390
107 591
954 1969
1151 880
348 520
1751 1052
23 174
991 1488
135 1655
892 1465
1050 1984
1885 715
654 298
1483 1056
1954 90
774 676
1911 1261
1813 1404
42 222
1861 284
1753 1038
1143 962
1865 1198
682 1650
834 685
345 791
1575 787
1129 1677
1400 1197
853 241
69 1348
356 382
752 808
170 974
1888 96
1199 173
1318 772
612 18
1933 1524
1331 576
1485 1737
1660 1993
646 1733
1907 729
318 1606
1180 33
862 77
512 1583
1147 1969
783 1190
1427 656
998 1469
225 1819
1408 24
525 220
1847 860
392 718
508 578
1419 1844
820 1642
641 718
1337 159
309 531
1249 1253
1612 1093
1718 246
3 110
1602 1552
1522 413
709 493
1082 1927
1056 1563
1204 1251
1507 667
183 106
528 1218
992 899
1208 713
1172 1260
984 799
495 897
212 990
299 947
405 1820
1668 1576
57 837
546 1285
938 413
2000 93
1085 1703
1611 283
1881 626
1643 416
591 307
1359 1502
1927 1825
1975 1365
494 574
235 1279
1936 1349
607 909
1368 835
483 471
553 378
98 991
927 1231
1047 1265
1120 1779
1029 1886
557 1237
1005 51
1138 1073
72 1199
1445 1215
67 1486
1923 1879
1251 1997
1489 933
1806 101
1614 1121
480 1227
1827 1868
82 252
343 1055
25 1870
1255 1763
1768 1369
579 1252
1362 1726
1004 1346
1758 407
975 62
1612 1216
1005 605
1943 258
488 1936
1554 370
1263 392
957 1219
1267 546
10 642
1270 1872
826 616
1027 842
1987 563
365 484
185 1436
1523 1748
212 908
221 957
625 1357
1031 1096
1192 1263
322 174
1814 2
1848 1781
1171 1995
656 1086
660 48
1971 1937
239 637
1632 1631
92 1146
1326 1758
604 996
206 1822
840 1381
1513 1633
786 1957
699 1303
241 890
976 138
1023 1810
1019 135
155 932
1796 1132
1650 1770
1506 1522
1993 68
1308 892
589 263
1472 859
407 757
874 612
876 1283
1279 275
1169 1129
441 1975
854 1274
893 951
1854 46
284 1888
414 1187
1785 152
1470 1341
482 728
494 164
1078 1018
205 726
543 1110
954 255
272 513
311 648
546 830
671 1671
907 1181
661 901
380 228
1063 979
1140 376
1918 141
1277 101
550 731
1860 1816
1581 106
1939 1549
966 205
1927 727
654 760
568 766
1497 438
1054 1917
1656 203
1219 1200
610 1660
996 1713
1077 1795
1098 1541
459 1589
1380 195
1983 1903
1825 1586
731 1074
1976 1370
1934 1591
1288 1988
1107 1201
1950 1853
943 1334
1262 447
448 1019
828 1520
878 1030
709 1939
1417 624
1974 343
479 1605
797 15
152 634
1931 74
26 1531
572 745
1912 1136
1133 635
1526 1645
1305 996
1224 1166
943 1293
1632 537
1406 225
1083 1950
857 1567
1869 385
1638 1662
1502 574
597 1569
188 1483
1192 1131
833 1424
54 1410
987 533
989 483
425 186
1168 1997
1233 1908
1410 1878
31 177
1916 357
267 1720
183 231
1897 1891
1594 1847
1319 1863
712 1138
58 1701
187 1691
1697 150
1245 826
1573 1119
1714 1695
1402 492
1835 570
103 1310
402 1302
1099 68
610 1662
744 713
1047 1245
1286 1867
1820 1836
1549 172
289 1871
92 567
89 1873
1576 1843
1783 1888
863 374
865 419
189 29
1055 1006
1753 760
1793 85
129 1333
863 1100
1234 1687
139 1758
1740 590
1478 640
977 199
1354 387
1302 1063
33 436
1037 1463
838 1159
1436 1131
889 1735
965 655
876 1286
615 1936
943 631
179 1388
168 1996
696 1336
339 1090
339 1121
1731 1665
54 1972
828 1256
1945 1470
694 1521
236 350
489 599
1075 1576
982 1493
1662 1554
245 1069
1739 750
1606 1586
1755 302
630 1385
170 534
1750 952
338 1303
1284 1612
1532 1803
1956 391
1348 778
1306 222
1869 544
1338 153
603 1472
1805 1410
788 517
96 1893
1067 1584
1429 1009
793 2000
1199 890
1637 1458
947 853
759 964
61 1955
1729 557
166 1041
1689 1780
1055 601
940 694
117 653
1144 1104
1395 1298
225 837
1047 1566
381 1755
1175 1078
1363 728
1820 1751
282 859
959 1395
931 1063
1176 1970
412 1532
1443 1547
360 1613
1511 821
807 948
1860 321
951 1417
1083 1600
1089 753
961 1015
1102 1387
209 913
1570 1640
910 135
1662 309
363 409
622 1885
265 856
365 1403
455 4
434 1052
1206 1719
902 1468
385 50
1207 1951
1902 976
1426 1175
855 424
433 1610
639 501
1047 318
794 1899
78 1392
1308 1654
1973 1405
1277 1799
1264 996
292 797
58 526
1311 1475
403 181
1183 1373
547 1853
667 1948
44 1529
1679 1587
1882 1905
72 738
1748 948
1503 1462
180 1548
598 1721
669 808
1688 125
347 1422
1208 1093
1528 586
217 362
1442 1569
897 1374
1650 1969
804 417
1582 801
17 791
1754 1836
1775 1927
456 781
119 69
1341 370
371 1523
1013 704
95 821
1599 980
492 1173
1794 1175
136 1199
1326 1820
1561 776
1811 919
1385 1474
228 416
1728 844
607 1840
1901 1874
40 802
310 685
259 1365
706 1821
354 1084
1141 1504
989 1327
899 1913
795 1094
254 1303
1935 447
525 408
1174 1803
1541 1569
986 852
995 1534
1681 970
1873 1583
1287 1921
1569 1011
1994 441
1047 424
925 331
1839 96
766 1828
1609 1718
1341 89
1700 980
1996 1825
39 1898
486 1516
1281 197
1099 1821
311 1504
832 716
711 1597
1934 1914
1632 1573
934 1481
588 1123
1697 411
109 1209
1443 341
1701 1157
1712 1650
401 101
741 483
498 1219
1335 25
448 1853
1180 313
577 1480
448 131
35 656
425 1533
1006 1921
941 1083
1003 1958
1368 140
441 273
1485 1749
1905 609
1182 1348
311 1759
53 1231
58 1304
1317 1482
767 1237
1987 790
120 1042
1222 640
933 1208
1486 1926
48 1072
1927 1865
1987 603
1234 766
709 757
1788 589
1954 742
1797 843
1735 1382
1175 300
1156 1913
623 1507
1466 1611
1716 972
818 1919
1477 1004
1366 144
1746 574
507 1527
1259 1752
1475 1812
625 1384
1128 1790
1016 1156
1989 634
1260 845
1490 760
592 655
636 642
628 1227
1732 1921
267 441
586 1668
84 663
857 689
1810 975
1288 1983
705 1422
883 1264
1493 757
691 256
1215 1618
1693 1454
1176 1072
312 1490
911 669
609 542
1748 1401
1701 1704
559 14
1205 687
1330 1362
1212 1901
891 794
1760 1400
1721 478
1318 1281
241 429
362 1315
1724 1316
1511 408
1991 1148
1969 356
728 170
637 923
49 242
918 109
1866 996
533 1082
1899 837
1218 752
1 896
1823 1719
901 208
1803 366
999 1813
626 1593
1901 1655
1288 1800
854 88
261 73
427 918
566 1641
1028 683
935 547
1706 352
1066 1125
1820 493
371 1747
1845 197
1812 802
564 1690
967 75
84 1087
1310 877
140 91
707 1206
754 1014
1507 1694
1979 205
206 849
1920 1289
296 1113
516 1159
832 1278
1624 1934
1712 710
1480 1605
866 1257
1933 1742
708 1435
585 510
1585 1201
524 1562
1826 565
642 38
51 1365
938 13
1193 911
1480 133
1651 975
1582 863
1714 309
1224 954
570 127
1906 530
396 709
822 1139
550 1354
578 104
313 944
515 1583
1002 1380
1383 266
433 821
1387 1532
425 1135
253 731
1990 536
859 1886
1233 1145
1490 1706
1690 731
1740 441
1424 702
1159 1784
107 43
1338 1997
1056 956
1879 1519
1749 986
1029 895
2000 1025
1112 1955
161 1372
1781 1882
1081 1555
236 1398
984 1578
1889 356
1860 1553
30 893
463 1751
197 1007
1522 1533
160 1332
1771 1415
182 1222
1383 881
1019 1894
414 75
1435 372
656 1618
335 652
1134 399
652 1367
1252 249
1145 918
1172 560
1757 408
638 1531
1919 1044
1869 1291
1833 219
900 1475
1495 1881
1053 456
1059 1745
767 1201
795 708
871 977
1904 696
11 29
1556 304
1336 1314
256 467
1257 455
1615 31
1261 196
871 512
227 1225
64 1477
572 74
223 1246
1953 279
1556 1562
1487 119
670 551
181 543
62 1999
654 894
771 14
1181 1705
1494 271
1168 375
976 1376
226 91
1403 1121
1040 348
1685 158
1069 1538
416 55
951 177
1676 1028
1465 743
1896 1176
1273 1597
1717 1316
1886 450
638 316
1326 1156
103 1418
1488 135
1899 1314
347 25
801 1949
1565 1460
1025 1247
1311 455
1639 1884
1908 1272
1927 1551
585 796
1422 503
743 601
751 44
85 944
1309 660
951 787
1203 1267
721 1165
414 1252
586 1497
978 200
1016 41
1479 525
627 920
1041 1429
1365 1605
1954 943
1326 797
1522 1553
678 1283
685 1753
1738 861
536 1871
475 578
1486 388
669 834
1343 100
448 668
967 462
259 179
1418 1971
1821 962
848 854
358 771
1239 974
847 1611
53 903
1338 1936
881 172
804 496
1391 594
1810 1642
296 265
1205 1462
1506 1699
1374 262
895 948
1173 392
78 987
1730 1464
1860 1758
1234 548
84 1531
548 330
771 310
309 1486
1713 447
101 1508
1419 846
391 1450
244 620
1308 812
1317 787
947 1108
1279 496
1498 420
1919 1100
1759 1467
576 128
1305 465
217 1781
1598 699
1654 1707
119 43
576 1593
1144 704
1179 1196
458 517
458 420
1183 819
1784 1537
1737 14
1349 401
28 564
1718 984
1532 1551
1166 1367
92 1557
382 1526
133 152
1684 1469
1369 1392
1734 882
100 1412
721 1841
312 1406
383 1310
627 217
517 192
527 1683
731 1404
968 1286
978 147
1129 258
802 193
1438 92
141 1276
82 1277
454 1685
1131 1976
740 441
446 452
148 1922
1847 1796
1282 1818
290 1399
16 1963
1836 416
987 216
1542 765
244 948
574 1727
603 298
99 1545
1862 989
140 388
1072 205
1917 986
1098 660
1976 1157
673 1749
43 1761
1826 60
518 1680
79 52
106 732
914 423
1458 423
1061 452
827 279
1930 1867
1478 475
1449 1950
769 1678
130 114
1408 1941
1835 717
1292 284
1771 1855
1554 91
660 532
465 1196
1587 1946
168 1162
242 227
1299 1193
1899 55
614 397
1002 471
911 17
908 1133
468 542
931 1554
1018 214
302 1385
734 704
860 1619
72 1725
1532 177
1807 473
1931 241
1969 1008
1149 1395
1707 163
135 1677
693 1456
1610 1096
483 1151
1316 1535
329 518
281 1814
1560 387
1247 1894
1236 1951
1735 431
1564 1568
1639 1038
1694 221
77 125
1232 1605
1590 1812
1545 670
495 1411
107 1534
1699 1453
515 1981
603 946
1457 1192
444 1842
1622 427
1731 736
259 941
189 1176
284 1050
1086 387
731 772
1479 983
1827 1802
842 1130
346 1350
1436 1672
1494 1201
501 1006
963 761
1199 310
272 870
639 443
764 1502
866 1709
1490 1497
1042 205
640 80
1597 498
1602 1612
406 1484
1474 1394
1182 1932
1678 1446
18 180
214 1098
1528 1582
1687 961
1406 365
302 49
1610 1717
266 1381
1515 1790
291 727
117 228
483 215
1984 1674
455 1350
1897 76
617 515
23 716
1866 342
307 1629
1328 1804
695 1254
720 509
1847 1814
706 638
864 1188
578 956
1990 769
1954 967
613 216
303 259
1645 1826
589 1258
818 594
1 1489
938 762
418 122
420 1410
1064 401
1070 723
1542 1731
1316 565
1865 1290
613 1159
794 538
1681 1961
372 603
195 655
1667 1032
718 514
1913 1125
1830 1487
755 1380
167 1431
95 447
1334 411
1862 1962
871 1680
1749 242
1774 26
582 835
597 1108
162 196
1755 1887
1409 1037
638 936
1961 1900
1427 250
993 1462
1700 1101
1494 892
1257 760
309 1701
1497 21
1158 411
183 1068
1069 164
1510 1443
369 1565
1368 1699
132 1947
1903 472
1614 1693
903 1969
1449 2
757 1385
1271 107
578 1792
1349 1183
117 541
1836 839
14 1182
1586 446
1701 936
594 1915
560 1665
1977 391
621 937
617 1600
319 1792
1067 1626
97 801
1686 801
997 974
244 603
804 740
379 1692
308 1649
254 1455
785 1096
887 316
1024 1885
1288 1812
892 769
441 1043
471 753
1154 1295
783 1153
140 39
1058 1000
1146 1165
984 1243
1738 97
1376 7
1113 739
799 1668
298 58
1379 537
1878 1810
699 355
1608 212
1644 1184
960 1083
1653 1731
1431 1915
974 1862
638 1956
748 123
1345 1534
46 1295
1188 281
1581 1695
1705 1939
696 1976
1391 1226
330 1312
252 1210
377 1083
965 961
485 1987
1924 822
1331 1602
4 1796
1891 1706
1088 323
827 1624
1782 245
707 264
165 944
1864 487
1971 1209
1095 287
1776 1477
1004 1235
1944 791
1328 954
1984 1407
1638 1684
1770 499
335 503
1005 1927
1919 1910
1255 1013
91 1703
822 704
1928 751
615 198
1867 1687
162 308
1338 406
864 1038
285 1560
1529 1764
1027 570
1135 1386
484 1997
1929 1768
550 1431
1107 1337
238 818
298 1878
1627 873
914 753
598 991
1443 1629
958 1176
132 243
173 1009
1733 282
468 85
1466 294
1627 1588
854 1540
1449 935
1411 890
822 1304
377 747
1692 1070
138 241
310 812
851 585
1981 790
1276 1292
521 965
379 1782
62 437
982 405
864 627
623 1718
306 112
822 919
1610 1751
1600 300
1131 467
761 572
1393 1529
427 1631
712 1299
393 1056
1528 574
79 176
1302 737
918 205
1424 1087
1086 578
561 848
809 400
205 340
1376 1763
815 88
959 1976
1496 1585
940 1660
1495 697
1329 660
1671 1041
859 1309
1991 1726
1879 1162
1846 1000
689 322
1691 989
1811 792
350 100
1381 664
1471 63
571 1708
810 707
8 1201
1610 31
1072 1887
61 508
1818 115
99 479
49 467
790 636
165 1386
963 1449
1488 1744
1814 1191
1783 343
40 1535
1313 294
1689 1749
115 546
1158 1912
1393 109
1299 1656
1033 129
968 368
1746 1658
770 267
1810 1837
90 730
1028 1379
715 584
1126 1338
1785 1751
1686 637
1340 439
378 1920
984 1335
1173 1559
608 1308
1865 723
267 676
6 536
9 1569
1234 1716
1786 1479
336 425
683 853
1034 143
1391 1005
12 1734
958 1743
1290 1330
330 1896
379 1334
1500 102
1891 1105
608 668
855 1194
1674 385
760 1507
1577 484
51 297
81 101
1025 1683
1926 1814
45 984
550 826
535 190
1026 1278
1241 128
1758 439
9 1508
528 122
134 1726
720 675
1618 1732
1362 1273
455 507
1973 1680
1457 1162
1121 305
494 1323
779 74
1834 445
1097 1185
1482 1477
411 671
1032 267
1778 1488
46 1678
1126 1056
271 1213
799 1554
106 976
1961 1962
989 35
525 707
2 549
1133 1806
1149 636
386 1245
594 1558
102 268
204 933
634 571
1232 1542
1355 920
1118 271
1725 146
1349 461
1887 660
1588 1209
1101 1333
1161 1817
945 186
553 1933
898 1145
498 1625
1791 899
1608 801
1466 1748
1156 1074
765 588
1115 113
1730 1604
94 385
1938 1057
965 1007
98 705
79
119 563 1114 1523 738 1068 731 876 1166 1942 787 412 469 1486 339 1404 1095 1605 1813 676 72 333 1081 186 913 1692 1263 1555 1650 1487 852 1459 440 1021 1746 1678 790 1924 1830 21 801 1464 933 184 178 255 163 1108 1090 377 67 1728 1667 265 538 1580 1507 955 838 1091 858 112 647 271 360 691 1762 779 1257 17 1700 841 683 982 1768 1778 66 1151 594
