2000 1000
1383 244
293 1082
571 1530
1163 200
1772 501
887 1232
1755 1401
768 657
976 930
600 895
101 711
220 438
1387 1106
1919 1899
829 1729
1762 964
1536 1577
1560 225
1786 154
1009 1537
1909 623
1652 1054
117 1635
1312 1524
1492 798
1980 58
1892 14
933 626
709 546
447 593
384 1087
2 765
1790 992
168 1285
566 1626
1500 1852
436 1593
1921 197
223 1841
1810 1077
115 1251
1906 188
1378 1721
1710 567
1730 720
1515 5
860 1687
1013 703
1118 1357
1562 933
1084 1258
838 1107
1222 1290
78 1510
812 1402
1923 1586
538 622
1665 1760
913 1106
486 263
1748 539
918 1147
75 1550
753 370
1007 1194
1995 305
1557 500
550 404
1452 429
1294 1470
321 881
1900 309
1473 1929
13 1192
1755 1453
928 1229
76 761
426 1832
628 854
635 796
213 1925
1989 853
154 611
16 281
609 29
742 1834
1384 1866
879 560
1875 1313
1961 150
1610 648
748 1637
1497 1259
1358 570
927 1663
580 941
1220 839
1035 1450
879 1530
172 848
701 1377
744 1851
1718 1267
830 1817
1595 1697
732 1728
1085 54
1145 19
223 10
588 66
764 124
1388 412
362 1210
1496 1845
1098 1682
569 434
1541 607
342 1420
343 1991
796 1225
1087 1180
190 1732
973 24
1201 534
965 1233
1188 645
253 1997
674 804
1348 306
3 1151
773 1651
1460 202
1406 184
687 1966
304 1428
1037 698
573 1826
778 973
786 1353
243 1628
267 47
133 627
7 1487
1946 1917
724 1624
871 1650
400 1798
1318 385
215 1127
405 638
1298 1414
1377 337
1831 1174
1794 1223
1896 571
927 1620
109 786
1441 60
1570 136
594 779
422 1239
1679 488
586 1711
1384 1503
881 1102
1541 1302
739 554
96 1891
160 476
1001 271
1748 511
1266 379
572 488
696 772
920 1465
243 1722
1601 1977
977 986
715 413
1970 1538
1654 724
926 430
1422 80
1759 1379
502 1177
839 1979
1344 136
936 1892
1657 75
1671 1408
425 1838
107 109
1111 73
1549 445
1140 888
275 1356
77 363
1890 1319
940 1502
1090 1311
1148 1447
1704 305
1034 2
1318 1962
922 418
255 346
350 321
133 386
41 1984
1618 886
1734 1879
1299 521
1744 1200
762 1875
1746 1626
1364 1221
432 1087
1509 796
1226 164
1698 376
761 1669
92 838
1720 230
1867 1819
1427 1903
1647 1100
923 1201
998 1416
1708 1943
200 683
170 46
899 35
503 1539
1134 345
1202 822
1853 1714
198 1676
1840 364
123 1073
1588 1023
1717 764
1974 768
630 1640
424 509
1936 114
1706 1962
1985 608
1125 130
1964 970
764 1898
583 1610
304 315
1155 1551
1606 1948
1503 1475
1480 1545
405 302
326 1742
897 546
1035 495
169 916
1675 1232
130 437
354 1727
1060 1738
6 1066
306 953
254 1548
258 1032
1053 1278
977 1698
179 782
463 1275
956 373
285 716
1014 1876
59 1960
814 693
1110 310
258 1498
1996 1597
353 1903
1502 425
1225 906
1928 1235
1391 1973
255 94
1692 909
52 1684
1727 511
1342 591
1563 981
838 1119
315 898
1719 898
542 1076
820 77
174 1953
1947 761
1424 681
1073 265
107 1608
974 697
1841 758
1502 1721
1189 1747
1229 1178
1573 180
1061 1126
1550 135
402 570
1749 1166
1008 1444
1406 1465
1918 720
1613 1106
1343 1892
802 1778
1977 109
146 583
640 81
1574 801
439 1910
1035 521
1452 1698
1661 1360
1377 1550
430 1806
558 1499
265 359
908 317
1801 409
784 639
907 1383
27 509
986 117
328 851
468 247
897 1036
441 330
1930 897
1286 1030
83 251
708 818
908 1926
1763 1886
650 622
1490 1055
163 155
1052 1786
256 1094
1025 984
373 265
1286 1374
1077 326
1968 5
824 1739
1766 1354
865 1716
610 1921
989 561
403 1822
486 906
1314 1988
1544 1873
1785 1072
1231 1289
409 924
331 1410
444 1288
797 1325
606 424
681 39
1061 1328
583 1485
1198 1225
1641 1670
418 1599
1358 1496
138 863
1462 1583
161 1609
442 1031
1867 890
1252 1555
1714 1277
353 1404
762 1131
1459 315
1322 615
1367 151
326 867
1068 1631
1731 513
1123 805
1397 1392
854 1450
725 214
642 470
1351 1600
118 1657
165 1178
328 271
832 1787
969 797
460 73
476 1093
1351 615
1282 646
886 993
1806 328
200 122
1119 661
206 377
1531 1130
1094 1061
1951 1752
1235 818
586 1496
1919 113
1445 1756
825 574
1508 653
349 1966
204 577
1654 1677
1518 856
378 1835
1483 1284
608 861
87 918
932 98
1381 1170
1469 1342
1111 1435
1547 1717
1228 1599
1838 520
861 1350
656 1206
873 877
849 1338
860 774
1914 1735
1812 1251
1655 675
655 1756
1261 1503
1445 1372
220 966
1641 1394
1577 1170
1527 1722
697 638
1895 1986
661 352
304 71
765 221
626 1761
892 1189
10 1615
388 171
894 1681
1703 1361
828 1587
1609 1381
541 681
383 128
1728 1585
376 1402
1323 1879
1241 1878
925 1678
1540 348
1744 916
1641 1840
1619 1905
1831 1504
1718 466
1404 612
1281 1380
320 957
282 458
1699 1793
1416 608
1922 1087
1787 217
1479 915
302 1138
1953 607
1286 677
721 1927
1280 159
739 513
1232 1132
1244 882
421 220
691 1271
1343 1124
1065 254
1116 606
42 1371
178 145
208 1960
158 1492
388 306
1523 807
842 647
997 1896
622 623
1538 492
1818 641
1064 408
998 1988
1101 577
13 1666
860 1510
721 1801
551 1649
1738 477
1805 1909
43 1581
1757 1339
1881 1126
1560 1397
1136 1973
469 1575
1394 596
1099 546
76 1482
1305 1852
78 1830
1841 1633
1998 1885
192 1699
1859 1555
1265 1559
635 1596
602 70
970 565
377 1153
1294 645
243 1457
282 1872
1660 962
1970 1618
549 1426
1285 374
1774 1075
170 1391
455 1704
1990 1654
589 741
1110 395
620 998
1852 687
789 997
224 1814
559 488
533 1027
595 206
910 55
1187 143
710 1678
1422 454
214 506
1402 1282
87 38
1592 677
910 1054
1859 548
1010 947
725 856
811 1341
527 149
1109 1560
1385 1962
440 625
1311 75
285 1444
432 708
310 37
540 765
1679 881
966 774
1772 1835
863 72
1032 857
1758 136
1246 591
517 1974
866 1837
337 1620
781 807
1324 1357
1834 232
1662 1588
1763 1396
661 842
1391 506
946 344
792 1959
1270 1525
74 1956
1626 1794
214 1862
361 44
1701 1122
1174 426
1850 1753
295 1131
214 1703
1068 1657
1686 1538
1522 1843
1237 1736
1512 1184
1098 1755
1684 1141
292 373
510 1196
1862 1032
37 815
1695 70
1804 1286
1443 402
1685 1350
727 645
322 1578
1635 1597
1848 194
1863 1818
1911 433
1539 397
38 248
1853 407
1739 1449
179 1511
679 615
1383 1968
1281 1050
114 1303
869 448
46 1354
1802 1278
1313 932
1081 1740
1580 80
588 608
341 153
1836 1480
975 262
1081 1510
1342 539
1355 1842
1393 499
170 307
983 1226
25 1515
1701 1291
487 142
908 1128
1387 1001
727 688
354 310
940 408
542 215
502 512
1713 787
1675 1763
128 293
201 733
1342 166
884 1000
1774 1090
997 1773
416 1041
1502 1552
535 1020
514 1699
407 577
992 631
1917 34
439 119
627 842
736 131
525 897
1922 333
652 1157
1592 1622
1149 328
762 668
290 1334
436 1051
950 1885
233 1782
515 664
325 1091
827 1635
693 1962
1410 1423
1348 1219
587 861
1505 1795
74 1983
278 501
979 1147
1259 1972
152 206
1802 239
183 373
1084 3
69 1506
958 1217
41 1122
156 1282
380 1118
86 1830
1748 1298
1092 1928
1659 1121
1119 1592
597 407
1828 894
579 810
413 669
1198 1086
1550 1201
611 322
1070 678
1800 212
325 38
1714 818
1351 594
1219 837
896 1549
1500 656
1147 1018
518 268
717 1754
1386 916
1001 46
306 1281
120 1852
876 19
1568 709
1401 622
1683 1529
1295 640
1777 1142
522 282
864 31
1379 589
1557 523
1800 863
1415 692
1960 128
589 1922
928 252
2 1342
1336 1675
1481 1574
751 1333
1943 854
870 1149
1012 1978
116 1704
232 177
1940 1025
1095 1646
1436 1114
285 1802
1263 1355
509 426
195 729
1384 1886
1591 1552
970 1493
1581 1431
1978 972
7 458
201 568
923 996
1230 396
946 208
1030 1726
769 1964
1440 168
1057 467
1840 575
1307 947
1309 1794
1541 934
690 323
828 1613
637 1638
1749 52
236 1593
1836 32
1829 1358
268 423
1626 329
1013 661
1818 110
1796 1623
313 1042
1428 117
127 131
1562 1704
1162 476
893 1632
1926 410
541 1191
218 519
981 1496
568 584
819 1274
203 1389
1507 1601
593 463
1438 1013
984 1753
251 258
1300 245
283 723
892 1950
1413 1380
1410 297
718 676
1844 1420
786 1944
64 80
1613 1226
997 1306
250 869
1740 133
1695 432
291 1263
1299 444
143 811
670 1778
1959 579
1303 1457
87 769
476 1228
1863 1467
163 729
1082 213
1429 650
1468 820
1111 499
1494 1334
339 1057
147 118
1859 663
480 840
725 881
213 1271
1615 1010
315 83
727 1796
1402 1064
632 1777
1673 472
876 1099
1268 867
654 303
1790 585
1364 1620
158 1222
753 1580
1685 348
395 660
1921 1125
1184 685
315 1573
1430 701
1062 1352
326 148
1354 964
485 1058
596 1989
1544 1417
938 1678
316 520
393 261
1170 1567
1280 765
1727 51
328 1640
1469 1902
1340 820
235 1278
1635 1072
1335 1625
1245 775
1497 1739
885 1824
821 1475
1451 45
149 1304
305 1805
609 1570
1032 1774
461 663
626 1011
234 602
431 240
808 220
669 1915
258 27
493 1678
1027 211
610 1966
798 1427
547 1573
1368 1533
560 121
252 116
723 1993
1738 1157
622 1812
1114 1168
340 230
1242 1553
1062 830
1386 1113
796 444
1767 1925
619 117
134 1153
244 1775
103 579
114 1488
1039 1390
1617 133
1674 1851
462 558
142 96
1551 1751
118 1510
195 1986
1166 1806
74 989
1757 1938
874 1836
913 1072
1988 208
1352 956
527 786
258 887
1607 1062
1920 837
1703 1078
1734 495
1433 528
612 402
1017 86
521 1184
1535 1457
1013 143
909 719
1267 1133
403 1944
1009 739
514 1921
886 944
939 1022
468 201
1398 581
1582 431
1732 1242
1736 292
1150 1850
1542 1864
252 1893
766 42
403 892
441 229
798 562
407 1678
728 653
999 1378
358 1203
658 902
894 831
1563 657
1267 559
1272 239
1051 1406
338 259
866 1504
1953 1991
670 438
395 1162
625 1274
1560 864
924 370
865 1736
1818 1555
21
522 902 1020 762 282 596 1955 658 996 499 327 713 1834 535 1201 742 1393 1604 923 668 853
