2000 1000
1057 145
945 1504
1070 993
629 1193
1738 1649
977 747
1285 38
174 452
1428 1465
1208 1516
1509 531
1909 1290
768 1337
845 1249
279 1037
1496 723
1580 1851
1713 1528
366 707
1039 1735
1825 1326
31 1697
887 1622
1631 1906
315 33
170 603
651 875
1024 1077
489 643
33 507
557 891
1724 1169
1218 661
13 1599
985 1700
1738 149
1709 829
1000 1705
918 1364
1233 1453
782 789
1663 794
1211 644
749 887
1805 337
1069 1518
988 1249
270 904
1392 1617
106 114
1320 1636
1659 701
242 1276
165 1354
1675 1060
1060 957
218 258
382 63
143 1498
1178 1337
685 249
1324 1722
1589 524
665 1464
1199 503
1170 1570
1915 1279
160 395
1993 1364
587 1747
1859 1721
682 723
1797 1521
572 539
1349 350
1261 695
1591 364
1138 1841
668 1672
620 1912
441 1730
823 1674
1819 377
1938 272
1080 766
1409 257
1809 991
242 754
78 643
263 1012
27 1567
1167 1853
920 957
1188 228
1855 1159
1049 1036
99 56
601 1450
494 928
739 653
1963 860
1650 153
36 929
1224 515
687 529
492 1126
1229 1554
623 1109
197 947
1688 683
701 252
1922 1147
959 263
150 1106
241 1372
1407 1188
1594 1970
1107 1980
1305 852
1089 189
947 1618
1091 589
1197 425
519 1654
135 212
1028 418
1870 1619
922 692
1432 1985
1031 1127
522 70
1131 1504
104 23
789 433
631 1682
1369 147
930 1392
1733 270
499 83
623 1630
916 1271
1832 17
1548 1587
1478 1691
212 275
161 538
81 27
61 1427
570 1756
992 1045
952 996
1186 1460
1277 178
166 1470
1313 908
575 1600
855 40
1617 1036
102 1288
3 641
252 538
675 708
1996 1517
1579 284
57 1371
1452 728
1108 1633
1267 915
991 642
1934 203
202 567
1497 1591
1914 561
1253 1669
480 1189
1199 1825
1833 448
496 767
563 325
597 1560
1922 1295
1821 847
1594 1710
1588 1975
415 888
172 1839
1915 80
1514 997
145 1312
996 526
18 1224
245 1695
237 326
655 241
1964 639
221 1230
804 380
1573 1474
569 327
1850 710
678 1102
288 534
1650 1373
710 558
1858 1177
1232 939
305 1182
522 1259
562 9
848 549
1682 403
1293 1286
640 1608
86 1592
1533 24
279 830
141 254
1775 53
1642 601
364 1754
1150 580
1785 391
384 1978
1731 90
538 144
250 988
1163 916
363 874
86 1109
1430 341
1256 460
340 372
1252 1539
1592 1666
1642 1868
1993 1969
712 1101
1091 1264
317 753
612 930
60 1210
559 682
1175 711
81 191
319 1965
1624 1863
1402 149
230 1063
188 291
1839 1603
168 988
414 1582
1160 1507
868 848
564 1863
1229 89
363 479
1526 1858
6 204
891 889
1445 423
249 1331
510 1784
1167 1332
55 1839
340 1029
1171 1212
588 281
861 949
921 758
497 485
1941 1788
170 814
1475 806
1602 1534
983 986
1167 33
494 854
853 1209
552 1837
1992 1854
1083 523
1348 1587
1525 1001
68 1077
98 92
538 1927
668 1438
1417 1993
923 1180
177 452
338 291
914 1955
128 1163
1893 1685
327 1570
1412 955
1811 945
620 631
1614 1055
551 479
1290 318
859 179
1994 1386
241 1202
728 920
1020 238
589 701
790 1038
6 1848
1675 1089
1311 1336
967 779
230 1370
1812 24
598 214
955 1573
431 834
173 1799
1077 693
1685 1672
690 766
1760 795
417 302
636 1558
1811 434
425 382
827 254
1191 1162
499 1782
1537 1063
37 1712
1331 313
1559 1452
641 905
1995 1905
1148 275
291 755
1310 511
572 1012
1501 774
1388 711
766 414
1741 91
558 1087
327 208
359 360
809 649
979 464
470 1695
709 1681
468 1814
721 287
9 1132
1061 1258
378 392
761 889
443 626
1424 878
1782 1731
78 419
1634 299
1655 1839
840 1716
988 548
1090 1008
394 1014
1923 1895
1815 788
1749 404
1683 169
755 1453
774 1835
1321 602
63 268
571 82
466 491
502 102
419 1381
460 1108
1254 62
1841 1315
173 978
1233 135
1090 1514
1969 1322
519 81
1891 210
660 1892
1455 1268
1900 461
710 1604
1522 1505
467 1701
128 1575
1408 446
470 300
1736 141
1105 676
950 1683
905 306
464 1980
123 1372
1057 136
859 26
1757 957
1827 1133
967 220
317 1097
563 80
1610 486
331 1123
991 674
1188 1547
270 898
1970 620
173 1044
1587 1924
1025 768
1510 1314
855 989
1647 752
1057 1399
1792 1470
847 1352
1216 690
692 864
1672 1371
304 167
776 652
1002 1809
1060 1584
707 998
694 731
1207 24
1308 1809
678 462
1668 1039
242 814
1498 1668
1743 1072
193 974
1392 1487
1099 1552
1726 1123
356 1691
76 553
381 1401
1405 1095
1931 588
823 1904
1985 1028
1604 75
160 1595
719 1339
40 181
1635 1524
1911 1914
1543 1107
1869 1936
1642 1128
541 1407
1593 1477
1345 918
695 1145
1356 721
422 1958
86 1258
1042 1418
1292 968
1324 742
1883 259
1828 1870
1368 1766
1981 265
581 1091
308 1747
117 146
1244 1090
1691 1874
905 1988
871 1890
1674 348
1337 1029
889 1989
1608 1917
1568 461
1736 221
353 1413
1765 228
1195 1597
1527 1852
1866 739
1709 988
211 620
1029 1872
595 1873
675 1826
764 1398
524 1361
1974 1480
940 1349
443 236
431 993
1048 603
1533 640
1528 1118
236 120
675 1805
1377 957
1294 374
1653 957
760 1204
1328 921
411 800
1348 660
1957 1268
704 617
1564 1463
1706 250
1834 1518
790 162
203 1282
1635 1554
5 1617
1236 454
8 597
733 476
40 829
70 812
1988 667
14 712
442 1354
40 83
1965 966
1791 1082
1400 114
432 289
1681 1247
592 1706
1797 1494
1244 783
846 1711
1534 471
1576 1223
730 1925
239 1612
810 1681
1511 134
1089 1167
542 137
1864 1799
1050 1681
505 1387
1832 649
1945 205
1182 150
766 1187
575 171
481 317
265 1758
1477 998
1555 1164
384 629
1929 1872
208 1421
1526 638
1466 1257
562 177
886 782
1410 1337
1055 1652
202 1245
888 1896
1436 994
829 1480
1566 922
461 1739
1147 1183
1111 903
398 1653
218 474
807 1341
1068 564
211 1416
373 779
1844 554
440 106
497 793
987 1768
885 905
1769 1622
312 913
1422 1135
26 1307
1729 900
15 1476
1939 647
673 1000
895 1156
163 1122
1627 983
1647 1234
249 21
1144 1758
1378 1047
1124 531
992 1523
1984 1800
1327 1597
719 276
1401 1411
1417 1922
201 154
191 1767
1620 848
1943 269
172 707
1693 81
1231 1930
517 1006
524 521
575 1930
956 324
1546 1942
286 492
685 1604
1964 971
964 1016
950 414
101 425
1726 1200
1742 1833
1682 1064
618 547
1141 505
889 875
1901 1311
1191 1936
725 1797
1903 1787
977 1051
1537 330
1999 1111
221 1191
1996 436
505 173
1428 1850
283 1943
1372 1225
1140 1043
331 521
110 854
1950 1209
689 1502
1584 723
159 1942
1533 153
1767 1104
1623 590
131 901
429 709
703 89
761 1620
136 1941
1788 1894
198 893
400 72
1434 182
533 653
1188 32
571 1289
1608 1763
1950 1746
1391 1214
881 210
336 55
1854 307
1466 1929
144 1501
1608 1796
972 1738
265 1908
1888 150
1015 553
730 1946
1811 1579
1919 1167
1825 1653
769 1145
164 1142
1267 1717
855 477
58 89
698 1976
1405 123
364 1202
783 1345
153 988
1011 1707
1151 1049
212 863
1045 167
153 345
558 1517
261 481
1341 458
480 1477
782 216
298 498
855 1575
619 254
684 188
667 1178
176 965
1887 882
515 1917
593 792
1519 1285
1400 1725
1742 938
1887 1905
833 778
1139 1890
727 857
935 598
1389 967
840 23
679 150
555 1603
360 347
827 821
798 956
899 849
1659 1414
447 1046
1255 379
1780 471
1217 1599
1505 1509
1378 1322
1128 1440
124 1384
1203 1790
1088 1531
770 1925
36 1475
500 1839
960 1637
639 1484
573 1653
166 794
578 166
1725 180
139 414
1135 1052
161 1163
727 253
1393 1035
213 397
598 1055
347 1465
1666 963
315 77
1894 1701
300 1963
970 644
934 498
1214 1280
645 1167
197 1252
556 1997
19 1538
990 109
1801 102
1916 1053
846 387
1678 320
366 1650
1873 1028
1102 555
1973 977
1353 346
1935 1392
702 1952
1298 773
1589 930
595 1421
1484 1443
718 183
532 1255
121 1952
856 1602
1090 102
1071 781
1327 1307
1808 1869
1544 6
218 1835
266 558
456 115
406 884
881 1151
811 1407
705 1747
14 1357
1506 576
907 327
1994 1720
332 1784
1969 374
433 1632
623 567
1050 1019
1902 243
1195 228
1840 63
844 259
185 653
319 1852
583 1874
11 820
1022 85
1867 1730
438 1820
1590 1456
255 1314
289 1945
497 1728
159 1552
121 1084
758 1305
1744 540
1511 485
1808 786
919 487
1867 395
334 940
1768 1131
36 1892
1914 869
1055 1553
349 227
738 1555
148 396
1968 117
674 1646
1868 588
52 1396
539 1358
122 762
436 293
1367 1475
1442 1388
1761 1009
1295 30
1746 1583
1488 1836
1642 1571
1067 345
1132 1529
1267 1862
612 794
1391 1211
1689 974
534 1259
1384 1397
1312 783
606 1674
1802 286
73 1671
1791 207
1262 46
549 1173
1560 942
1442 1231
998 189
888 1264
304 7
369 988
285 1141
1051 15
1452 344
1382 1388
66 37
1690 352
145 1267
21 909
15 1960
99 1809
1766 923
186 582
977 1259
162 1584
1991 824
450 51
557 1212
764 1959
1648 538
1266 110
117 1241
1320 19
626 1019
385 198
670 1602
612 606
1555 433
1468 143
302 120
533 1682
1361 1324
77 1683
681 1295
53 1520
1214 416
1771 1473
1349 264
769 714
1979 945
1515 163
1215 1389
833 1382
1963 286
1964 549
434 290
1910 368
1047 61
73 146
396 1304
1410 1561
1914 568
42 1130
611 1051
324 967
1714 71
560 956
1892 1651
86 1587
1254 528
835 933
1710 334
847 517
169 167
1621 1834
934 275
1677 1046
480 624
1268 760
100 475
420 1800
1008 1530
1202 836
1931 1834
1094 1749
1745 1145
1783 717
1856 1247
1500 458
1025 304
187 1607
1671 1861
1737 716
919 1577
1344 695
1974 318
698 277
1039 976
1235 862
1132 750
941 361
283 1141
1941 847
99 1527
878 849
1091 1857
187 1094
1434 1012
1782 408
500 985
1028 1609
1159 1522
457 876
34 1171
150 1796
1098 858
1947 149
1980 240
1206 2000
886 1587
1764 665
1731 676
1305 1118
32 314
1719 73
979 1616
676 568
553 1390
18 964
1248 838
667 1089
24
356 1691 459 1009 23 1894 1466 1169 1929 1788 583 1724 295 282 1243 238 83 1874 499 1782 1257 104 1761 1020
