2000 1000
947 994
606 1915
459 1736
195 1119
1468 534
1646 1397
1806 34
1264 955
1473 1686
1029 1763
859 27
514 1902
1016 1087
1726 473
1528 471
987 698
1953 944
1008 677
802 1177
1861 459
1306 281
283 851
1016 793
633 1636
354 1345
248 517
583 845
362 497
1441 1537
1016 537
1198 453
1119 1464
789 986
1732 1008
1188 1626
953 1739
831 1926
852 1151
1127 940
239 112
1461 873
1848 1128
1014 874
991 1266
1278 618
12 1281
958 1414
175 1708
611 198
846 515
401 1148
1386 1582
566 1268
1335 1523
1986 479
1959 1999
347 1872
613 1891
895 815
357 1471
1082 1513
380 1841
1038 1506
409 19
1353 1440
1261 1297
1595 1163
313 234
1851 1512
1249 971
316 1410
604 1031
1656 1819
835 1177
618 1529
1863 720
1648 1947
1598 621
1981 1306
633 132
1618 133
1165 873
328 1978
81 1783
1420 1766
682 188
1604 473
72 687
1223 1624
97 1591
728 74
899 797
1906 1844
1259 743
1710 156
1606 1797
1072 627
1516 383
294 125
856 170
669 915
1821 352
81 1636
1575 689
1591 1087
883 934
1162 1630
1352 71
1097 364
66 1839
203 1787
805 755
234 31
659 1638
472 1779
501 1249
1177 1884
525 1966
22 1980
1986 1510
349 286
1465 1891
718 1151
1280 720
449 706
1369 465
1012 199
1839 553
1138 273
69 175
114 1260
286 1479
715 28
588 1764
1208 1477
294 409
1405 1910
937 170
1789 1978
276 543
1964 86
726 992
172 1110
1400 893
580 962
1369 1700
569 21
656 1861
61 470
1367 1165
261 1
69 1978
538 1857
1820 1011
1659 696
700 851
23 241
1607 1174
97 1178
153 1498
1060 864
1434 1987
1662 1571
1892 758
1725 103
1270 1891
967 1243
390 1672
375 1356
1654 1769
590 1872
182 1803
347 808
1896 879
1472 1461
120 1479
216 1959
344 1003
1278 77
775 1745
240 1399
1496 1792
1333 1017
1749 1194
1808 107
235 309
846 1924
666 273
1306 1626
246 1110
1197 788
1450 256
1750 781
1426 1495
1932 107
1661 874
1229 1729
68 506
327 1179
1388 251
1880 1308
1674 1735
1785 1502
1601 1734
212 1420
242 1856
631 1285
1818 133
1272 816
1326 1278
779 1871
1194 706
983 1327
177 1720
1957 12
734 359
1042 1572
451 1984
1852 267
1990 323
612 769
1514 184
351 1814
198 1352
680 1970
803 1470
1045 936
48 537
1652 678
588 1141
600 285
1834 1869
1920 1963
585 1073
61 887
599 287
887 306
373 1040
129 1703
329 1450
1728 1193
172 1896
1315 1213
1097 799
451 1524
1268 473
1000 943
826 1936
593 18
887 930
1822 1812
29 1105
153 880
1932 893
582 1232
1659 1111
69 1738
1399 1740
1582 1005
787 28
275 1262
1086 1018
1985 402
756 282
804 1205
1733 1769
59 1457
549 65
1694 1534
1251 1727
1017 892
825 1054
962 680
398 866
670 301
1474 1908
1470 1760
578 45
932 316
594 1267
1420 1278
538 858
173 1117
81 29
249 757
334 1599
511 263
546 1339
141 999
1756 325
512 1495
122 1260
1395 687
1817 1532
1482 788
28 31
1051 1747
1966 825
708 250
547 1660
315 510
1175 883
962 611
1284 1516
118 1569
183 61
1045 1551
1848 1907
31 1543
3 250
1215 1150
1948 1399
1236 1265
720 1273
88 1683
162 502
1025 79
1542 1823
1741 150
1362 637
186 1795
222 1198
1956 359
1500 146
695 150
1742 999
1709 1150
1768 623
86 525
901 1834
368 1106
1129 1220
992 601
1252 1454
927 748
247 509
1440 1703
632 177
1892 1792
1279 932
728 100
1064 1467
836 1574
956 851
1621 1044
1618 993
680 64
883 1554
1567 1671
1184 713
1358 622
59 1211
744 745
275 1888
982 922
276 1343
1996 1786
1119 1544
384 1425
1605 655
1766 1157
357 1580
344 1183
1994 464
622 1241
3 1447
1585 444
1781 1471
1127 1354
175 1593
1142 1238
213 1601
1219 1191
1720 1685
1222 1103
1152 104
1109 1548
1040 468
1973 162
1877 819
868 1186
1392 283
606 621
638 1567
527 535
1823 567
1859 101
1577 1469
1682 587
1162 444
1644 94
1528 1175
479 905
879 1051
749 468
931 1572
1966 149
399 1754
1827 1331
1165 419
1961 1307
303 1939
1106 1807
157 306
911 908
310 1254
620 1688
1541 818
1659 985
1671 1334
203 574
872 1507
390 1448
1680 485
1860 635
231 688
640 1601
54 1513
1446 1699
1668 163
804 1179
1518 54
353 743
308 817
145 993
861 1388
645 1760
1574 813
685 1462
347 864
1571 1828
928 738
213 167
72 971
244 1428
890 1352
962 1647
223 1247
1080 610
423 1114
1635 780
983 1325
370 1401
412 520
1840 1516
284 1867
1953 854
1662 261
1609 1011
129 787
973 1102
569 3
1497 748
202 489
1518 1846
1951 198
533 252
1593 446
1217 1345
1414 1664
54 1453
1837 233
423 1734
1042 729
1136 1769
770 1437
1121 1020
682 582
1792 645
1826 969
756 1321
1938 1334
1389 339
704 1040
1408 673
1099 94
1563 1489
1514 869
1408 400
892 1404
923 1771
1698 1059
1790 1951
1596 1873
1242 1832
1933 307
226 790
508 789
1794 734
39 587
1178 1608
1514 1430
1501 803
562 1449
1898 147
805 455
1364 1192
79 864
1739 263
228 646
1080 1046
1142 1529
1153 403
886 1392
1514 125
1075 1670
59 742
804 660
1587 778
1431 1607
935 777
1332 1854
1282 1901
1741 1016
969 1527
924 1406
1784 238
637 1260
1720 341
590 1296
1535 1518
29 1017
1890 982
1283 1573
624 1883
566 699
1815 205
1579 385
974 1237
971 475
245 71
463 642
1352 140
344 1004
773 422
736 1214
374 1327
41 431
1405 1112
953 161
1644 1181
862 1725
100 69
1775 1192
1854 762
1368 1962
1668 752
1079 83
1379 1057
1342 1093
30 1158
1100 525
1516 1154
266 1219
884 902
728 340
1437 1192
245 463
789 1356
342 530
1477 164
1613 612
1580 1008
343 749
1635 1125
123 1982
435 571
82 1509
1350 345
1114 407
65 1998
984 842
1509 503
1373 1003
1459 1382
1335 1728
1608 527
1509 1672
241 1236
1171 664
1487 200
944 687
1064 1169
489 794
250 1544
868 6
1878 1210
137 1656
111 1639
1524 1254
310 1545
1010 1666
1087 952
1737 405
928 121
1202 972
121 1115
1068 1823
148 1836
526 137
1425 567
260 1397
1074 1029
1450 575
694 371
290 1361
1622 93
541 555
949 1192
723 41
1665 417
1997 1280
1944 1047
952 1054
167 1051
349 462
474 1987
1119 55
265 904
1679 666
1159 1884
491 1528
114 446
419 1896
1059 1948
896 525
1173 864
220 1579
1314 1243
1560 1538
227 1181
4 267
718 1082
195 1190
388 1978
1941 1943
1731 1166
705 774
612 1591
1545 720
1657 422
1666 1657
1653 310
1286 75
229 1975
867 1024
902 1597
1753 453
1130 1464
705 405
438 1769
267 1947
1335 356
1676 1971
1907 1386
1587 1618
1815 1349
1065 820
69 576
1874 1972
123 916
737 1670
324 1530
1339 305
1854 133
1921 1948
1989 303
385 1457
758 734
1315 1927
1412 219
1752 1795
1086 1782
1696 1683
76 219
1753 1026
119 1970
1959 297
1356 120
1595 1295
144 1595
130 176
1733 1842
1600 709
1460 1754
1181 26
935 210
1883 352
264 1048
604 1764
598 369
1248 807
1739 316
850 1727
992 562
1912 1887
1073 1290
798 474
1713 1157
1652 1981
400 1691
1190 1982
1434 1008
598 1403
701 1823
524 260
1414 1980
102 477
277 1557
858 62
1598 397
803 659
643 556
475 1737
446 320
1116 193
302 1693
520 716
508 1798
98 145
1691 827
1429 592
1468 540
1443 1889
1234 1039
896 1454
1756 27
1727 1265
668 1813
1672 454
813 1400
1160 372
1030 1589
1334 1030
1524 1209
875 1120
1555 1437
239 1487
1476 1712
891 54
29 1697
525 488
1526 1619
826 1267
1093 111
368 299
1588 1717
1160 295
129 1097
518 821
469 1375
75 1247
111 1969
66 1815
1094 1650
1400 147
1123 301
1963 246
82 519
1701 1635
1667 652
1069 743
1059 1410
1192 1179
419 1621
1435 1839
703 1957
1986 1396
1564 471
1023 1343
1589 61
565 749
642 1274
1929 587
284 1901
184 1495
1279 1708
1491 805
1847 1632
1201 387
150 1118
1291 446
339 1705
13 809
718 963
1972 331
1677 1207
1130 310
1769 1569
461 238
1015 1149
986 1426
1920 40
817 779
1673 274
1125 427
1633 1750
1385 1626
963 1272
975 1705
830 1494
1036 1539
1009 1542
857 405
165 1866
1259 1123
4 364
1338 1335
811 850
362 172
729 414
1114 235
1104 646
3 1359
940 1314
1379 1167
1288 570
426 1488
44 1947
85 1373
1981 706
1167 126
1523 1014
743 487
1830 914
1347 844
785 1741
803 359
168 1360
784 1591
813 742
155 1904
1277 239
27 1267
1056 39
885 1043
1561 974
1122 256
1917 230
3 894
919 1936
93 539
1931 445
1426 1112
1914 1655
1182 1033
1356 753
405 1344
226 686
854 724
831 1688
1057 248
902 1472
1550 1567
1328 1211
1172 435
1523 26
530 1503
1032 1945
1234 45
1669 560
1723 1127
322 645
603 752
1691 389
598 1312
18 1360
641 90
791 1470
604 1955
622 1033
1701 336
1770 1929
511 1041
1579 826
490 230
799 412
31 472
963 952
1427 241
812 64
627 145
965 1983
652 1080
983 1446
636 908
523 1374
1820 1721
65 73
48 1604
529 1788
1067 1150
112 526
1727 1618
1774 591
1252 1008
202 478
1263 845
275 1300
1358 1010
1790 1597
1272 1972
342 716
1867 891
1839 1126
1965 1935
1945 1988
666 1335
1472 1405
1104 1499
1317 1913
1378 1819
1761 820
1958 1557
1900 467
1649 1175
1059 1594
1664 1491
1864 1827
1041 1380
903 1120
1951 1769
1014 814
413 432
1816 759
1125 69
622 854
873 746
587 1335
1379 1029
719 255
148 331
602 1
1521 198
1553 1080
1213 695
1697 1111
712 1927
1130 1962
1814 1541
1241 1590
308 1191
1881 443
757 1519
960 1013
565 601
1145 547
324 263
150 193
1231 172
1118 1323
283 1060
773 1766
1706 1033
306 1903
1345 113
151 138
1873 813
731 1927
124 1233
1688 1404
1278 1026
1371 93
1899 1615
1433 213
234 1525
1200 131
661 1791
1994 1128
222 780
1421 830
712 1251
818 1797
1912 278
365 1648
295 1302
1000 841
412 1094
1374 1110
687 198
1911 1208
1086 1764
1519 1493
1993 685
94 343
1786 221
586 1426
999 886
56 508
418 101
341 473
247 745
1690 1686
1582 1374
1877 1558
182 653
1367 627
1473 1040
416 115
498 1419
23
518 160 1616 1000 513 1325 1055 567 410 983 385 1457 334 1677 821 841 882 1599 544 1207 1579 943 1425
