2000 1000
860 1350
640 1559
1100 255
238 541
1366 1208
144 622
62 1382
1840 821
238 931
345 375
1809 755
767 1746
1092 948
325 1560
486 57
1649 126
890 730
86 1484
911 125
1755 834
308 1234
605 1832
606 834
455 1736
399 819
1301 1216
1726 1474
272 1461
299 1097
1033 1949
297 1904
898 1739
1938 1946
1447 1826
315 1254
928 1313
1242 1885
1107 217
1130 1060
1410 1931
1281 1433
1688 1395
1653 564
597 853
105 540
328 949
610 1891
1370 995
1862 1927
951 590
1264 873
1060 806
1327 1657
1287 844
39 1691
953 42
1322 1115
11 1125
212 1158
1357 1846
1114 1749
730 436
1016 1809
116 991
279 1230
729 476
1001 1160
614 287
903 1785
356 882
1623 1976
51 498
1937 1411
1807 1335
1218 110
799 1596
321 322
148 1397
246 1936
1100 182
569 884
57 1762
617 402
1441 1004
467 210
823 498
1303 78
1947 256
623 1316
1607 1919
1004 1997
1250 805
1391 311
1910 103
1252 712
1417 954
1264 1278
1700 95
1986 1786
101 1621
960 1743
79 1071
687 98
1910 1347
1722 1826
239 962
1007 932
641 1489
1212 222
879 262
17 291
1356 1049
1361 173
1399 509
934 670
969 285
1348 678
1616 643
1966 1681
1084 1849
582 702
346 1818
544 1577
1631 1246
154 1747
93 1738
1143 883
191 333
234 227
1765 1599
502 526
949 730
704 1782
912 491
922 1953
476 1593
820 1926
1739 543
146 187
1791 1055
726 432
394 1554
1729 653
490 1561
949 1724
262 1029
1270 1394
55 857
1017 1380
539 1421
432 146
920 1257
1678 1723
653 1931
1553 1065
744 861
432 1683
1291 1538
791 1980
863 920
363 8
1502 1438
1300 1378
739 772
113 1308
1559 719
182 743
1342 953
1843 1484
1937 163
74 1927
916 1789
1101 985
303 1576
1590 1897
1174 1444
1696 1222
1233 1436
1851 424
1306 1312
908 40
1276 1743
256 412
1923 1436
618 263
534 1646
1057 155
243 376
1369 726
1020 1980
981 305
1638 347
1602 1683
170 1989
777 1910
1464 984
1535 1579
179 879
872 683
1654 365
1824 44
1389 867
313 1930
534 1900
1913 1156
649 1449
1982 1822
1024 1936
1386 1736
387 467
227 43
1855 1239
1488 1459
52 1074
781 1095
454 842
1573 1642
1903 807
870 1034
642 352
455 1065
950 1367
1799 389
1598 934
1681 552
1614 600
103 1171
242 63
1471 896
991 1711
1886 348
1190 1984
135 177
79 322
1967 447
1350 1904
1545 1966
593 1363
1360 252
436 728
1178 1065
545 383
119 1042
1725 1423
389 285
1271 1450
1315 230
489 453
587 1021
306 1695
558 458
606 1993
1268 1639
195 629
1649 1068
791 48
1500 1028
1554 236
932 1918
371 1282
706 1010
1071 1877
740 228
723 131
1606 802
1457 67
958 399
1112 1911
171 746
277 1990
1078 389
259 1134
574 1354
514 235
1487 1873
1260 1076
1500 1870
554 1278
386 1927
387 734
1164 1346
1405 1329
459 791
1626 1660
1371 1118
1961 1192
1988 856
1896 1268
738 1330
1245 565
1952 1308
1895 822
1551 1620
181 165
1474 978
1022 505
1620 373
997 461
203 578
1386 731
698 994
520 1683
2000 454
50 56
1546 379
298 455
1064 1480
912 1801
1094 10
825 740
1519 1520
663 127
1586 1941
1720 1194
1263 398
112 1373
468 631
1096 1289
175 1387
502 1483
8 800
66 610
1490 1688
1937 1214
894 1000
558 1861
650 1539
875 1330
950 968
1062 683
81 242
1290 1226
1759 542
969 407
918 1543
775 889
146 929
1207 762
1816 400
1637 44
1349 408
582 1309
954 957
320 250
1841 1665
493 1321
1601 519
778 753
411 66
524 1590
367 1633
43 1412
420 28
133 109
617 1693
381 1684
1846 1164
1787 1194
1599 1699
238 516
1044 1241
1264 763
730 1806
468 687
324 904
136 865
251 1418
710 777
61 1933
1620 952
1493 849
1372 556
529 493
155 1817
546 767
1566 1097
285 1920
1229 874
1650 758
525 1212
101 628
883 1788
745 829
938 467
1679 225
924 867
1033 1983
1582 1483
493 1160
891 420
269 597
1328 1383
452 1970
1723 1414
321 126
1229 242
337 1266
1766 831
68 1393
1703 88
1288 1545
1336 21
837 1753
1882 41
1471 941
1034 527
875 512
1636 1894
831 1506
634 1158
1586 1429
575 1919
1261 361
1919 693
624 1895
831 44
421 903
164 1166
1410 530
1665 1900
937 1843
505 91
1833 780
1180 566
489 999
1758 782
1495 1800
749 1927
547 1455
235 1853
994 66
251 1124
1072 1825
1765 134
1878 1352
1391 926
1216 1687
1610 1307
76 1165
945 872
103 140
1803 1051
1212 504
1013 1781
1597 79
888 1564
1278 152
1246 278
544 1796
1147 81
181 1705
1350 455
1999 226
790 1457
279 395
439 24
712 356
762 822
529 762
103 457
962 599
1766 570
1068 509
847 719
906 671
1252 732
1313 1989
1215 1615
1888 842
700 1964
986 1271
1248 625
736 1935
366 532
1584 1116
827 370
1654 1457
1361 1819
831 1621
728 1294
1722 727
1740 905
240 1757
797 1954
1038 890
809 643
1479 487
982 268
256 414
1146 422
1708 290
1210 428
664 1013
1361 571
513 365
261 475
662 1493
588 70
1907 1663
157 476
1934 1527
1447 1437
1278 753
614 1155
847 1271
1145 1060
51 899
696 1847
923 1614
355 317
566 1079
545 644
1723 768
815 1859
1196 924
1010 1176
1802 1993
1222 1754
228 1331
1926 1914
860 500
1150 1838
1195 1107
80 1522
869 1886
1482 86
915 81
582 759
1463 1356
620 212
309 1913
1982 1207
173 1444
1455 558
1696 1738
206 1415
526 1025
865 1988
1867 1395
413 1654
1272 1248
1808 408
640 210
442 842
1346 137
229 1761
895 82
1609 1090
1740 1700
576 1468
1281 475
1141 786
1017 786
1834 590
1811 794
151 1456
1611 1144
1377 787
56 1776
921 1457
468 58
1673 579
853 179
1350 1727
475 110
368 1352
1472 1233
302 1401
445 623
695 61
177 1407
1732 657
224 1619
1618 1744
1647 463
1973 1245
44 613
429 1676
1591 1993
269 548
1446 1441
1479 920
497 272
487 65
37 1733
622 717
278 36
1956 640
1059 977
57 1505
1181 1151
1381 1752
1142 84
1630 1567
317 49
617 1278
518 1081
1147 394
406 123
160 553
103 488
291 360
1171 415
164 1755
359 804
1642 1690
25 1375
1554 1839
716 1840
921 636
631 990
1887 1925
416 1131
472 473
1995 779
879 872
1966 1434
236 914
1781 1187
1344 992
1480 1676
1403 462
1175 1562
163 1158
1329 575
1812 1557
770 1021
137 1465
643 559
82 573
831 1836
1994 272
1224 685
323 549
17 1874
1862 654
391 1188
34 785
139 72
1057 1805
1989 495
117 1693
1467 154
1967 1650
418 752
1349 348
888 775
608 1388
643 875
1757 718
1972 1150
152 188
308 1202
1719 1776
987 570
1136 1556
1689 1585
216 1423
1312 1945
87 235
1135 1049
1647 908
467 571
1679 84
1066 302
1201 1809
1162 424
384 1205
1950 1066
1737 524
782 1658
402 869
1802 1124
1389 852
1368 318
1485 409
140 419
1544 453
223 45
1562 1547
355 1795
573 1818
1776 1494
1382 789
479 1055
1531 846
456 271
345 1163
310 845
51 1413
1647 422
664 363
56 1378
94 1080
1045 1473
1053 949
1854 491
1155 1748
1135 1440
1456 80
1239 404
1445 1626
410 1590
1531 1828
985 976
683 597
1224 1583
732 1034
112 157
864 131
1162 75
927 425
1739 1233
1966 962
1784 1048
1701 1257
1601 875
1603 966
961 466
651 191
87 728
1229 1959
416 1142
120 543
541 228
1690 1008
952 333
37 172
850 585
46 1519
661 1737
993 544
608 454
590 1825
458 665
1670 874
1316 836
1181 1773
1034 1485
1370 894
761 1431
1328 252
89 714
1445 92
779 940
1395 670
1356 1470
163 1259
460 1266
27 524
634 573
202 325
564 124
1677 1034
572 1858
1702 229
728 461
1978 107
686 396
639 1076
1519 508
1907 1428
1729 1187
9 1944
1686 1248
1276 390
732 576
881 1766
441 461
772 711
1607 1315
1727 1330
368 1066
1177 1363
783 401
967 726
1569 1749
1434 1813
338 149
1473 376
565 1127
1156 1742
1616 555
853 1444
431 823
1788 1424
1026 189
634 1974
111 1456
68 1860
1559 454
1696 1131
963 1409
1086 508
1265 1663
614 662
1546 452
859 1689
686 1162
1901 1581
859 520
1510 1787
966 718
1889 646
1781 864
1110 1821
1230 443
225 1028
332 627
1190 1134
1304 1807
1114 1
882 1910
1214 1074
817 590
233 939
1618 739
813 1493
144 830
713 1487
1995 1651
987 1922
1481 957
117 1797
112 365
1405 1611
966 232
888 1940
897 621
524 992
1336 823
1343 1245
1996 105
190 399
1091 266
1688 544
360 1668
1339 638
878 1298
1356 446
1840 1185
249 935
592 256
1001 61
197 138
1878 739
117 439
1536 1980
1496 482
1421 670
647 1606
1479 412
133 7
28 1983
1445 415
1887 1206
384 862
512 1162
1450 556
876 977
1553 925
1802 1804
1539 882
159 1791
1476 1778
328 1616
1162 976
1300 553
261 743
766 807
1334 945
1971 1278
353 101
1975 1017
179 921
1709 1486
1342 604
1097 1832
1595 1330
217 508
1918 1868
1931 52
1824 1986
685 1008
655 135
1123 1923
717 286
1082 1699
38 887
1068 658
1304 1873
1854 1721
421 619
1866 692
218 1762
509 204
155 1051
1968 1881
117 1982
363 994
1915 919
1418 1117
1581 488
448 553
493 66
1967 56
313 711
1776 1775
1208 1455
908 1694
382 1574
700 293
47 469
1919 1166
1324 614
1035 1615
212 1618
921 239
894 67
810 883
867 1191
1168 1881
152 1110
1513 38
1023 452
1576 1697
1303 1591
795 1324
308 1431
1198 145
895 22
1885 950
1625 1364
1654 270
1805 964
1382 1424
1398 1809
1464 695
537 1122
1114 853
649 1079
941 396
732 969
468 1050
1011 1267
673 176
1899 1081
1660 1575
131 889
669 1497
655 857
1604 1965
1269 815
1728 346
520 1541
178 1490
63 1338
619 472
1223 905
1595 1361
398 123
842 252
1270 1845
368 25
1997 1305
1816 1873
976 1721
1449 246
1024 203
694 1498
553 879
713 1912
1321 192
510 361
1289 468
1958 1788
1292 1630
878 1500
648 941
1986 1543
1544 283
334 1348
303 1415
1522 1646
158 722
1276 1775
1638 1946
1290 1362
871 989
1589 446
159 266
1216 263
1710 1297
1812 335
1671 26
520 984
1677 388
581 941
350 732
1837 1889
28
482 1889 516 1663 670 922 1868 1528 238 1837 1496 931 1433 119 1421 1953 1918 1907 646 5 539 1069 1428 541 83 1042 1848 1281
