2000 1000
1307 1280
1058 135
1586 1130
1016 1266
277 472
571 1395
628 260
411 839
161 1252
1893 1656
511 211
378 412
14 588
1735 1460
1002 1781
1024 1049
1314 332
1263 21
1285 5
1106 1039
1937 1813
1353 1977
642 1875
766 725
78 394
817 324
1266 836
821 980
150 1753
1563 301
98 1813
1609 156
648 284
1459 47
1895 639
1722 358
629 1696
1382 1015
1852 411
198 1849
636 818
430 940
639 152
1027 1504
1238 1922
1182 1404
430 1937
953 1736
1543 370
1632 1354
1993 1390
1122 1460
894 1782
524 204
1655 796
1949 1151
1387 1037
1584 314
1196 183
390 1311
1839 1952
149 406
798 1340
469 1707
1610 571
1673 370
1217 1114
1340 476
1278 308
1754 975
1372 1546
1490 1130
12 1188
526 533
624 1060
1578 1815
754 306
87 287
224 410
984 1027
998 886
192 1876
1039 913
1737 525
440 1764
305 1636
1991 1223
1364 1639
717 1275
1937 1000
764 896
1948 219
1080 1481
402 1636
510 355
992 1138
304 682
785 748
1152 1910
1281 1177
1529 141
187 1677
300 53
178 730
604 1657
359 427
330 1789
52 1313
1728 131
832 266
263 1056
1038 852
1149 624
841 108
274 1461
1060 1915
1313 483
1273 1170
474 814
1100 437
720 1717
139 764
1338 1944
225 1093
885 1433
1395 205
937 136
452 649
1611 176
858 1828
1946 222
1658 825
1293 71
374 1396
1658 839
1617 1665
368 1636
1182 532
1830 1926
1345 944
377 458
1944 1785
295 153
501 1034
1568 374
1135 1257
1982 1353
1382 1477
1033 507
1335 805
1470 1828
1892 211
1976 257
1195 1976
571 480
1332 1916
1409 1416
795 13
415 887
104 1985
581 626
1328 1170
278 1485
1620 649
1868 849
1090 921
94 1675
815 1787
648 1474
1841 422
190 1769
438 1382
853 1416
1496 1820
939 1226
1168 1179
1243 1824
590 351
805 1289
1181 31
819 664
499 131
517 305
864 351
1244 579
1129 1191
1426 1537
914 302
720 473
1614 432
917 378
1932 44
359 333
891 1456
1922 841
800 1197
1402 979
1026 149
746 1943
1185 313
1546 1786
129 1850
431 728
273 597
1005 158
1631 1611
1202 366
1121 1143
759 1897
939 600
212 1795
1006 581
1771 62
1445 297
815 1760
44 1298
1633 251
1856 1925
1326 752
42 257
330 874
1317 927
918 1358
1808 1717
1742 1324
1977 383
255 1612
1966 415
1535 399
1273 725
1005 1819
1828 1821
1224 141
807 1122
1890 124
633 687
851 11
1853 623
106 222
1183 1116
1202 1912
1156 165
909 1505
1911 700
1850 379
1107 1794
719 138
951 375
1064 489
1779 740
1494 1775
1704 1348
154 925
1700 1228
568 1450
633 485
1545 1924
1318 522
436 412
550 1885
969 165
926 1564
312 346
214 1159
312 1617
794 716
415 1529
1977 1940
1449 569
1175 1605
1029 1448
955 800
651 166
169 1116
1377 26
1169 1355
1454 839
1757 844
914 1599
102 1752
1400 456
1040 28
162 100
1271 1274
597 1487
1302 546
87 186
1516 302
649 1966
1761 868
481 44
435 1173
413 1844
674 685
1387 143
1967 1668
1401 776
1229 1819
1854 623
970 378
773 1984
1819 1818
1056 1219
378 1552
726 1544
1896 1681
511 816
642 659
1801 247
287 1683
874 163
69 273
1464 817
1787 1968
57 1118
72 1980
1348 1169
1050 778
314 1086
750 698
246 1403
1052 269
135 787
268 165
1009 1920
1301 980
1711 496
1651 870
1941 1591
1931 384
70 1072
1407 1790
1295 285
1949 663
1 1360
1118 1629
335 776
1032 1051
1311 1694
1455 595
1101 1948
1043 197
601 1961
133 1017
1934 1139
1851 438
735 953
377 1004
1914 629
1525 824
1815 1492
492 838
21 427
314 1697
1836 319
651 579
79 680
338 44
708 925
999 1836
859 1114
1568 425
354 1748
1985 1142
1003 826
677 439
1335 178
1979 1963
875 1813
663 1477
1380 282
1803 1135
498 1098
1433 1251
1238 963
1735 234
1942 1261
136 1800
873 1181
757 1163
326 1261
154 1026
1279 27
65 712
1542 184
1113 124
561 1711
1403 520
48 975
324 814
445 1833
836 1381
42 1620
549 870
1796 235
1824 1820
666 1888
918 403
1028 1546
318 1150
1247 1278
1323 1335
1079 1481
1143 1350
1806 168
888 10
817 383
303 1049
655 803
364 1745
1904 761
648 166
294 356
1576 130
164 1997
1340 1353
1172 983
1884 288
317 521
1732 833
1416 935
371 669
60 1289
1987 504
1819 1566
380 1223
190 467
1350 1186
1111 795
1280 341
927 943
490 1278
1008 466
1738 1684
1603 659
1444 1192
602 1397
475 1755
1444 1529
1735 452
1287 998
1478 1527
1845 1303
13 483
1454 62
1148 879
1489 797
474 670
1003 675
795 556
319 1201
1034 1785
626 380
102 464
961 1641
373 1702
1671 992
986 543
1739 190
1275 1704
841 910
1922 1139
535 1340
1553 618
1967 1003
1861 1238
1281 482
1171 1813
377 941
1227 1554
101 1869
1241 1581
707 588
1940 223
658 704
1361 301
1555 1478
400 1318
323 343
418 1410
1665 826
1118 613
374 603
1616 374
84 61
91 56
1182 409
1024 647
1580 1835
504 1510
1658 1766
301 284
1155 1826
873 560
930 1027
726 1296
131 1690
503 669
982 670
1522 814
1240 1285
518 1888
800 1352
973 100
1311 1732
1627 1616
257 858
1785 1457
24 1324
1234 291
1055 1615
1313 377
29 1053
498 716
788 1750
1645 1886
1375 329
1441 696
449 326
1109 409
117 1441
89 36
401 528
916 1018
949 1581
1179 1068
1992 1988
1998 1609
1407 380
1098 429
905 95
990 1613
1267 1847
1760 1695
1031 667
1253 1338
1058 923
838 684
903 1477
1639 1360
1860 253
662 1796
1759 1458
24 1693
372 1708
1339 1915
700 1656
388 950
1306 368
1490 1569
802 346
1837 1959
458 412
1145 615
1638 397
1609 1217
1137 860
226 1068
1568 796
1330 1955
1592 418
1341 1577
1644 641
1 1587
553 739
1050 421
1020 1037
1122 796
1622 212
10 1991
259 1899
50 665
1017 1117
1447 1849
1547 620
1839 1624
1746 1470
389 259
782 748
879 1877
1781 1926
1040 1897
1195 1931
1801 864
1252 1110
1393 304
1833 1622
1837 740
677 1889
68 1900
159 1250
1632 910
1511 98
396 357
1178 1362
424 1361
1062 1090
1289 28
12 294
1707 1316
90 1955
1431 1027
1995 72
1500 1808
1890 1321
1570 1759
1998 1065
1622 548
866 1056
1130 506
1777 599
1028 369
1513 805
936 418
1943 74
98 1787
434 406
1691 292
1952 717
1154 1458
348 1548
228 1808
467 102
1543 1526
69 1087
913 1100
917 1861
1529 795
1628 573
1145 1103
76 1431
1905 345
1919 1275
193 359
490 104
21 1661
991 1532
365 144
764 1995
660 1305
246 365
398 481
433 251
1049 5
30 1217
1479 136
462 1663
328 845
108 1610
790 1522
1368 723
1720 1120
1798 344
1500 1762
220 713
225 1401
1911 823
155 1919
1912 571
499 1803
751 1118
632 1148
64 1873
916 1900
1728 37
1551 1841
971 1528
1787 426
1211 1239
1560 784
1542 1676
1997 1859
1923 64
1601 1121
1199 1672
1681 1701
242 1098
15 631
1538 880
140 1296
1101 485
174 42
1734 1221
626 202
1522 1812
1614 105
940 239
1798 405
1055 846
169 994
935 1082
93 715
222 191
132 723
1107 1286
440 306
116 172
1734 583
156 1386
587 692
1997 1491
933 183
1965 1416
153 685
1584 17
418 981
1458 743
1743 357
589 1171
1069 1851
851 1765
1239 614
1463 1950
1872 124
780 937
985 1863
503 352
534 277
1219 385
747 1494
1395 1546
698 673
691 510
1939 1053
485 1663
1732 1131
1645 50
1941 279
1731 706
1771 878
205 1090
602 1189
967 62
540 1786
223 135
1171 1485
1987 253
1392 1983
1365 1576
701 663
1675 28
738 835
1559 371
752 584
1148 1231
977 439
923 1489
1718 1590
158 1236
1851 1138
230 1608
195 1156
1513 1302
1568 1789
543 1294
1370 1292
912 1682
955 213
1312 1438
300 290
667 796
1395 1506
586 1794
1359 402
199 494
448 408
1353 51
111 136
1335 1639
1312 1571
1876 309
207 1735
1550 545
1515 551
10 72
93 1882
683 1182
299 305
1859 1095
699 177
1317 351
1734 466
1909 1056
1238 999
648 1294
407 1437
307 994
1961 1632
1198 1279
429 1207
710 955
1154 298
1976 1702
1047 1666
396 851
332 1808
465 1507
378 40
394 898
1983 1216
1721 937
933 267
1058 1334
1378 1026
1911 1724
1109 1320
775 731
1050 181
1533 1248
802 880
1084 1212
1015 1069
281 1809
1066 6
1647 1028
1710 1697
1481 570
1708 1045
692 1645
1818 353
62 1601
1757 81
242 2000
988 166
698 1797
112 1069
300 1288
961 554
613 1834
665 770
830 178
556 1082
1801 1243
1478 1623
1741 284
717 241
62 1274
1698 1251
206 1126
533 710
274 357
1771 418
253 367
986 1107
1472 314
437 296
1370 1708
1896 1931
800 745
1765 1852
674 1069
1194 1908
592 849
1413 953
1167 463
725 545
1371 1199
524 888
312 1746
318 1347
509 1203
1132 1123
380 444
113 49
330 712
272 1268
1508 320
692 1472
546 1524
644 1206
1692 314
777 999
809 383
443 1832
1173 1317
921 1554
1087 1689
1435 738
1255 1253
1008 813
1617 1109
732 1551
1330 625
1641 1462
1749 1372
692 1221
1222 1786
1020 1874
734 626
1955 624
1205 1897
609 1530
583 730
608 1806
189 451
202 1092
1781 1446
1240 912
1560 419
817 21
677 829
853 741
58 485
650 626
1990 277
515 1255
1249 1013
26 1690
1597 565
1779 273
1011 291
99 1141
649 1972
1575 1902
1916 290
799 1354
226 1184
1502 1712
800 1957
1543 577
437 1014
1763 219
812 1983
163 1969
199 1259
1779 559
1348 485
1273 792
226 905
1679 1538
1105 1024
1904 406
297 24
445 1078
1848 1788
181 1736
1983 1680
439 1424
373 1403
1931 1209
1047 72
1428 934
1720 1002
1758 1634
386 1164
825 386
1146 871
1005 693
177 1078
1513 186
120 1867
1272 689
1718 1910
1952 1009
971 585
372 599
1075 1708
1462 243
615 1944
1787 229
330 1365
1969 603
319 1874
475 609
970 1588
1430 808
728 1149
1184 78
364 339
200 1647
1053 2
1080 1227
1761 1069
698 1058
1866 1398
1057 230
1754 883
394 1820
1387 548
1035 212
170 1018
169 899
1556 254
1976 1975
1082 1194
962 328
928 1720
634 1154
1620 615
1086 732
1960 105
1184 1103
1356 1016
814 968
1993 514
1171 1469
1223 1499
1325 1969
1671 167
738 1776
31
1100 762 1082 1736 453 913 1050 1006 26 1409 181 79 1049 901 1285 399 795 1416 1377 581 5 1907 1500 680 1039 1762 1535 649 975 556 48
