168 5922
113 110
102 84
165 2
62 152
166 84
24 115
70 85
23 108
66 57
165 12
1 134
126 135
11 61
58 19
120 69
9 67
56 48
159 27
29 65
128 157
28 131
73 155
122 100
2 16
155 93
108 20
85 14
54 68
69 137
115 111
137 38
105 83
121 117
40 50
83 150
97 22
153 89
41 85
7 155
103 166
50 95
13 9
151 126
6 43
91 69
50 129
168 149
158 87
39 67
84 42
149 67
43 72
68 81
136 123
17 31
160 14
77 129
77 149
126 10
72 79
155 140
115 77
13 39
113 8
158 168
35 18
147 84
4 157
143 67
88 105
85 138
9 82
112 10
151 8
134 109
9 96
9 62
105 19
113 128
92 21
5 13
117 165
131 97
82 120
59 13
78 20
62 53
102 90
50 58
29 95
120 80
115 130
150 136
50 107
24 65
84 92
121 28
97 61
95 98
79 12
67 163
42 39
5 9
68 136
12 19
8 111
72 146
35 62
62 143
80 101
100 78
71 24
100 127
148 162
136 129
156 130
138 139
148 138
72 108
140 117
50 118
131 31
96 94
157 38
99 19
162 130
86 94
30 120
133 157
49 113
97 39
40 5
126 36
8 118
160 10
132 138
46 137
112 69
147 71
142 156
161 86
150 86
47 31
32 123
162 94
47 92
40 165
32 97
163 117
132 24
48 57
143 28
52 6
62 26
163 54
45 121
162 99
73 6
46 45
20 16
131 129
135 47
144 124
24 49
157 112
26 68
130 38
5 128
41 51
135 28
151 54
94 156
126 127
156 143
129 33
79 145
156 72
13 23
77 158
154 5
63 4
156 134
98 90
98 161
102 138
34 156
57 73
35 113
152 16
128 102
46 3
10 57
133 151
162 149
108 64
167 87
117 164
27 150
131 20
26 52
145 88
138 15
36 14
41 4
21 149
96 12
154 161
4 17
113 154
166 54
112 75
27 34
49 132
167 102
100 34
70 8
3 155
117 78
157 144
26 89
7 29
168 9
19 23
160 20
25 112
160 83
59 158
2 124
157 153
160 120
3 124
112 90
60 158
113 91
95 168
53 153
110 48
98 137
20 145
144 2
10 40
92 168
42 53
109 110
24 36
122 77
123 149
90 129
12 84
100 51
124 22
139 129
126 60
125 19
33 101
164 74
164 33
168 125
11 60
120 57
25 79
80 160
45 124
20 153
87 2
158 110
101 69
28 109
100 58
17 8
58 28
64 80
130 12
81 90
58 75
103 128
29 138
66 29
115 53
9 30
115 147
30 56
57 145
145 75
3 97
78 62
136 85
90 168
73 94
131 18
78 69
31 149
129 46
44 24
149 34
1 59
28 56
156 167
59 138
155 163
41 83
81 128
50 64
134 165
32 85
96 117
115 30
79 6
64 159
156 124
138 32
60 91
130 16
144 148
113 130
59 27
21 119
133 40
44 132
14 97
104 73
14 57
34 23
139 151
136 66
106 8
82 167
25 152
5 149
18 85
19 98
71 29
151 13
14 113
32 58
149 70
32 125
152 31
145 149
13 137
137 168
78 39
18 36
164 78
19 73
71 23
134 140
123 130
83 155
59 166
90 45
117 103
90 11
63 5
36 163
46 91
91 93
47 22
62 140
38 131
79 162
10 123
76 65
109 56
25 39
64 104
2 18
167 50
22 161
162 45
111 26
64 166
54 87
51 28
167 127
102 89
106 102
84 36
51 1
156 137
10 97
108 100
147 62
116 1
30 140
2 93
145 76
31 49
165 65
46 52
62 94
45 56
128 76
141 122
130 4
49 74
146 153
131 162
7 31
63 124
142 71
87 86
24 62
3 132
47 70
30 75
109 6
41 71
151 51
159 32
113 55
21 116
104 85
75 95
98 117
114 112
33 39
107 123
113 2
91 117
8 54
95 69
102 133
2 29
141 146
57 61
43 27
96 158
41 127
87 84
9 140
106 53
75 38
56 108
55 32
151 44
159 114
144 55
72 98
18 51
17 54
67 84
140 113
72 69
136 144
107 48
103 98
89 164
40 94
94 152
2 156
76 89
141 139
134 126
43 83
112 141
45 168
161 74
126 99
13 103
63 44
24 104
4 71
94 14
130 142
57 15
168 116
34 51
93 106
53 152
24 70
87 130
27 144
83 102
2 13
129 56
59 100
3 51
126 117
82 96
149 9
37 21
123 137
20 93
163 62
89 64
11 26
72 153
115 58
110 149
38 92
1 52
7 67
154 76
157 95
21 141
150 51
123 47
60 44
1 71
41 156
87 48
159 16
160 33
109 3
62 82
12 88
138 55
92 37
14 90
79 123
128 141
50 32
3 162
72 145
126 82
133 85
67 155
37 129
129 94
146 112
89 150
136 127
142 70
149 86
165 33
125 22
48 26
159 153
42 3
8 144
90 100
18 103
99 98
21 33
131 21
122 76
63 19
1 82
162 19
60 19
156 49
67 38
103 45
12 13
97 148
112 109
148 31
138 26
167 150
97 99
122 95
155 17
93 99
4 15
61 154
39 98
100 137
41 26
68 99
119 34
131 77
97 89
95 3
8 18
19 36
110 85
123 34
89 55
166 138
161 41
34 120
114 127
62 74
11 162
107 66
39 100
53 118
88 60
71 80
115 15
117 159
60 105
34 36
136 79
31 57
101 57
102 64
128 107
127 54
167 143
128 155
77 5
5 115
77 44
66 12
77 66
63 84
1 121
125 141
4 101
79 46
81 78
162 104
38 10
118 16
2 1
159 106
145 153
128 99
39 40
18 113
74 133
37 4
106 58
61 7
23 161
87 76
87 18
14 50
28 21
125 110
28 20
103 97
51 48
64 18
103 66
160 6
142 14
66 80
83 127
107 80
152 6
122 88
37 113
74 128
59 140
68 80
104 143
154 133
116 119
60 84
86 106
161 10
109 52
83 109
112 103
152 131
52 86
98 88
6 63
101 53
72 34
158 90
86 50
50 168
16 119
57 40
58 70
96 130
11 167
14 100
136 141
25 7
43 160
7 129
135 80
82 106
109 141
31 118
85 23
46 27
73 143
133 152
102 57
139 76
77 130
126 129
157 87
116 90
107 110
154 31
100 112
134 91
151 103
17 49
55 70
12 118
116 78
119 136
5 47
140 44
26 42
117 3
34 12
120 138
161 34
5 137
99 115
161 130
126 160
59 33
100 135
128 119
105 86
106 30
33 72
161 33
128 38
129 128
23 49
143 96
18 106
83 30
12 155
135 8
23 3
20 2
146 19
146 157
85 54
30 80
155 54
96 77
139 119
53 129
75 5
82 66
141 56
160 81
62 100
4 52
34 164
57 25
64 78
25 136
7 150
111 11
2 45
142 81
9 86
58 38
50 18
60 18
96 26
30 153
127 154
25 160
111 53
98 15
32 122
28 94
77 106
34 93
154 162
125 77
133 16
118 37
1 163
71 93
87 64
67 28
130 150
4 21
144 68
108 94
93 97
102 15
139 126
126 113
96 109
39 43
96 162
93 11
20 42
151 159
128 19
50 30
59 53
17 38
140 90
152 73
51 109
148 101
167 51
111 73
62 126
120 117
106 63
3 159
95 165
1 147
115 41
68 38
28 71
55 57
37 149
131 141
164 134
124 153
77 14
20 79
89 92
6 82
95 65
14 157
146 46
167 76
20 107
39 93
129 42
60 9
28 132
77 147
2 6
28 36
113 106
148 16
135 78
101 27
60 14
68 110
45 120
44 68
148 59
70 13
123 50
99 14
143 31
160 117
165 31
140 65
146 42
145 28
91 70
47 131
51 136
152 138
146 44
47 37
105 70
53 56
55 95
38 123
112 85
79 74
135 41
119 105
2 88
151 119
103 99
160 131
2 58
106 119
35 111
128 36
47 165
98 63
31 51
14 115
127 68
85 30
71 89
40 92
128 40
66 24
54 67
111 99
96 81
46 112
82 83
30 127
93 54
55 17
10 165
44 23
45 161
115 156
157 69
52 142
20 21
41 42
39 76
16 13
127 153
124 125
16 56
158 2
18 9
50 100
44 74
119 145
85 20
84 56
124 103
167 159
165 14
165 87
53 37
82 71
98 46
109 122
163 65
10 155
63 76
139 162
130 116
60 102
63 55
92 132
9 38
94 117
33 60
35 21
8 24
113 4
163 32
20 121
163 16
112 19
89 119
83 131
85 31
87 67
28 15
22 121
156 11
159 36
88 62
118 38
73 51
73 116
23 56
82 38
85 63
113 105
36 146
102 86
103 155
9 135
99 131
74 109
1 92
92 13
81 53
48 38
114 38
85 39
116 120
65 156
60 31
6 69
53 44
132 83
4 18
46 166
134 8
90 107
99 32
35 148
115 56
93 29
46 113
118 112
118 33
48 106
156 55
2 76
54 94
114 107
146 65
27 83
16 109
125 121
111 144
1 60
22 112
66 71
25 12
70 146
163 125
99 26
23 5
168 119
137 59
112 119
63 30
65 153
38 153
139 149
141 29
66 89
133 72
30 44
53 139
141 137
63 35
47 41
129 149
167 91
137 65
66 72
47 96
157 161
17 71
59 70
8 161
147 23
160 98
31 4
74 125
48 43
96 135
72 94
37 104
160 30
8 102
128 30
140 37
148 163
29 68
94 167
145 37
13 120
12 37
168 154
162 55
136 133
158 29
152 107
26 27
27 149
30 163
65 157
63 34
107 93
5 10
91 144
44 101
15 131
110 131
22 142
85 108
153 119
157 62
15 77
42 161
89 67
80 96
17 113
114 93
165 137
74 141
39 7
56 101
133 60
30 86
107 120
110 52
70 141
81 12
136 5
46 62
92 114
75 12
58 54
59 83
64 84
128 126
144 48
73 52
19 120
61 43
68 131
120 110
118 65
122 108
78 30
64 31
38 89
37 68
38 60
147 110
146 37
40 81
62 106
49 101
58 97
20 148
134 86
13 86
74 124
157 25
59 128
68 25
75 81
83 11
139 70
140 114
150 120
100 43
160 75
39 41
20 140
141 110
18 146
33 10
98 118
104 14
2 44
97 108
2 5
162 76
63 3
154 111
70 143
50 106
2 39
22 151
166 146
14 118
127 115
88 161
125 23
62 80
45 136
12 15
130 43
59 105
19 116
116 158
25 147
92 82
92 46
65 79
89 120
135 49
43 47
97 53
47 57
91 105
90 33
106 25
32 75
112 16
73 72
73 106
55 34
90 160
128 26
24 138
127 146
119 83
96 165
21 47
21 15
158 26
58 165
149 16
96 128
123 18
4 24
154 155
4 165
139 68
13 11
51 46
2 92
113 136
44 156
96 62
122 104
129 97
154 26
146 113
163 153
118 55
124 168
168 155
131 117
95 108
130 68
141 133
8 26
125 7
56 165
118 133
103 48
78 163
5 126
135 31
135 40
141 62
44 154
86 163
90 111
145 105
78 35
166 105
82 53
151 163
37 122
150 77
162 41
78 56
123 151
92 60
36 74
68 147
157 126
52 40
156 163
72 30
119 6
73 151
166 97
39 136
158 24
60 51
93 56
70 106
5 42
134 143
22 95
79 10
65 34
10 159
110 164
136 115
4 155
50 36
47 151
69 50
108 76
39 113
32 117
52 133
71 145
9 111
38 105
82 5
157 44
91 40
56 8
52 85
120 161
46 8
101 46
77 165
127 148
35 20
96 46
20 12
10 42
158 127
94 166
104 71
11 53
26 24
60 149
48 128
147 86
166 136
80 52
67 123
35 29
151 144
151 148
108 31
25 54
52 83
97 122
100 151
31 116
168 126
64 52
72 55
123 131
13 42
151 96
43 111
149 158
133 38
70 25
28 49
32 17
143 48
133 75
78 23
1 21
24 114
53 158
99 155
120 49
60 78
114 47
101 88
115 93
27 147
137 142
8 164
68 59
55 75
142 110
132 145
22 87
90 92
86 44
14 7
112 113
140 95
56 121
131 114
32 121
74 153
153 113
32 51
2 121
109 15
117 150
12 36
157 71
28 166
155 135
11 138
21 6
54 116
36 52
84 78
160 137
141 81
108 39
99 109
45 139
14 96
78 134
79 102
139 83
29 15
101 47
59 46
33 70
126 67
153 56
122 34
3 28
145 84
74 55
129 64
17 147
147 39
61 165
56 54
78 91
164 82
145 14
103 153
88 119
29 102
118 93
109 115
63 87
89 48
60 112
162 158
66 94
17 96
74 8
87 72
139 111
65 101
100 49
34 83
157 8
117 147
118 134
153 144
21 106
61 73
82 93
95 94
5 142
63 132
18 69
3 10
132 64
13 71
78 37
4 121
58 147
80 150
97 138
165 83
81 159
128 8
121 43
52 14
112 59
152 78
7 6
115 20
106 149
159 130
131 93
52 28
87 33
77 146
37 93
118 76
8 14
149 98
93 160
117 26
93 117
76 143
40 161
128 91
106 118
127 132
141 52
114 50
50 146
102 78
138 128
100 152
39 143
78 129
109 84
70 76
117 74
51 153
148 48
125 39
31 94
98 94
97 167
63 29
52 30
99 104
139 49
11 41
168 85
67 53
141 92
48 104
8 100
65 128
124 25
72 105
155 70
167 67
92 121
70 51
154 126
131 157
5 121
58 154
40 28
121 127
120 115
155 50
144 102
44 126
91 112
139 16
118 4
84 89
87 25
51 29
73 140
45 147
151 153
73 92
130 146
125 65
78 1
114 10
27 115
152 8
46 117
83 115
82 143
48 124
67 133
37 58
162 22
39 56
21 142
88 91
110 166
107 69
102 156
67 63
98 60
94 125
52 145
164 68
70 27
129 99
5 165
139 57
13 76
161 111
76 8
165 89
45 109
111 67
32 100
129 160
20 103
128 142
53 43
113 63
53 121
130 72
98 4
135 82
53 26
19 113
26 58
52 39
50 41
168 117
22 129
132 114
48 12
129 93
99 9
24 142
13 62
168 87
47 148
56 158
127 88
150 54
92 20
143 103
87 50
110 140
14 146
17 112
101 68
149 56
4 141
82 29
158 32
96 44
100 6
72 40
87 133
138 64
87 100
44 83
39 135
129 106
111 48
155 133
25 158
2 53
159 140
150 57
130 129
58 120
148 17
3 150
111 128
120 67
151 20
18 82
70 140
104 49
15 61
66 92
50 108
108 82
118 95
16 145
15 132
60 42
54 103
117 146
70 92
164 96
67 121
159 160
108 88
77 117
113 71
104 41
69 90
53 21
126 108
146 13
87 47
48 126
83 98
157 168
22 56
56 159
98 22
111 70
166 34
45 20
93 112
131 44
134 44
155 146
133 33
38 77
28 16
28 22
49 69
21 136
55 94
59 95
122 84
58 91
5 107
109 98
31 16
70 84
164 145
79 70
82 51
113 122
78 71
107 144
23 155
21 139
111 92
65 31
58 94
53 163
101 126
163 28
114 152
90 39
51 121
138 69
121 54
21 41
144 80
42 76
58 99
142 104
80 60
71 38
167 84
27 42
93 164
130 106
90 7
14 150
15 90
43 19
149 148
155 161
98 87
160 19
128 127
38 139
21 114
94 111
102 127
83 153
64 98
118 73
132 30
153 54
35 116
53 80
160 24
46 7
139 98
9 97
55 18
51 132
23 50
26 85
115 87
155 48
46 119
106 78
19 166
144 25
33 126
115 114
69 47
109 19
59 47
127 55
12 28
147 164
133 3
118 123
105 162
14 161
21 29
118 158
83 99
115 146
85 68
56 71
70 87
101 141
61 139
49 126
67 10
72 142
75 142
117 155
102 27
91 158
85 139
139 154
111 5
50 49
2 135
142 63
152 136
115 138
108 6
121 62
65 123
45 8
35 99
165 102
148 33
131 42
24 91
75 121
147 112
138 103
149 32
79 92
86 117
81 125
67 145
129 111
161 149
126 84
91 47
156 58
147 16
32 14
95 153
139 63
31 36
72 157
7 131
55 87
118 75
79 137
1 65
43 32
127 101
89 12
52 107
86 70
149 18
153 44
16 30
46 34
64 14
114 46
58 35
148 45
141 143
108 13
158 166
45 47
65 67
72 48
6 165
32 137
156 129
1 85
126 96
143 108
118 47
141 40
141 89
118 155
105 122
18 126
26 161
45 142
147 137
8 22
70 95
144 43
92 36
122 86
139 148
83 108
72 128
72 168
134 119
68 55
15 122
84 4
24 60
151 166
2 72
68 123
141 80
137 60
164 124
72 141
126 6
120 28
80 95
6 44
23 46
17 118
76 56
9 23
86 31
44 167
15 152
30 166
32 81
93 70
110 162
166 18
119 38
51 11
165 99
93 150
97 144
79 161
22 141
105 98
87 136
81 109
8 47
79 41
162 167
92 87
9 153
112 129
157 105
126 80
75 106
32 160
135 15
124 138
45 78
11 34
114 96
48 23
70 16
86 12
110 19
144 9
17 94
69 117
83 24
44 159
80 161
104 59
22 10
120 52
88 68
71 141
28 144
48 134
126 115
126 25
132 38
113 166
13 3
149 116
58 36
71 127
54 45
60 23
145 81
134 159
100 166
18 26
160 89
123 3
10 69
125 38
80 90
15 84
122 121
151 31
2 30
30 135
141 8
141 120
156 37
166 31
71 63
159 113
106 109
87 120
146 145
128 125
148 121
62 11
60 41
108 34
85 145
53 140
83 16
153 123
135 17
128 43
147 136
118 3
102 168
33 46
26 9
10 156
4 11
156 117
93 79
131 11
81 38
20 17
23 153
59 86
39 123
137 164
51 39
124 16
45 104
27 57
66 141
52 13
102 118
6 130
119 137
11 91
58 56
7 76
128 131
48 164
103 107
97 140
39 17
70 52
94 107
154 35
148 152
40 21
157 141
92 124
106 43
34 88
143 126
36 166
101 61
58 78
138 155
158 41
52 93
123 78
17 85
126 153
95 103
36 121
86 76
111 7
94 99
94 142
110 1
139 48
161 167
77 30
17 164
92 108
131 143
102 23
86 8
144 119
24 50
167 64
13 119
134 150
12 101
75 143
22 51
59 34
74 93
10 147
60 166
57 8
98 62
71 16
21 43
122 78
152 18
8 78
118 103
92 6
155 125
1 96
7 63
150 68
160 45
101 81
62 138
91 6
67 2
45 7
14 12
152 106
92 43
111 126
82 10
80 55
58 110
109 129
147 113
17 129
143 128
76 84
167 147
159 1
102 111
78 137
129 54
162 117
25 164
71 65
113 59
26 95
119 164
112 15
70 37
2 54
148 53
130 102
107 45
129 70
49 33
74 155
83 78
89 32
81 48
10 99
46 162
144 11
115 67
88 47
73 135
114 62
44 97
120 94
151 154
36 63
148 109
110 31
95 68
34 21
61 39
139 71
41 167
23 107
88 134
53 73
94 69
63 157
19 17
68 107
116 166
48 82
37 136
23 86
47 27
131 50
94 149
166 85
112 128
62 125
77 3
51 77
158 5
129 63
21 75
13 10
6 85
27 65
163 73
51 133
104 130
61 99
6 149
12 151
29 156
117 99
18 124
6 3
44 144
121 139
79 77
56 110
71 160
6 133
10 26
120 103
22 37
104 94
151 95
132 134
50 77
28 100
45 116
38 84
86 74
15 20
154 116
8 80
99 53
80 104
134 98
91 83
53 38
37 90
37 8
18 128
71 46
51 125
77 167
163 26
110 26
50 76
104 76
17 36
95 19
32 142
6 105
151 88
116 139
160 40
85 113
135 68
143 68
77 19
155 11
164 37
73 45
27 17
37 166
152 20
61 121
149 10
32 87
95 88
10 150
96 58
19 28
75 98
106 164
103 77
25 73
4 154
151 106
29 87
64 5
55 78
37 73
113 93
4 134
112 162
122 119
154 21
124 123
85 13
104 155
110 43
49 124
122 73
81 137
72 27
118 5
118 127
21 44
19 26
41 54
75 125
42 22
66 102
89 111
56 59
8 132
49 145
79 131
89 4
60 71
3 39
57 21
141 127
162 32
74 69
19 168
56 72
5 98
68 121
155 157
64 75
159 94
16 100
141 118
147 65
87 97
24 19
23 160
25 8
122 24
45 66
73 121
75 130
68 100
147 55
43 87
137 1
43 38
125 162
78 155
147 3
41 136
16 44
34 138
93 58
134 157
91 29
128 114
97 139
51 117
156 77
138 30
160 28
134 94
130 98
82 132
115 103
31 144
8 36
105 73
15 117
93 102
47 71
104 46
96 52
103 52
140 55
91 68
157 54
117 21
52 50
9 24
2 24
61 37
65 26
18 148
164 116
83 61
23 130
153 102
145 15
121 13
147 46
103 82
25 140
2 31
159 25
102 28
2 7
125 57
65 167
33 127
140 105
166 155
14 106
45 19
48 37
45 87
24 96
131 76
11 55
96 122
89 148
20 49
153 96
44 90
64 71
48 116
2 125
168 129
8 126
4 83
106 117
56 79
53 58
87 51
25 47
153 42
112 82
4 80
4 8
44 89
71 150
7 41
123 115
62 159
140 31
31 39
124 87
49 96
104 93
50 54
116 71
55 132
26 20
12 16
159 48
65 56
148 73
139 152
42 99
107 91
133 112
64 13
133 123
162 121
27 131
97 111
96 18
166 125
129 103
147 116
36 132
44 39
148 91
32 41
135 26
161 89
17 100
145 107
153 82
111 50
106 42
11 134
116 106
146 85
54 37
18 67
83 94
72 151
75 34
21 135
49 112
73 147
54 22
73 16
151 55
49 32
14 41
137 148
11 115
124 161
43 113
132 98
120 50
64 42
143 8
115 74
56 146
34 96
39 146
138 68
89 25
15 104
122 99
48 138
2 149
23 55
124 126
71 51
16 57
48 24
28 139
126 104
166 130
100 61
143 109
152 126
50 10
98 59
164 79
135 147
93 110
60 114
126 55
100 116
145 56
7 161
45 13
69 143
112 73
111 137
161 166
62 32
15 167
76 166
136 98
10 2
149 57
156 112
147 158
10 94
40 147
130 31
106 124
135 75
164 126
49 130
57 81
19 104
21 67
68 60
133 29
129 144
33 28
6 26
125 149
35 71
111 85
127 63
22 164
60 136
100 42
15 53
41 28
125 99
78 104
106 28
127 36
33 120
148 110
77 57
49 85
51 19
74 68
127 159
79 141
60 155
34 28
10 119
17 125
38 124
122 60
18 27
31 129
50 116
132 168
24 73
124 166
48 132
140 74
144 88
32 60
55 146
75 147
93 143
39 1
33 136
27 41
125 70
31 111
84 131
15 105
113 84
132 91
39 15
1 149
93 100
5 131
51 64
123 27
144 60
34 64
106 72
54 100
99 39
150 26
54 57
125 37
26 143
82 150
157 31
79 62
23 99
12 1
14 18
11 50
57 127
73 17
80 139
159 30
60 15
142 149
60 45
60 54
153 81
125 73
135 60
13 81
65 78
92 142
74 144
165 112
161 135
120 11
122 152
75 28
119 39
65 69
154 100
81 112
5 108
85 140
138 80
22 157
115 118
81 86
14 147
156 12
93 149
167 43
109 111
99 127
141 116
81 164
134 152
123 126
50 162
27 121
90 21
95 2
11 128
76 93
11 114
146 137
58 144
73 54
40 111
104 107
134 62
91 127
127 49
117 31
85 59
149 136
2 97
104 35
5 147
49 78
68 17
71 108
30 29
83 79
48 98
69 26
162 63
129 75
124 23
16 48
91 106
25 145
82 141
136 12
81 123
93 17
102 154
31 45
127 43
153 164
156 43
79 87
40 16
101 111
167 123
81 2
138 79
9 103
38 111
14 131
128 161
146 34
69 31
42 15
148 95
123 109
53 34
40 119
115 70
91 13
24 89
68 61
75 152
40 61
71 11
90 1
130 101
65 64
119 111
20 126
89 103
7 137
56 160
23 11
96 112
123 164
9 98
136 28
146 143
89 6
138 168
91 26
90 84
10 54
8 142
40 51
44 40
2 151
108 57
137 124
22 153
49 148
104 109
91 101
60 152
114 164
106 32
15 113
140 71
117 38
121 129
81 135
60 161
60 62
45 157
144 123
126 74
7 153
156 53
90 155
52 124
127 85
166 111
141 39
88 14
99 40
150 4
107 21
88 160
39 96
94 8
150 121
94 24
26 146
48 141
102 69
68 40
16 77
59 139
114 163
61 94
21 94
150 128
129 61
156 75
60 96
85 43
33 55
78 73
146 17
4 81
30 61
62 16
6 17
123 106
145 68
39 75
78 66
161 75
160 124
168 100
97 161
120 23
141 148
120 145
101 17
53 127
68 57
40 42
75 47
12 117
156 147
82 87
98 133
149 33
11 21
98 141
88 164
138 95
167 70
88 83
13 74
142 109
56 102
91 74
71 115
120 1
73 55
50 93
26 152
66 75
29 20
96 133
32 54
7 113
52 2
90 88
125 119
167 95
33 107
73 84
131 80
87 31
69 150
98 123
54 168
140 91
71 110
117 56
155 136
122 112
158 122
123 54
11 105
4 45
48 22
73 35
116 47
50 3
116 24
20 18
80 14
26 70
96 166
87 41
131 52
136 95
67 24
149 95
42 17
36 89
81 58
33 95
1 132
66 61
22 166
49 136
138 57
24 31
61 10
123 90
17 141
102 116
71 94
33 58
1 145
108 17
109 120
23 39
81 166
161 106
97 156
45 24
127 21
31 96
108 26
86 53
145 50
156 28
34 73
64 60
46 18
99 139
22 137
57 24
127 14
153 70
35 49
143 49
99 102
24 22
85 82
106 39
88 123
76 127
93 43
73 164
45 16
110 157
122 27
31 26
147 105
84 5
35 52
101 84
135 93
109 43
37 32
123 156
104 79
36 53
122 135
155 64
50 28
132 60
46 135
167 144
101 78
41 75
155 164
107 35
154 159
71 121
77 25
138 145
101 41
43 29
18 142
41 1
11 135
99 79
35 84
153 108
131 74
104 128
96 32
16 94
112 139
62 3
107 122
119 94
35 144
71 92
19 10
165 123
140 131
8 52
160 13
164 135
63 45
25 13
162 12
130 28
131 107
10 8
82 72
36 160
134 110
43 4
5 104
103 90
145 82
150 140
37 139
4 64
48 162
104 43
1 122
9 76
112 77
74 14
128 77
97 29
40 120
151 10
141 14
102 38
107 1
75 137
7 144
89 127
64 2
91 12
69 105
89 108
114 94
92 19
16 49
87 121
71 81
5 156
5 16
153 99
6 168
112 21
160 140
14 128
153 25
11 132
162 164
134 75
138 35
92 64
110 94
124 146
125 165
64 56
51 37
42 143
82 42
82 152
29 80
165 136
59 87
87 139
141 76
12 139
18 168
108 42
145 103
144 142
47 149
146 128
107 84
76 158
120 125
19 55
114 110
58 108
38 149
12 47
99 112
79 160
68 104
31 1
157 77
133 116
74 100
103 154
116 15
106 54
18 52
155 35
141 9
24 54
167 32
58 66
96 150
53 10
112 23
135 136
163 129
30 65
45 143
37 151
100 35
42 16
156 35
58 14
99 49
116 127
30 22
97 40
65 38
135 83
80 25
155 107
85 163
20 86
98 101
14 154
154 63
70 36
39 45
97 149
14 39
114 137
58 162
52 91
115 168
60 148
35 165
31 115
125 69
121 8
63 83
48 71
100 80
67 74
154 83
160 156
121 17
78 68
84 41
159 46
110 53
126 79
88 5
139 55
94 20
145 152
43 95
83 107
123 61
41 118
168 91
55 131
89 106
41 24
89 81
80 69
54 44
30 17
93 35
97 162
5 157
46 136
164 160
41 157
98 158
102 94
134 37
14 28
63 110
135 66
122 124
116 95
73 70
49 4
80 117
121 34
137 108
70 94
101 102
11 79
15 85
75 159
112 6
109 70
60 28
4 88
45 145
34 58
21 110
44 93
43 148
94 121
145 100
110 42
29 125
13 36
27 107
106 167
11 110
118 135
79 98
146 6
52 42
1 19
82 74
88 120
38 50
42 36
55 6
151 118
50 65
126 133
79 111
4 116
76 25
31 43
96 95
83 21
91 55
16 68
31 22
157 64
49 47
104 127
103 23
81 47
66 34
134 66
49 153
139 84
4 147
154 16
154 40
164 90
29 81
93 61
160 149
144 5
27 20
148 116
11 54
117 79
116 63
86 112
89 135
30 37
72 39
54 139
143 120
112 44
8 9
161 147
119 104
130 1
60 66
148 117
72 21
116 113
49 57
66 161
23 59
125 115
90 165
139 69
78 22
123 64
55 48
67 33
31 70
157 94
157 132
93 111
41 95
142 165
75 136
146 33
42 145
166 24
36 72
103 163
55 97
31 32
4 56
74 66
32 11
89 149
29 103
161 55
34 94
153 68
43 91
130 89
33 54
58 164
159 121
3 84
13 142
123 56
108 80
54 92
10 163
109 128
38 97
144 90
155 36
17 88
135 6
85 116
111 132
37 13
103 24
86 138
24 140
149 72
48 4
131 58
119 121
126 144
41 5
118 56
13 41
143 86
150 46
57 37
144 100
101 129
102 140
120 85
160 122
86 153
98 91
101 28
28 23
57 28
66 28
111 105
45 58
99 31
108 124
131 9
97 110
82 81
146 40
74 151
90 89
85 34
85 65
5 130
126 86
32 93
32 94
3 22
95 56
104 152
47 33
73 32
152 121
47 65
43 42
42 49
153 50
91 153
46 85
38 161
70 54
118 46
58 73
30 33
36 95
10 130
129 40
98 82
64 81
97 60
110 59
46 155
85 115
156 50
113 67
76 117
151 86
153 140
79 143
58 64
96 79
91 61
65 151
77 48
17 72
25 116
145 21
114 147
23 37
36 137
93 36
136 9
71 32
76 148
133 70
7 164
99 92
145 126
49 116
151 30
117 17
123 152
154 148
95 109
152 111
114 120
73 20
42 141
94 33
150 106
156 45
95 91
133 69
14 35
135 4
93 141
108 118
3 31
155 43
46 38
156 88
155 160
94 23
70 99
24 101
149 104
42 162
8 138
109 12
155 38
79 154
47 106
28 35
46 151
79 29
35 59
86 98
70 117
86 79
102 31
151 52
92 133
164 80
146 126
94 79
143 29
160 37
138 93
59 154
100 37
39 86
29 67
154 53
61 77
162 143
33 93
120 12
50 134
60 130
131 8
5 70
31 29
56 74
153 41
108 48
97 119
95 125
102 134
159 166
73 59
44 108
1 95
99 141
108 132
94 77
144 95
120 159
25 134
164 168
45 122
128 28
58 62
87 134
18 102
28 76
116 37
6 138
80 165
67 92
94 46
56 140
137 3
106 131
130 148
148 112
158 163
49 7
2 147
21 48
75 158
54 159
79 155
46 32
84 58
161 76
103 53
77 2
88 40
149 166
133 5
57 33
33 34
42 101
57 124
2 166
55 159
12 42
63 18
108 15
4 27
167 81
67 116
87 128
123 85
152 147
82 109
111 106
87 113
50 90
4 114
94 42
60 168
57 32
18 3
28 70
68 160
86 120
129 72
107 134
86 1
44 105
156 86
71 122
152 102
65 162
32 5
165 64
166 35
23 113
5 51
143 97
90 28
93 88
50 159
31 50
153 60
92 100
66 62
107 47
66 25
69 57
133 109
52 68
17 166
80 72
48 60
131 63
93 89
74 145
5 59
28 129
4 87
136 82
12 11
142 112
79 36
126 122
160 121
26 64
138 17
20 90
75 141
105 161
145 122
19 115
90 163
85 107
61 103
122 125
76 40
116 17
57 13
111 41
114 30
75 111
79 127
23 65
38 7
137 27
50 104
141 7
64 3
85 80
54 16
52 100
101 120
25 123
76 64
55 135
68 111
52 69
139 9
25 154
33 125
60 58
123 110
90 136
99 20
27 136
104 77
9 117
9 28
92 72
151 164
119 67
7 109
127 81
38 27
27 93
4 44
1 109
150 75
7 106
109 154
64 120
124 64
102 21
97 36
115 13
159 125
136 96
166 39
115 157
7 35
117 138
156 82
83 35
112 89
106 107
104 144
96 61
59 97
52 153
32 47
12 40
146 98
91 30
55 123
31 74
122 91
44 84
144 156
138 4
34 144
90 124
55 56
109 91
91 104
1 133
43 102
89 121
133 45
15 86
37 155
40 35
140 139
107 4
51 94
156 7
126 22
18 39
81 63
157 154
1 6
22 40
2 35
117 18
112 145
138 43
11 15
13 165
123 30
103 41
36 131
21 118
151 116
47 48
150 151
162 43
138 49
116 10
64 110
99 6
23 40
71 74
49 19
67 97
122 8
10 128
105 4
27 124
74 60
64 7
32 105
1 136
84 150
167 2
78 79
68 152
71 34
162 36
30 79
44 128
33 81
5 15
159 132
149 43
77 22
52 53
151 59
92 94
147 6
14 43
132 10
51 152
147 103
122 59
55 153
72 161
97 6
83 134
24 164
52 9
151 147
72 52
10 125
47 58
38 13
9 12
3 75
51 30
100 45
134 129
167 78
31 137
150 166
14 120
84 159
142 138
142 124
37 62
26 56
36 157
109 166
120 99
50 117
119 20
136 102
107 129
76 135
15 166
71 76
144 15
26 88
87 12
168 139
114 59
53 105
45 25
29 149
59 51
8 65
110 146
99 157
41 62
41 59
89 118
22 115
87 30
126 23
28 74
101 131
118 77
61 124
149 24
159 72
166 119
30 82
146 32
76 103
54 149
139 155
5 45
17 45
111 155
23 98
161 119
64 107
25 82
40 15
58 140
51 47
18 11
4 91
111 151
103 36
109 18
145 11
56 168
167 42
145 165
88 54
84 26
132 95
32 136
47 109
109 146
67 138
113 79
160 119
8 87
158 78
161 53
29 101
7 160
134 73
24 93
2 101
167 86
4 10
30 92
152 101
165 24
45 76
109 59
32 64
138 110
45 40
150 33
36 154
69 25
42 4
23 2
167 151
12 32
48 101
40 3
105 10
164 99
7 96
157 58
6 38
18 75
45 129
127 168
141 1
144 6
77 135
18 140
93 87
61 134
149 105
155 30
151 128
105 2
131 35
80 7
76 120
61 29
97 1
52 113
38 168
92 74
121 163
96 104
12 157
83 120
143 81
38 36
39 101
126 41
62 44
15 22
45 93
140 137
153 10
153 84
37 117
109 145
20 36
46 152
66 52
11 66
86 146
9 40
103 162
41 131
160 18
88 99
122 123
166 87
101 71
144 128
159 126
101 164
97 128
133 90
12 127
2 62
111 74
1 13
80 39
65 148
65 12
88 78
123 121
15 35
166 68
154 156
106 108
120 68
125 106
65 11
124 167
117 1
101 19
127 10
60 150
99 145
51 10
99 106
167 149
7 93
40 66
148 39
93 81
99 37
5 139
15 80
9 6
111 65
48 8
120 168
31 14
32 143
166 131
147 37
1 143
93 103
125 146
131 124
27 113
154 149
78 151
85 147
146 63
9 39
51 97
99 123
86 56
133 25
32 35
38 167
122 70
58 85
42 130
59 108
154 120
92 11
83 51
18 24
143 112
21 8
62 129
53 109
154 166
48 115
21 162
155 101
114 26
100 158
62 104
96 98
27 66
7 62
96 118
109 93
121 33
20 24
60 165
16 17
21 17
60 87
57 148
13 150
158 101
63 75
142 6
154 81
88 167
32 10
113 125
86 45
107 143
96 131
16 127
47 85
154 125
113 80
161 153
164 14
163 4
134 49
132 18
60 25
160 86
125 54
113 143
40 13
15 94
118 57
11 36
72 83
127 152
160 95
153 158
31 141
104 72
70 104
147 141
3 103
116 159
39 37
48 142
40 159
58 48
158 37
32 79
3 17
64 8
99 12
64 29
116 7
10 104
157 149
83 106
42 154
134 47
129 104
59 40
48 59
79 166
61 167
14 125
133 150
140 67
70 101
126 155
34 150
153 130
29 53
98 138
13 105
120 10
38 90
140 86
37 36
32 44
57 164
104 117
31 153
9 41
75 124
127 56
143 133
78 93
109 69
106 49
60 99
157 98
15 150
32 140
19 123
1 67
84 22
124 12
168 41
73 88
94 126
165 151
73 107
49 18
24 124
64 16
33 111
61 102
133 37
1 150
2 50
141 50
98 58
90 85
34 3
109 139
151 122
91 124
95 131
60 129
57 34
42 111
97 31
70 18
5 101
35 69
141 138
83 168
10 7
163 119
104 100
140 79
167 20
140 66
12 161
103 69
143 92
55 1
163 41
27 49
148 38
28 26
114 154
135 131
98 26
21 130
105 104
105 138
115 135
27 56
78 103
37 24
67 141
135 128
163 7
84 6
72 14
121 10
149 156
53 1
6 66
110 5
13 75
82 91
108 27
21 129
42 165
50 1
124 112
133 2
168 79
156 166
82 168
108 73
102 97
126 9
83 124
157 109
48 13
128 9
26 109
133 104
103 19
90 35
104 83
32 91
78 95
76 78
22 86
49 80
79 151
128 165
115 142
104 47
70 40
79 120
85 142
106 37
30 20
90 121
107 56
31 134
166 78
16 129
61 85
159 107
9 63
77 107
138 109
140 149
69 124
142 152
104 30
92 81
140 11
39 164
119 135
63 1
143 80
33 64
39 134
81 49
35 25
56 139
35 158
77 152
72 84
35 48
48 151
84 97
112 88
99 160
54 40
18 110
137 47
65 33
1 8
165 119
112 155
114 125
22 45
17 167
131 72
62 22
2 145
156 93
13 21
13 102
166 56
39 38
109 132
125 127
157 33
160 139
50 103
101 136
66 23
116 118
86 109
25 3
52 156
113 120
89 94
106 34
29 96
51 89
24 23
84 108
8 51
86 24
69 5
85 94
37 102
67 78
39 84
142 29
53 74
150 113
13 106
135 149
13 17
82 27
122 54
160 55
60 2
40 63
22 135
18 99
46 145
110 7
94 65
56 114
104 6
163 42
126 59
133 9
122 74
103 16
76 61
5 39
139 128
84 157
10 137
68 34
121 35
97 52
53 35
26 121
147 21
108 3
11 24
64 152
121 23
130 71
84 146
24 74
74 143
66 149
155 122
132 164
21 7
48 160
50 48
118 148
119 99
119 12
164 3
84 136
51 90
121 132
127 19
102 113
93 16
32 59
132 89
139 65
137 153
155 82
50 39
134 103
94 135
46 88
81 97
18 162
100 33
38 160
90 31
86 136
157 76
11 149
137 163
154 34
67 3
88 31
61 138
167 90
89 104
49 95
24 154
41 16
120 39
150 105
75 10
155 56
151 39
57 20
25 156
29 34
54 158
115 134
1 45
158 159
38 127
165 149
161 82
65 97
138 22
158 85
90 91
1 105
49 157
159 90
51 99
140 120
113 145
131 33
97 96
4 128
120 25
143 10
88 114
144 99
2 140
35 60
94 133
146 64
58 128
137 84
162 44
12 94
97 86
92 68
158 134
63 62
75 163
78 50
77 123
34 86
71 27
35 168
139 78
16 37
81 114
164 122
57 155
46 60
163 166
54 20
97 83
97 117
60 141
139 117
34 136
35 96
5 57
100 99
123 140
105 95
102 55
81 140
78 119
20 127
73 139
100 85
109 136
6 88
131 78
25 64
150 52
100 98
58 25
40 130
157 111
57 43
131 1
83 114
118 87
72 95
142 28
136 72
61 25
107 97
121 134
115 3
152 89
75 83
21 105
6 155
166 26
124 134
159 128
117 133
94 37
70 77
151 27
10 60
47 102
49 10
35 24
120 65
47 164
134 53
76 82
9 50
84 91
120 96
35 79
148 9
130 20
149 3
122 40
67 41
144 40
150 39
105 136
37 107
119 17
13 155
121 146
84 88
147 94
93 13
62 153
81 148
26 61
54 75
49 30
107 168
29 60
112 28
86 118
149 46
114 48
89 63
51 69
5 19
163 93
103 88
24 99
66 7
76 29
131 13
103 81
78 15
17 11
154 160
108 29
57 107
144 101
156 109
167 154
38 150
85 134
133 46
50 25
109 151
114 23
61 111
54 133
60 116
152 67
92 28
18 95
142 34
162 115
131 65
100 21
104 163
121 116
43 96
98 97
87 83
144 56
17 52
101 14
55 2
100 134
31 104
159 129
94 139
150 162
59 133
61 158
79 51
101 55
95 133
84 28
155 32
73 41
147 150
119 2
151 24
3 56
89 155
121 112
142 31
122 165
92 18
97 121
140 122
154 89
52 129
44 48
78 77
130 151
54 42
13 31
105 61
166 77
51 66
51 42
88 159
12 49
70 78
60 12
49 89
19 39
43 55
153 1
101 157
43 73
88 10
9 143
46 37
85 167
5 127
98 162
85 8
56 137
59 129
37 56
58 30
77 121
111 34
6 150
122 53
103 100
107 96
30 41
122 13
151 35
128 163
85 152
127 8
161 114
166 121
12 26
109 29
15 81
120 92
7 34
155 2
96 83
132 13
13 109
132 102
73 30
13 100
26 132
15 3
74 158
147 54
104 154
44 57
131 112
38 152
71 20
35 88
35 16
159 53
17 128
159 12
163 105
118 32
109 22
159 82
59 93
53 12
7 51
8 44
45 35
101 36
93 15
128 120
49 163
79 71
147 18
74 78
139 132
25 65
138 51
102 39
154 99
1 127
6 101
135 117
29 24
112 79
168 30
58 63
89 156
133 111
115 166
84 162
111 103
44 91
117 39
75 107
133 50
10 77
45 69
85 24
36 90
69 158
119 114
44 14
85 87
31 71
21 18
65 106
27 125
89 136
80 2
27 9
61 150
26 97
101 37
69 119
88 130
93 166
133 130
145 73
27 130
76 20
129 157
69 24
50 160
124 157
111 134
12 141
30 88
71 125
130 132
9 116
155 85
165 32
93 94
59 134
22 145
157 73
132 150
30 130
38 52
166 144
134 57
59 124
30 14
29 155
39 130
94 131
40 71
25 40
162 49
55 86
33 78
69 144
106 56
123 160
115 137
138 92
54 109
65 37
26 124
15 151
164 143
60 154
122 14
91 116
96 141
31 101
17 81
34 92
46 128
47 125
77 62
44 122
168 42
24 10
67 105
80 28
37 119
64 46
61 72
49 71
31 160
18 154
37 18
3 5
143 135
109 27
33 26
141 142
51 158
85 56
114 41
28 153
3 41
12 2
48 54
48 102
151 11
27 36
151 152
137 63
65 5
49 115
99 17
159 74
31 80
54 1
62 28
42 87
155 159
36 1
115 75
155 119
156 145
105 102
68 168
127 39
18 151
89 74
152 30
95 66
144 147
118 62
146 54
167 125
10 103
88 36
70 82
152 22
64 137
66 20
3 127
39 73
148 4
142 167
156 84
163 134
9 66
165 74
124 136
47 162
144 73
147 15
92 33
25 131
113 162
102 70
62 137
159 118
124 97
18 165
35 167
38 95
83 53
103 144
77 98
108 154
120 47
19 70
68 46
143 34
51 86
126 53
157 104
104 58
52 98
162 34
78 43
75 62
112 135
105 125
76 72
139 93
118 156
42 57
94 60
80 51
139 120
31 46
111 28
75 9
59 156
141 145
104 51
113 53
55 141
24 27
25 48
15 133
117 25
95 7
126 65
13 56
28 89
109 162
159 89
140 104
38 22
1 69
75 128
57 65
84 83
49 146
71 8
7 83
76 140
145 29
46 123
31 132
39 59
22 99
115 149
27 69
84 7
69 20
138 9
130 100
137 89
26 1
60 156
12 27
4 137
109 36
117 88
25 139
160 128
139 2
32 4
165 152
115 38
41 77
136 26
59 121
132 69
132 68
103 73
78 17
136 11
110 163
44 81
166 74
77 34
74 116
159 51
166 48
155 120
133 56
167 49
74 22
128 13
138 74
45 26
129 11
15 142
124 77
98 125
136 148
168 123
63 72
102 110
28 4
22 168
72 1
110 40
105 54
55 10
44 37
7 112
90 97
158 135
82 128
138 104
5 80
62 103
116 114
79 16
127 84
159 111
86 119
107 12
70 45
111 112
98 45
29 70
73 18
121 118
17 132
36 151
139 34
82 24
80 3
24 121
132 41
16 168
85 3
126 121
99 149
167 22
29 129
52 111
16 89
117 85
69 115
158 79
153 36
137 71
113 44
85 154
8 7
161 49
29 150
110 3
109 24
144 163
74 3
138 146
95 134
54 19
58 89
49 117
42 90
132 14
118 23
132 52
40 106
105 78
131 161
113 111
56 2
34 91
89 56
37 42
78 98
36 143
126 42
163 149
38 4
118 48
2 115
73 86
25 92
78 132
140 119
102 1
61 149
91 137
164 86
161 109
139 123
19 78
1 70
70 7
119 142
155 145
36 33
133 57
80 36
90 125
7 114
87 15
37 75
130 168
134 9
155 95
95 110
79 135
57 106
106 147
167 58
135 113
144 164
45 114
141 91
118 11
29 140
128 101
113 164
146 7
55 133
165 28
43 79
135 146
132 156
53 142
113 28
166 133
155 87
133 156
38 42
77 64
136 4
88 148
80 58
40 48
75 101
53 125
98 31
3 70
134 6
2 74
27 156
105 24
105 68
148 72
79 13
34 99
7 17
32 21
153 138
55 21
123 104
152 44
64 9
98 84
86 92
144 116
55 104
9 45
109 135
113 167
115 32
31 15
88 163
134 130
62 149
142 27
126 78
87 132
137 49
150 19
91 162
109 121
66 65
83 111
153 149
129 15
104 120
41 94
160 74
50 113
68 13
65 127
155 44
68 48
11 150
168 94
55 99
13 8
55 38
55 16
66 84
67 13
108 4
109 2
82 137
140 84
119 3
71 69
151 127
164 45
79 28
48 99
31 53
49 122
17 97
65 110
59 131
7 108
111 165
7 133
44 64
60 73
130 50
128 98
68 62
160 107
87 164
61 114
165 162
4 25
13 82
54 12
69 116
132 125
53 14
121 96
84 46
38 121
9 35
163 68
72 75
147 81
103 27
86 135
161 137
65 13
30 70
107 165
70 74
102 139
143 5
14 38
33 76
23 42
10 65
50 35
4 132
38 88
135 133
124 39
46 167
19 65
57 162
93 120
101 103
125 134
8 105
56 66
157 122
71 111
30 156
70 124
119 123
28 64
46 26
108 19
66 168
159 11
15 140
83 137
101 18
158 23
165 66
42 35
159 150
30 110
86 11
27 68
156 139
110 32
46 12
138 71
73 127
21 89
161 136
145 90
94 3
88 42
40 123
29 151
79 130
46 4
57 161
116 94
38 122
157 59
100 75
42 134
161 25
85 53
26 101
21 123
45 101
27 110
20 11
75 56
64 130
94 30
153 69
51 101
89 117
122 127
72 65
49 15
5 153
98 80
105 39
154 146
132 22
65 41
45 42
72 77
161 138
93 40
37 28
21 78
71 155
143 41
37 103
51 6
11 137
1 30
61 49
75 45
84 124
11 6
2 86
20 154
134 36
42 118
151 140
15 30
108 112
43 25
116 109
107 26
145 116
110 90
82 139
125 129
21 39
106 22
100 48
39 111
115 43
48 1
139 52
64 12
56 130
142 40
137 133
52 128
24 21
54 18
19 87
4 127
14 40
3 14
136 63
33 85
167 55
104 158
114 149
25 101
113 139
14 17
9 160
104 106
57 45
32 29
165 15
1 166
95 4
16 8
112 105
125 117
4 55
92 112
13 78
165 168
143 55
69 82
9 36
100 124
161 132
12 4
66 129
35 11
99 118
87 10
151 132
68 3
4 78
25 34
153 94
18 61
47 26
47 150
102 68
77 68
38 70
44 61
104 75
2 116
129 100
91 115
32 66
47 121
56 83
74 101
98 50
16 61
92 102
36 45
74 112
109 97
69 56
45 83
103 31
98 53
91 156
124 148
68 56
160 132
156 141
9 72
162 16
112 159
136 117
56 122
43 51
95 142
77 87
75 51
100 36
163 164
29 139
28 168
130 93
93 161
54 97
102 25
8 90
103 122
97 5
42 77
45 152
16 101
150 78
131 150
103 63
139 22
41 96
70 56
147 163
59 57
90 41
54 167
42 142
105 63
138 27
20 80
18 94
127 58
72 32
26 2
9 108
10 14
64 128
132 7
155 143
158 34
50 59
6 163
66 118
38 28
150 158
124 120
42 67
158 138
49 125
10 12
163 113
32 39
110 144
113 61
165 88
139 127
128 45
22 133
150 28
119 93
113 141
164 139
157 17
10 167
6 151
5 33
110 112
54 31
121 111
28 59
40 87
84 99
83 125
98 65
113 108
80 56
81 165
138 116
31 25
90 68
137 103
87 20
33 88
68 31
34 89
109 5
14 143
53 167
20 31
89 40
117 61
1 18
37 121
113 124
75 69
151 69
91 66
40 163
73 26
34 69
147 19
45 135
11 16
74 106
156 22
8 73
27 10
127 134
46 116
65 117
36 47
5 28
109 21
107 140
105 3
110 23
81 54
55 49
128 140
108 148
103 39
167 119
22 35
137 30
51 120
124 93
8 119
144 120
66 41
116 30
144 47
122 63
29 128
29 99
165 70
50 85
135 44
162 6
134 89
30 57
132 140
99 77
3 83
157 29
46 139
122 2
14 92
140 63
161 77
122 69
103 161
166 14
159 98
62 83
37 3
81 70
51 102
25 125
42 9
30 109
146 35
60 113
85 162
112 30
135 163
59 6
113 12
146 27
32 145
61 35
84 32
23 7
25 88
23 134
80 140
48 153
11 89
75 76
1 24
130 165
104 12
31 92
160 162
66 115
128 164
9 43
4 14
8 168
28 154
12 98
120 22
155 121
83 10
160 12
89 142
111 54
56 152
66 15
53 71
116 55
47 77
120 146
76 5
41 68
17 48
80 67
103 79
42 25
91 14
15 47
67 44
153 29
40 108
28 148
84 14
115 84
20 83
134 74
167 140
82 104
146 45
53 48
146 2
84 77
59 75
150 138
71 117
20 84
45 80
1 108
98 166
68 158
15 141
68 155
101 122
70 138
106 143
54 144
165 115
140 99
105 148
4 156
97 7
56 63
83 68
168 74
92 58
126 24
150 2
110 127
3 45
27 1
109 60
33 31
166 75
17 163
110 88
156 105
8 125
22 66
163 92
43 168
119 63
42 14
88 8
107 151
3 29
43 24
67 86
135 114
138 135
27 164
2 68
39 168
160 127
131 133
37 34
137 90
73 48
23 129
58 112
141 16
3 65
17 115
136 50
40 162
44 137
131 10
154 49
136 97
133 23
49 131
44 38
100 86
143 71
148 80
122 150
14 16
130 145
167 146
88 152
149 28
155 86
49 56
148 142
6 20
65 73
11 126
136 159
54 154
145 10
23 27
94 4
110 70
11 7
148 58
141 2
161 91
156 42
37 60
76 115
40 29
88 129
135 12
3 116
95 37
89 123
167 112
100 4
10 90
161 19
1 164
158 43
34 134
35 80
41 125
43 103
162 101
15 97
99 28
138 127
38 74
167 163
20 110
126 87
23 135
81 5
46 6
141 83
129 85
94 64
142 7
73 124
110 69
64 36
156 70
16 150
137 34
117 132
101 86
35 6
57 158
161 95
146 133
158 72
60 13
12 142
63 156
159 69
139 86
16 122
79 165
61 86
36 140
164 127
137 45
60 27
103 80
105 135
158 92
36 94
64 79
133 162
154 41
114 34
117 151
133 65
92 144
12 23
84 105
162 87
6 58
41 34
134 68
73 15
61 112
12 59
98 1
101 59
24 150
66 88
47 17
140 27
67 93
149 78
140 51
132 25
157 19
94 78
92 127
7 115
128 20
117 68
15 107
64 1
90 72
100 126
157 7
19 83
117 105
162 54
45 163
13 162
90 62
33 83
56 147
167 37
119 77
90 83
12 29
133 34
30 66
86 69
90 106
134 148
163 139
1 46
70 128
116 62
55 134
74 35
155 106
11 84
14 87
84 114
82 44
72 100
60 39
167 29
59 159
120 71
76 134
132 85
92 107
68 12
140 5
160 63
94 81
111 114
94 84
75 119
146 52
53 20
101 8
15 89
80 11
123 127
149 23
73 64
16 98
102 108
34 116
114 160
35 102
122 116
35 57
43 7
86 144
38 154
27 168
76 155
113 68
47 64
11 43
56 163
153 43
141 18
158 65
145 147
64 118
12 133
56 94
84 8
119 100
75 48
26 32
8 12
55 108
138 157
76 149
46 2
78 109
155 21
154 68
22 53
10 43
93 12
95 27
27 73
61 131
63 112
154 107
116 155
154 7
142 10
14 124
168 2
13 98
81 104
97 73
135 148
134 56
72 16
135 48
102 14
156 15
13 116
22 69
29 69
145 8
92 166
34 110
98 28
138 113
82 90
120 126
74 34
87 112
60 52
88 76
14 129
131 144
83 28
14 49
153 143
11 153
93 28
43 89
53 23
82 20
156 73
132 99
38 80
86 4
33 99
5 164
68 71
8 75
21 125
73 9
15 162
117 130
49 37
138 45
21 36
9 167
50 83
93 165
156 80
73 82
100 102
108 75
145 159
82 140
152 33
60 67
47 34
118 74
38 93
3 69
129 141
86 14
54 74
90 56
150 25
43 69
61 147
118 63
144 106
45 18
101 3
100 65
10 11
22 92
146 79
104 28
96 74
23 10
116 163
149 45
34 32
2 157
22 14
18 143
20 164
143 40
108 93
81 149
80 121
141 151
152 110
152 166
140 133
152 120
46 103
86 68
116 165
138 83
100 26
163 123
163 35
165 86
20 44
156 107
15 114
112 57
79 134
50 33
155 65
156 157
142 11
120 24
93 168
10 110
145 80
79 75
72 117
53 3
35 127
50 112
128 57
42 152
4 104
95 111
71 164
146 134
145 162
167 16
95 21
90 52
52 27
168 150
62 27
102 54
25 9
1 61
76 119
96 27
89 41
25 118
33 91
67 31
4 106
77 35
86 90
53 49
22 59
168
60 72 112 120 32 7 3 38 54 98 130 63 25 146 155 51 52 106 1 84 23 43 139 133 104 46 118 9 86 21 49 122 96 13 128 167 11 78 26 165 151 95 138 55 160 107 40 14 62 162 168 53 99 140 124 148 153 44 159 37 28 135 123 75 116 30 82 102 50 24 157 76 110 4 69 12 31 88 80 93 48 94 156 20 89 142 33 149 65 73 136 34 147 131 152 61 114 39 15 145 87 85 125 141 127 29 113 121 105 166 103 97 17 137 2 126 6 108 143 77 79 42 19 41 36 74 117 66 164 100 90 67 154 115 57 47 18 10 58 22 129 144 27 45 35 81 101 132 71 119 161 8 68 111 5 59 109 16 92 150 83 64 70 56 158 91 134 163
