291 3591
219 247
229 16
275 6
132 287
122 264
17 63
63 156
1 256
64 55
276 137
252 181
124 12
278 86
27 135
115 182
73 95
49 197
240 95
284 279
166 6
104 239
160 170
139 5
62 112
68 104
222 157
181 70
178 272
180 214
74 131
219 7
189 182
288 185
161 281
258 193
23 74
48 257
13 55
156 83
70 80
259 143
7 240
57 86
232 184
276 231
255 157
244 98
48 183
80 265
238 151
204 147
43 200
281 59
159 162
81 4
253 226
18 29
50 216
206 151
256 195
286 279
250 252
18 233
97 47
14 90
258 189
198 31
129 262
267 183
85 27
150 227
150 258
61 218
125 188
95 233
249 203
248 159
251 192
224 216
99 128
13 146
61 39
266 271
162 32
99 185
172 221
166 160
199 251
178 188
266 272
43 182
260 243
199 95
191 88
86 207
32 109
191 156
166 28
221 72
149 262
29 124
156 187
45 71
52 281
58 215
226 240
77 129
115 207
216 148
25 156
129 67
30 265
229 33
15 273
263 239
24 256
230 9
214 176
220 272
85 126
164 136
268 100
261 241
152 103
271 87
78 106
208 240
281 80
26 74
151 1
275 177
198 201
119 205
127 275
275 60
178 150
241 149
191 22
153 290
287 230
213 49
223 194
36 1
114 211
201 24
110 259
263 203
284 12
79 260
269 67
251 136
287 137
69 208
2 212
142 143
96 236
164 167
275 12
13 5
166 232
180 157
44 256
231 2
48 283
22 280
112 121
230 136
279 6
215 73
159 32
210 112
39 21
150 49
26 165
1 291
195 157
27 117
59 229
206 216
61 264
136 214
264 151
45 94
74 118
99 280
153 102
197 172
61 62
255 208
28 85
236 229
72 153
280 55
213 207
98 41
116 21
142 76
286 125
70 47
266 256
62 223
211 247
3 139
160 14
241 199
153 218
129 284
139 133
20 74
274 125
55 121
226 215
276 130
72 204
83 172
163 219
242 91
119 6
165 77
89 290
72 199
50 229
132 103
79 234
226 151
88 108
129 259
211 134
133 128
116 10
31 193
53 263
169 61
135 220
225 233
47 189
24 152
273 212
53 121
125 50
246 206
29 281
78 278
52 167
95 274
155 67
266 118
251 227
288 165
45 235
80 160
99 231
141 54
212 188
45 99
125 239
77 93
191 150
171 99
196 210
60 223
82 284
22 203
236 26
283 19
173 126
41 266
137 13
287 113
196 172
51 78
135 192
267 65
130 255
170 38
117 5
24 290
238 244
95 212
152 141
7 154
174 265
170 93
81 118
186 197
81 172
180 233
267 35
186 115
172 192
69 285
273 126
244 269
4 286
228 219
226 82
275 101
247 94
117 84
167 83
277 48
39 247
119 143
259 226
226 162
219 15
51 5
108 200
252 261
63 52
56 243
104 221
116 127
75 53
86 250
198 159
114 265
131 5
226 35
134 285
212 129
176 120
145 190
260 158
103 161
157 17
147 195
146 6
213 25
79 71
157 14
138 63
15 47
188 14
31 107
23 136
240 128
185 252
40 36
132 42
264 80
106 30
137 283
149 204
148 271
85 61
55 27
68 147
232 278
189 16
227 265
235 121
173 8
95 103
31 194
148 266
286 27
186 38
145 111
265 94
18 204
4 290
137 132
109 257
189 21
29 251
281 13
149 233
121 169
226 112
181 168
19 169
21 133
76 58
52 275
94 240
262 130
24 218
210 220
259 173
206 150
154 130
221 207
108 44
257 166
23 77
93 221
110 98
109 182
194 276
73 107
23 110
221 118
159 61
203 279
91 209
193 129
27 26
49 237
163 35
197 229
226 46
71 64
245 14
281 3
170 46
235 207
148 194
23 218
40 289
163 200
127 162
4 14
42 196
99 18
77 135
214 253
141 63
160 49
222 212
53 117
50 139
31 178
129 266
13 262
281 23
245 191
84 91
193 97
194 44
14 248
85 47
209 46
226 220
96 229
90 1
278 65
141 214
290 241
28 101
113 228
86 198
172 141
152 119
91 287
25 226
11 163
97 203
17 201
149 168
111 189
137 122
172 31
16 291
76 166
145 180
162 112
165 266
191 183
209 210
116 129
109 52
3 49
288 15
43 163
131 38
18 236
290 232
122 281
8 211
44 124
167 168
282 137
40 277
194 119
100 259
137 19
199 266
233 70
114 51
213 139
264 69
218 177
176 192
77 31
41 195
219 108
70 214
70 32
70 198
209 219
99 37
218 88
215 6
249 168
285 27
251 102
227 136
165 284
177 98
26 270
143 258
83 10
95 20
100 264
99 105
141 186
134 73
264 140
153 61
26 160
63 110
134 170
88 192
164 268
192 118
17 211
44 166
269 148
261 121
49 207
120 282
246 135
132 49
261 34
73 210
98 23
226 8
29 178
56 262
71 240
35 138
195 280
97 224
281 236
211 116
244 255
39 25
281 200
267 100
92 89
242 280
64 160
90 278
263 238
185 250
61 131
96 57
43 111
26 145
193 91
132 261
187 140
138 77
141 239
134 101
34 287
34 126
41 79
141 171
116 230
151 193
150 124
26 170
135 235
63 97
189 262
140 142
52 60
180 80
27 80
91 177
77 278
210 16
223 244
54 62
141 194
21 276
237 105
30 72
39 223
25 257
124 140
53 27
169 88
125 37
228 231
267 182
239 249
275 198
261 223
183 277
222 160
9 272
20 9
213 18
97 32
55 38
273 215
5 24
171 149
269 209
203 96
24 141
108 45
225 178
71 7
113 159
222 112
206 259
12 148
217 268
167 102
205 107
262 258
220 145
261 43
91 189
34 245
21 43
199 252
177 45
184 245
83 227
57 17
218 263
248 202
248 184
165 179
23 259
9 169
231 124
248 96
239 36
131 89
120 106
30 170
105 34
262 75
92 86
103 113
145 164
37 261
59 130
194 111
4 144
129 208
228 41
117 153
8 58
174 224
240 253
159 68
6 257
204 272
101 175
10 41
153 157
27 61
143 204
271 138
180 201
283 28
149 104
6 226
142 256
134 263
222 203
198 178
130 171
227 191
166 52
168 130
242 126
99 218
157 111
29 266
36 217
88 178
129 81
199 257
51 229
99 131
46 174
9 7
276 215
167 5
13 62
32 163
110 18
240 242
81 137
121 45
290 288
221 44
172 241
99 240
273 123
259 69
171 91
247 20
218 80
286 26
236 139
266 145
280 15
208 273
254 144
277 243
269 63
281 254
247 195
246 166
251 167
25 243
6 152
107 91
125 145
189 179
79 76
153 23
91 169
159 231
16 252
270 13
74 227
241 171
11 13
65 195
256 112
266 27
192 92
236 106
117 212
22 258
247 236
149 112
14 50
253 194
8 69
95 168
46 91
89 170
280 79
179 148
147 284
224 131
75 277
41 63
10 179
186 54
45 136
219 9
78 95
263 113
227 46
42 176
261 204
1 114
119 242
129 139
161 243
158 282
194 226
57 84
107 10
134 256
149 145
117 240
251 145
62 248
77 52
283 154
171 9
193 102
80 182
258 279
268 94
6 162
256 87
186 134
287 135
234 14
119 267
36 56
123 200
253 52
211 199
110 176
208 55
95 211
7 108
37 69
103 159
101 226
144 46
263 106
156 249
100 14
204 189
200 109
40 102
66 45
153 75
9 137
242 148
141 289
28 176
196 4
237 290
227 140
109 151
278 41
236 92
56 7
193 101
199 228
11 170
81 51
39 178
109 119
69 268
248 44
18 183
50 99
17 66
286 47
17 35
58 17
222 75
247 119
265 210
154 1
158 269
4 107
6 32
225 177
125 246
106 172
60 42
194 158
255 123
185 201
21 249
163 8
286 65
48 139
198 114
176 89
184 208
124 25
227 121
210 80
195 277
184 172
211 234
250 93
22 211
121 203
145 213
162 59
111 47
167 285
248 177
78 199
170 287
173 60
28 12
255 163
161 206
181 255
22 248
11 36
94 285
122 71
222 271
98 81
250 241
108 184
39 72
184 274
288 127
148 246
9 175
77 32
226 207
148 244
16 57
75 203
154 199
173 187
267 73
240 194
15 196
215 148
90 72
106 36
267 82
64 250
221 9
151 90
209 135
23 2
129 75
231 45
76 25
173 50
247 33
185 286
290 178
155 7
110 24
270 109
74 47
257 19
244 105
289 94
67 287
63 32
274 67
29 147
67 26
9 217
95 4
110 38
183 199
64 105
20 279
69 112
2 249
191 135
282 277
67 120
180 219
150 34
18 132
253 173
285 155
192 147
194 63
196 129
162 152
111 279
86 197
216 250
183 210
23 22
260 59
260 104
79 59
227 196
195 90
282 3
221 99
235 72
87 186
30 234
47 66
190 219
279 207
263 89
197 64
76 162
178 270
183 284
127 243
15 96
11 116
235 75
186 31
223 11
273 264
57 6
241 9
160 108
85 192
184 16
248 2
36 7
271 157
200 21
166 265
187 125
164 275
138 17
145 85
262 221
170 5
118 245
86 20
83 28
278 3
278 85
265 242
132 269
271 90
226 230
275 234
195 61
158 40
273 261
119 179
115 134
250 129
161 70
120 253
150 165
77 75
57 178
187 135
39 75
93 244
63 164
5 63
210 74
35 191
32 275
86 22
262 168
2 86
289 81
287 214
250 58
257 100
203 287
57 277
121 276
229 136
281 239
248 73
141 245
151 286
9 198
66 188
157 20
90 42
117 132
145 116
52 139
213 105
286 72
44 290
45 241
287 224
187 223
247 214
176 285
30 187
60 236
63 113
111 155
15 134
213 255
130 169
232 96
186 246
173 18
164 138
114 166
242 285
254 174
81 259
85 96
154 190
105 222
238 237
141 112
233 183
23 221
239 5
163 259
35 284
127 212
42 107
146 172
28 188
147 234
43 239
251 41
71 255
243 131
54 22
241 225
125 216
20 88
153 221
75 164
177 114
152 2
102 80
65 78
141 242
156 193
180 162
196 287
210 64
217 51
200 23
287 241
193 272
284 27
88 290
5 138
252 125
59 33
172 78
132 80
162 219
70 257
273 68
111 227
267 177
24 89
170 198
238 198
203 246
204 94
146 83
214 280
103 184
82 25
6 157
246 197
271 251
29 150
14 156
213 237
101 19
136 207
122 87
68 202
259 73
83 269
10 29
137 194
128 157
130 273
117 32
222 23
108 154
154 110
35 99
191 271
74 165
73 180
10 222
50 283
26 263
1 105
280 71
257 209
143 207
40 196
35 116
172 233
21 179
135 280
151 114
287 231
230 223
269 253
191 106
65 97
187 275
272 127
113 125
115 98
75 127
68 237
142 111
286 175
67 18
121 107
259 48
221 45
193 19
214 4
12 113
7 74
135 66
14 204
253 184
129 224
151 85
241 4
262 155
31 20
137 156
180 140
186 123
61 31
120 214
69 124
210 70
172 205
291 25
71 4
171 17
235 258
239 76
223 9
211 251
64 74
241 190
164 95
87 108
195 57
55 67
276 3
138 6
105 108
188 123
1 111
219 102
161 138
223 104
34 157
95 42
99 247
189 31
240 195
75 217
157 160
125 245
161 18
41 264
284 227
148 285
170 184
42 240
100 163
20 70
88 272
200 115
34 153
271 33
191 63
91 7
135 98
23 103
74 107
184 156
132 178
291 174
63 27
126 265
266 112
263 67
196 155
47 108
134 203
122 212
101 16
185 60
76 46
10 90
107 156
215 57
153 53
157 231
257 240
264 178
31 110
77 203
163 134
90 228
122 230
159 12
41 132
44 210
225 223
99 76
145 260
141 263
27 214
121 95
57 206
230 222
195 220
203 258
152 190
177 191
199 161
135 212
283 87
259 84
246 271
221 61
121 141
39 238
280 80
46 290
222 81
198 145
231 31
275 271
142 199
125 224
210 121
16 78
16 124
74 28
254 136
194 172
180 51
82 75
222 24
99 100
170 220
206 256
219 240
231 50
46 48
94 158
31 41
136 37
83 81
102 172
22 204
272 242
97 120
18 194
109 155
69 150
223 95
247 43
99 259
54 107
69 272
251 154
198 45
37 166
118 148
87 277
92 26
162 195
197 274
3 239
206 65
264 187
218 73
81 240
165 119
261 217
60 274
214 28
142 136
106 54
62 82
175 75
190 62
79 133
174 166
194 48
164 70
59 139
261 62
30 38
105 180
77 67
235 10
67 271
134 110
290 242
273 220
290 222
225 38
204 279
97 139
46 193
2 228
18 113
248 69
69 43
75 52
104 231
276 150
177 56
12 146
24 234
127 119
121 274
250 139
233 122
57 15
222 61
143 193
189 23
267 141
114 143
196 117
31 8
149 45
274 137
203 257
34 76
214 208
25 232
285 62
145 99
188 181
128 86
153 27
226 116
81 24
256 261
241 80
196 78
11 263
287 136
78 4
276 225
186 196
249 133
285 209
281 167
240 89
164 288
95 131
151 181
126 111
198 92
144 206
182 85
239 120
17 105
211 79
94 283
132 182
157 280
218 156
268 74
250 240
271 25
237 61
60 143
269 54
40 86
50 95
97 228
51 235
38 22
31 57
287 263
41 170
62 233
14 178
34 19
222 41
182 3
62 94
166 158
167 99
9 190
188 186
245 168
278 189
284 233
284 122
71 237
144 280
72 148
32 104
283 155
81 132
251 15
278 94
92 207
226 163
262 38
104 177
106 261
39 108
10 215
176 81
153 172
144 133
142 64
127 230
221 18
234 236
276 202
56 137
142 206
256 90
216 113
284 44
243 219
176 79
109 3
7 129
3 86
97 84
81 208
120 33
154 258
84 237
15 275
275 179
184 218
161 275
177 96
12 4
146 80
165 158
235 164
27 83
112 165
80 50
18 47
190 148
252 264
210 277
242 213
240 199
115 260
8 26
62 263
21 108
220 22
34 136
138 212
249 177
179 261
4 19
214 234
173 77
90 166
11 208
249 85
202 217
146 55
285 119
48 256
6 199
64 3
222 118
128 248
168 200
224 45
14 37
107 206
185 144
141 7
114 50
155 152
273 216
166 266
92 185
119 29
285 194
250 128
62 83
175 234
211 226
148 208
260 14
43 34
210 290
284 251
153 156
141 14
34 256
207 121
141 226
79 175
281 83
238 225
211 143
49 68
213 206
158 4
22 66
47 251
194 115
67 64
228 52
34 40
140 58
209 140
96 247
134 234
60 207
249 148
189 56
177 290
119 69
276 210
225 271
123 241
192 61
214 274
98 122
260 231
290 279
142 161
17 130
139 251
158 15
253 96
82 151
186 36
96 266
274 94
188 258
116 157
2 282
193 105
128 110
35 96
287 33
137 175
50 76
265 24
162 189
129 93
157 82
187 258
61 10
77 57
89 258
9 18
202 227
123 234
68 255
276 114
82 69
225 52
267 96
122 273
109 36
51 194
147 287
203 177
232 132
108 223
126 4
117 108
119 137
55 45
38 239
67 54
57 232
54 267
105 114
168 70
206 182
217 17
253 246
103 148
136 284
66 155
70 247
8 53
144 135
180 200
131 220
145 108
13 53
109 122
111 146
170 144
257 284
44 214
135 242
39 248
1 66
61 102
39 269
170 187
18 277
126 128
61 143
44 66
130 282
276 147
13 277
100 180
249 208
108 285
162 92
96 126
171 145
219 199
112 6
146 158
175 85
276 133
44 16
204 237
65 101
134 95
182 204
129 167
110 280
290 71
213 286
182 142
60 149
200 154
176 166
250 85
289 231
180 202
271 247
229 170
189 222
95 249
14 61
245 96
177 86
4 283
236 51
71 242
157 15
235 131
108 147
101 289
140 61
71 138
138 189
262 270
117 198
131 244
7 172
160 104
185 143
57 175
243 89
162 176
31 136
289 137
146 174
120 5
114 140
234 57
243 72
240 150
125 156
183 45
191 178
46 54
9 271
160 194
240 32
193 187
175 113
51 278
212 234
268 181
74 154
131 34
98 249
121 138
228 288
100 255
8 114
136 70
98 196
215 272
234 160
192 253
44 238
7 34
245 61
6 155
250 37
96 263
254 229
176 106
82 46
47 165
218 76
220 10
179 27
98 58
40 100
215 133
182 252
33 124
186 291
210 78
232 77
100 174
65 201
279 273
43 255
105 192
44 75
106 266
236 39
269 262
224 25
110 87
277 20
71 199
133 161
172 154
146 235
47 280
236 154
156 177
254 222
200 217
95 155
210 249
181 206
278 178
6 113
9 59
42 62
261 15
68 208
78 122
211 7
218 160
194 242
284 78
160 86
170 37
91 123
59 160
64 90
244 162
273 110
246 37
30 174
227 237
111 208
150 23
285 143
105 67
42 230
82 160
139 6
277 259
130 33
149 3
172 125
75 61
120 3
238 102
175 178
188 120
56 124
150 242
75 20
2 283
237 225
32 245
265 183
37 32
187 130
136 211
56 168
120 135
287 31
35 133
28 126
151 279
169 161
160 140
14 66
77 122
110 288
268 130
272 52
51 34
72 17
167 245
42 73
84 200
124 284
267 275
36 10
62 57
162 196
239 72
241 167
59 122
233 117
27 143
131 58
23 262
115 119
135 126
252 270
132 237
31 246
10 264
48 66
18 216
178 108
92 251
211 154
150 83
115 163
289 118
250 157
289 147
166 161
286 77
14 223
107 172
288 177
218 113
220 206
157 288
85 23
149 161
258 157
189 66
171 121
265 204
241 234
285 256
82 64
81 37
158 44
108 53
141 56
259 98
243 285
139 242
115 5
196 113
85 153
216 261
61 185
117 215
192 196
60 98
50 42
146 90
168 145
202 53
196 118
213 262
111 284
220 199
27 65
2 232
37 187
68 15
67 72
290 52
188 6
236 179
145 183
157 92
231 221
124 161
141 132
196 29
77 2
18 138
257 77
273 247
78 38
195 255
36 255
206 74
242 85
84 41
235 239
40 275
191 182
257 222
215 149
272 32
276 244
55 126
47 244
86 199
54 196
1 193
91 134
14 290
97 69
27 109
149 33
118 280
85 260
136 264
53 67
288 245
199 58
264 240
66 57
11 193
274 262
191 187
239 133
107 39
80 106
45 218
261 195
216 227
118 67
277 6
99 27
9 286
290 41
78 1
39 124
29 111
175 26
286 219
232 8
88 132
65 91
275 88
291 121
44 54
253 284
270 195
49 238
65 226
264 247
218 158
199 185
147 9
94 221
168 54
173 82
134 19
153 245
213 177
173 251
150 217
258 159
95 217
215 8
249 137
258 62
114 75
107 276
5 152
51 257
120 169
20 229
82 201
80 94
147 40
102 244
12 100
158 42
177 152
250 112
279 132
81 1
187 10
142 66
83 153
82 239
118 47
101 241
248 233
118 127
42 174
288 186
284 16
146 290
210 28
271 12
248 48
210 67
291 131
72 274
274 142
51 25
155 1
213 161
15 1
175 272
34 258
157 132
64 239
120 22
135 290
133 149
245 42
253 66
122 62
154 100
13 181
103 170
117 165
47 141
12 86
43 67
57 12
58 115
48 42
193 250
290 2
205 236
227 123
89 283
204 243
137 262
97 240
73 227
178 226
250 169
127 72
117 227
41 65
236 272
151 64
189 143
64 100
119 286
58 28
122 99
259 146
84 212
214 267
119 266
3 106
136 161
263 54
72 172
23 97
93 133
57 32
220 148
22 195
158 16
15 152
187 255
148 41
236 279
197 129
82 18
64 49
83 191
239 207
284 106
275 47
190 259
289 47
11 148
170 51
102 79
214 49
110 289
134 59
224 8
149 281
6 238
220 128
17 290
248 151
53 18
33 231
168 291
75 265
143 113
102 46
283 74
81 102
8 13
280 56
257 232
123 125
182 237
11 237
98 192
253 204
149 102
177 239
187 245
286 232
239 151
12 272
69 194
99 222
16 280
201 110
186 262
68 220
213 200
222 58
16 166
77 174
80 149
174 173
153 289
135 26
261 237
259 153
105 163
69 171
83 158
1 135
219 248
84 279
230 71
95 101
133 72
131 172
274 240
230 150
179 192
195 111
106 136
250 117
210 188
228 114
272 131
94 121
41 259
136 145
263 125
102 15
134 21
148 288
46 223
29 184
285 253
73 125
55 248
187 56
209 265
248 105
89 181
78 131
59 83
259 171
198 146
84 82
57 30
19 244
112 191
15 237
119 2
147 169
98 233
42 79
179 71
272 163
245 176
143 174
28 136
127 176
113 210
102 217
201 226
215 96
34 118
197 207
259 62
200 254
36 216
139 110
27 31
227 77
127 13
85 254
273 290
89 28
63 276
56 157
6 189
79 114
275 63
242 28
173 219
166 224
55 98
243 288
154 281
268 202
8 195
148 113
21 9
181 31
182 144
92 22
87 191
274 24
281 43
81 16
213 48
54 262
213 203
146 89
29 58
254 114
195 142
124 276
77 46
101 228
279 157
25 87
134 57
118 247
120 37
193 107
281 250
179 29
190 129
239 288
136 93
64 183
147 44
23 225
125 28
179 175
208 112
37 134
284 2
193 163
127 69
207 14
195 139
240 237
199 26
264 253
228 257
284 22
202 130
145 257
20 234
75 68
259 119
209 153
249 122
55 218
224 272
214 162
175 6
131 208
7 168
97 75
132 52
4 40
12 88
206 59
42 223
24 106
195 51
48 168
254 256
3 17
92 123
220 106
239 223
278 26
155 123
287 82
107 20
188 75
211 202
266 30
15 179
73 265
232 251
238 25
159 282
111 139
149 8
159 288
173 215
154 237
27 125
42 236
49 233
121 106
291 164
259 2
279 10
106 178
224 284
49 28
237 56
44 133
164 85
274 118
65 202
87 231
245 132
284 290
38 168
166 133
141 206
119 168
239 75
207 36
127 29
182 262
280 239
186 199
37 199
2 39
146 190
252 139
257 246
170 57
152 284
222 169
132 127
280 185
76 61
97 249
60 265
82 77
126 130
163 213
259 137
291 279
226 282
54 272
78 256
38 175
150 270
176 105
199 244
36 287
45 75
197 134
281 1
218 242
252 175
261 233
272 77
249 1
199 89
18 217
274 289
25 98
54 245
270 113
35 170
66 128
245 290
57 108
36 59
271 117
13 250
23 214
94 181
164 64
214 213
82 116
155 270
161 233
212 241
118 154
23 182
274 135
247 38
34 248
282 156
187 63
250 205
284 248
76 232
39 205
99 31
237 270
55 171
285 141
34 22
219 136
288 265
58 164
83 124
215 18
138 83
3 232
185 44
110 93
125 155
147 231
47 46
117 255
263 253
276 153
154 227
252 128
102 250
287 75
178 42
247 160
191 205
231 8
188 198
127 258
171 71
246 157
259 106
154 94
201 218
171 98
227 278
128 151
17 150
268 204
31 238
279 37
35 46
230 99
203 19
208 93
141 61
77 155
238 251
34 275
219 210
28 244
133 275
75 46
45 36
54 113
290 103
89 238
83 184
268 267
179 127
102 108
231 17
59 10
77 88
199 184
209 244
194 19
229 48
120 215
51 131
261 140
216 183
160 171
128 65
73 133
163 223
68 199
74 186
230 1
201 186
134 185
216 9
207 45
74 45
30 218
217 210
141 73
257 269
167 227
276 117
106 273
284 288
71 160
49 86
35 218
204 167
17 26
145 17
56 77
3 150
44 92
7 20
88 93
6 99
176 241
108 84
284 242
248 4
147 79
75 150
88 243
96 81
24 21
11 276
196 243
28 4
204 44
60 96
127 191
18 48
97 24
207 260
121 285
90 17
18 272
282 162
188 35
107 269
194 42
25 122
236 37
40 186
54 142
124 202
219 290
82 182
61 40
291 89
127 137
132 180
19 188
13 252
193 215
201 54
30 165
54 41
5 137
2 33
289 123
28 289
33 157
278 285
151 197
113 229
254 61
57 63
13 273
23 284
143 124
43 17
250 235
120 268
25 212
167 171
99 40
26 34
46 164
37 137
102 252
214 260
59 240
70 26
219 212
4 101
198 111
274 65
192 273
158 89
72 184
127 26
50 117
284 273
191 208
11 52
106 29
268 233
61 188
64 60
23 76
268 145
49 202
27 244
180 193
236 80
201 109
137 107
180 63
153 178
12 76
226 119
147 220
100 287
237 151
115 165
41 178
2 51
250 264
217 185
158 179
173 122
250 266
211 188
34 129
29 5
167 3
114 201
218 190
46 260
5 96
86 209
257 139
63 193
252 205
235 225
60 127
205 185
45 4
10 221
135 33
141 232
280 50
181 251
240 124
99 260
163 186
254 101
131 76
26 196
266 76
52 72
48 50
88 179
229 205
291 177
155 63
241 146
287 26
13 144
228 181
221 217
64 107
142 61
23 7
252 215
193 162
165 183
132 280
209 14
185 24
44 36
140 134
118 24
107 240
224 259
29 136
180 103
286 230
269 44
206 162
21 203
2 263
229 163
175 116
114 52
255 199
11 159
197 268
97 86
219 275
173 22
244 239
162 68
167 253
102 13
5 194
40 247
97 135
270 23
229 154
51 259
23 91
120 60
234 130
3 151
138 264
92 72
144 245
182 212
89 247
100 157
73 288
221 237
217 227
47 145
196 177
12 205
225 193
92 265
158 202
214 12
249 29
57 163
254 142
67 91
44 241
71 98
234 203
285 120
126 279
64 73
30 152
30 270
172 67
135 68
193 104
63 67
238 159
170 183
117 70
264 251
256 181
111 93
39 237
253 110
21 18
2 114
201 112
147 254
155 84
53 270
273 22
6 290
125 78
157 196
185 1
69 281
87 4
204 34
221 98
12 73
198 215
8 60
246 231
31 45
74 263
274 233
257 288
179 231
160 96
122 213
212 13
289 282
191 99
181 7
142 103
290 271
177 215
154 209
272 229
60 128
172 6
255 75
95 63
123 97
234 106
217 7
144 279
61 190
205 155
192 56
289 39
143 26
228 19
147 138
37 151
156 235
156 284
157 143
145 245
201 229
169 149
250 62
57 245
266 54
133 14
247 201
183 32
56 205
269 146
98 29
207 284
160 51
21 289
152 70
161 16
148 84
120 14
145 170
262 279
140 190
61 268
195 170
229 93
276 31
190 150
231 54
256 135
188 247
92 194
137 51
285 230
239 55
141 181
291 39
92 160
160 135
9 63
102 229
2 142
98 2
222 207
80 29
37 231
141 29
210 47
18 151
97 199
66 6
125 16
93 54
47 226
194 127
93 230
75 112
135 4
163 130
112 90
276 36
269 237
112 82
34 230
21 223
274 44
54 183
51 23
219 245
199 231
165 42
288 207
127 166
283 88
34 242
286 223
106 179
61 78
127 269
203 33
222 149
217 275
84 83
1 19
162 204
116 285
38 17
94 217
272 234
201 141
269 21
56 242
50 272
210 221
46 173
88 287
15 233
213 210
109 213
164 78
215 93
67 31
97 14
45 164
211 259
172 88
69 205
154 239
80 260
26 214
54 211
40 278
164 274
44 83
289 8
156 152
267 159
101 156
250 271
256 190
99 55
201 244
229 233
54 36
56 156
107 83
244 170
223 143
288 214
209 175
207 171
5 162
90 266
180 228
192 151
220 102
128 152
30 144
149 148
26 233
273 219
5 26
117 256
47 31
177 236
163 173
164 127
245 44
120 134
162 16
153 139
286 244
101 248
154 2
141 200
56 120
278 120
101 126
48 109
194 16
224 236
232 118
18 74
243 120
88 156
42 102
236 105
71 139
178 72
55 140
250 233
80 153
221 138
24 271
35 148
57 166
42 190
99 164
110 95
160 95
175 169
280 212
69 9
222 37
239 33
82 107
264 47
283 250
224 191
210 63
60 142
133 147
185 242
113 183
222 291
164 182
3 121
26 98
271 201
237 95
63 119
179 109
42 202
218 194
207 105
220 244
237 248
123 134
30 128
206 189
189 105
198 277
115 131
99 238
287 195
126 143
259 272
62 86
98 204
160 221
7 229
175 222
82 134
111 65
82 251
46 152
195 146
262 225
281 125
171 103
275 239
49 258
189 289
14 244
46 258
198 68
141 143
145 134
217 44
157 247
214 255
236 107
173 227
76 92
77 258
155 183
185 218
190 23
103 149
191 279
72 51
34 16
3 115
222 276
175 64
238 46
135 129
154 55
264 219
152 243
223 280
47 258
215 283
103 96
226 142
289 67
265 117
36 240
92 132
193 28
83 77
39 283
279 208
209 159
106 97
64 171
75 101
217 118
14 52
94 11
137 158
118 44
235 137
2 186
83 76
151 167
54 132
58 54
166 2
211 184
164 80
273 248
115 84
180 213
154 197
132 120
204 153
246 128
118 283
68 154
11 115
50 160
244 55
276 167
30 205
18 212
119 222
85 289
284 157
186 224
14 289
130 120
221 215
237 282
96 251
3 85
168 113
165 229
108 59
75 152
212 119
66 89
128 95
34 228
58 41
285 118
97 108
23 65
205 117
160 188
254 257
70 148
190 25
240 154
278 265
71 176
16 244
238 211
111 6
248 234
124 90
144 165
169 251
15 198
1 24
277 148
92 119
154 135
281 284
80 150
120 27
163 232
41 25
215 288
156 29
52 160
73 172
112 86
183 108
152 3
71 13
285 73
66 151
131 255
242 156
229 155
28 200
69 213
137 94
287 13
52 21
138 38
219 125
253 177
69 183
53 14
3 30
218 269
105 209
52 100
19 206
80 45
168 253
170 282
115 219
67 102
55 160
184 115
35 62
230 192
79 245
265 151
253 242
290 231
245 236
65 72
208 220
282 265
160 94
210 123
192 4
158 169
67 2
149 55
273 221
225 117
240 60
278 107
32 81
80 90
219 231
236 5
168 74
206 167
276 73
210 241
40 282
29 122
169 30
38 285
53 217
224 118
91 16
56 172
166 220
130 176
78 146
38 23
146 178
83 260
218 21
38 45
179 49
91 241
154 115
33 80
190 158
31 44
118 7
252 259
32 256
283 202
69 2
43 88
123 81
225 102
203 111
36 20
158 76
15 159
175 128
171 223
117 47
238 14
256 118
92 34
207 103
85 202
26 246
242 106
186 243
34 190
20 60
163 117
274 120
77 178
27 69
97 198
134 56
196 182
262 183
10 280
205 274
30 252
138 158
185 282
46 248
102 131
171 265
282 32
62 151
142 48
179 53
158 46
140 12
20 281
253 150
246 145
28 20
188 187
206 89
29 289
4 84
59 131
168 198
176 36
14 91
273 235
20 241
175 282
136 276
104 85
198 180
8 279
202 31
223 121
67 103
285 114
127 148
170 222
105 123
241 16
40 191
245 272
279 90
54 33
207 31
5 150
168 14
280 266
49 231
5 175
172 47
177 214
224 151
137 261
55 175
177 160
175 130
109 246
123 166
251 129
216 159
63 142
134 226
288 75
274 231
235 167
185 115
27 128
221 261
198 2
218 16
30 76
89 124
69 90
221 278
28 178
37 86
268 27
242 269
172 127
42 286
32 182
122 190
39 254
245 235
183 47
68 239
114 273
196 175
187 74
25 20
276 24
226 113
145 31
40 241
228 94
42 267
60 141
29 185
224 179
283 210
27 74
176 67
58 270
266 193
119 171
281 214
246 61
9 111
197 61
118 21
55 100
165 169
269 291
16 236
152 121
239 116
217 291
181 192
6 75
211 201
76 260
136 253
123 285
146 34
285 282
76 254
13 1
92 14
135 116
82 67
220 215
99 287
35 1
122 143
103 137
95 81
206 41
271 177
265 240
138 214
286 184
245 133
216 265
93 49
163 60
84 116
87 210
253 231
266 39
75 180
150 166
200 290
251 39
155 70
26 94
72 188
145 14
171 43
87 228
73 198
259 202
90 54
256 275
18 129
258 239
241 157
240 184
58 5
238 34
104 121
263 236
67 139
1 274
236 217
170 162
33 207
188 51
269 266
287 268
187 279
103 50
147 90
14 5
95 286
129 187
185 291
14 21
168 277
247 153
247 278
114 182
239 9
52 116
27 261
180 14
42 119
41 159
69 276
212 8
49 193
279 250
191 161
172 120
183 266
11 74
69 188
80 175
125 124
68 92
60 59
139 121
53 247
83 72
193 167
188 140
86 221
68 9
19 141
65 88
73 193
223 69
151 108
132 99
133 222
8 288
161 127
213 226
26 198
159 199
54 25
86 131
27 260
232 86
251 285
100 182
153 9
26 266
170 83
182 76
163 44
92 130
37 2
30 20
224 20
221 82
162 179
245 69
82 232
109 254
190 24
102 129
262 212
289 276
91 182
11 257
31 187
9 83
278 148
210 106
23 8
12 241
84 186
33 184
255 275
88 199
106 116
248 43
61 11
221 120
147 35
290
251 113 269 50 102 158 161 227 219 195 48 89 152 173 15 245 135 16 81 186 240 138 257 115 76 59 211 261 190 156 65 282 124 162 230 233 17 223 83 191 110 19 14 253 275 30 2 31 96 248 228 77 273 122 262 60 202 154 131 98 39 267 258 146 37 220 280 51 246 289 29 25 183 284 49 107 150 221 103 9 203 271 91 35 255 44 38 217 62 241 171 244 218 99 192 45 10 236 100 58 178 63 120 13 265 277 288 92 126 7 97 18 259 210 119 75 20 127 28 145 125 36 111 26 11 286 235 142 224 54 226 252 177 216 157 34 23 68 166 238 164 234 283 147 182 287 80 4 53 1 205 42 67 140 207 88 94 148 84 78 242 172 270 136 185 274 47 85 170 12 52 272 212 32 95 181 106 290 141 73 179 193 116 149 33 70 249 175 200 232 263 134 188 21 123 204 239 143 128 3 243 264 46 144 174 41 108 165 197 55 155 160 129 40 139 247 237 167 57 8 276 184 27 130 201 117 180 151 71 5 168 278 260 90 64 109 22 66 79 82 199 93 206 285 250 69 229 118 132 112 153 279 137 268 256 24 133 121 213 163 101 215 74 189 169 6 43 87 281 222 225 61 86 266 254 209 114 56 187 72 176 194 208 198 159 104 196 231 105 214
