1868 305
1066 1854
381 1236
77 901
1410 517
892 1109
1283 1306
579 409
772 168
190 1078
1648 362
1235 1522
1550 375
604 1463
1568 94
1781 1598
11 1250
325 1374
1479 1741
1490 1026
1599 1387
1251 764
1034 309
1770 271
1749 746
187 1504
790 1316
689 570
506 609
1509 671
579 255
1592 1629
914 39
503 1559
205 1236
1682 1263
1675 1795
1431 1480
55 1471
926 1181
537 1268
1143 1382
1073 1259
437 1647
1141 1307
757 496
1261 598
861 1058
340 1795
134 1825
1235 143
283 155
1011 1180
1134 1365
525 840
1346 1207
9 142
1004 1734
163 664
947 1838
1044 1424
1257 104
1511 1315
199 1377
76 991
1578 1021
1498 1567
440 447
838 461
1770 310
447 1309
919 1766
231 278
1328 1075
731 471
1266 718
631 118
837 407
1568 938
1759 1645
288 1250
1511 186
353 342
1090 1001
725 974
1721 213
517 259
978 1545
520 106
419 635
270 1705
1735 1549
601 1729
1371 1369
1377 1180
1289 143
623 3
192 1658
1546 330
1166 1466
112 1
245 1722
1738 1570
1346 1821
1398 1365
890 1380
1229 51
1064 33
1675 702
1664 1213
1028 1115
22 849
407 957
1527 700
247 172
1773 1080
1742 362
635 1329
688 1572
139 1650
12 1801
689 647
41 270
370 126
1082 942
362 1213
107 1372
1623 1636
1492 848
575 1425
131 1484
1400 601
271 1830
939 606
1316 556
636 461
1528 225
694 700
178 1158
1661 1356
914 806
643 1408
1432 929
1391 370
646 1523
942 1770
1851 665
483 736
919 1053
1845 929
626 647
1539 43
695 820
727 291
1676 596
688 723
916 1765
542 776
163 1584
498 1657
1813 1261
741 647
1201 681
1329 187
1335 1708
143 86
1437 538
330 1355
710 1053
832 1265
304 380
1808 1766
729 1134
34 796
151 1144
1815 425
1866 1099
1484 737
956 905
814 142
1534 1291
1418 1016
1355 1816
1637 670
625 781
1050 525
634 1165
98 1544
239 135
467 624
178 637
807 1203
1676 983
463 539
1853 171
818 791
1534 691
896 1064
1445 1590
781 1855
42 1555
1435 822
669 515
572 181
232 1068
269 683
1671 857
42 18
956 527
744 1303
1596 1418
1088 865
170 1214
786 223
321 349
838 629
1170 400
240 329
1461 216
439 1610
1261 107
1787 1073
968 816
1554 1143
782 172
9 613
348 1474
622 404
1278 363
1706 858
398 1280
291 776
1716 519
72 1504
375 660
1228 664
1233 1357
616 1168
350 1167
1780 911
36 1740
80 1788
916 1485
543 548
1519 734
195 113
1302 1375
1861 1786
1232 293
1657 766
1140 1670
1532 925
1534 1008
1316 837
503 494
1736 427
287 968
892 50
906 854
133 339
1387 536
1144 1827
991 40
1206 1175
1422 1306
1234 538
576 896
207 1346
1289 150
1765 1094
440 410
1612 736
740 248
737 1785
70 293
208 869
472 1704
1587 552
1855 1069
394 593
225 1663
660 1497
687 273
464 993
1782 1791
1571 720
799 1366
1636 1631
1442 1860
1539 1369
310 1867
897 412
161 804
471 771
983 919
1609 1599
1140 1074
1295 234
565 945
352 1495
1143 1845
498 991
1458 871
1596 1112
967 700
940 1134
1295
1365 1196 319 775 851 563 232 1081 1765 748 1732 1862 538 10 1486 1717 967 329 325 665 842 1448 1035 985 1390 125 1553 1493 1630 269 682 888 1623 216 365 1438 1338 1013 27 920 1363 454 1780 1803 806 471 540 1149 1670 239 922 1238 483 506 1015 1532 925 1482 1500 1634 211 172 1568 785 728 1567 198 339 296 1250 838 1090 1776 723 447 362 131 1734 879 1362 355 1067 528 601 1742 1833 702 945 544 192 623 1387 867 1541 291 1491 1636 1033 1322 1667 1145 1660 166 825 1613 1665 1864 970 1615 1582 1316 667 139 1844 1340 380 1518 912 1767 1361 56 237 1494 1398 1378 203 1065 357 898 648 1676 1352 1764 1121 1165 375 772 376 639 1447 423 348 331 1016 1351 1175 330 1429 1191 1382 534 281 285 304 274 606 171 504 627 63 539 1225 569 1007 1306 616 446 501 597 796 533 1030 34 1551 1241 1388 382 1664 241 979 261 1705 1465 1575 150 622 1612 193 738 411 264 600 612 1314 1232 1487 93 684 359 1547 932 654 416 737 75 1466 514 1655 977 71 584 1177 835 1859 1813 1617 512 1108 1068 1658 675 546 213 1234 1458 1743 178 1061 1157 487 840 595 1313 963 1320 65 1593 578 1076 980 1144 122 869 843 1270 948 398 624 201 1704 1815 1222 1635 964 960 340 1459 135 6 343 1058 742 82 112 1444 1790 765 942 176 1098 79 1336 1046 424 568 1671 1733 341 1202 1831 1688 1545 705 474 1802 476 1389 378 205 5 1555 1194 773 1084 1402 1019 923 1085 1473 678 537 1009 792 8 1150 288 385 1849 440 116 1715 283 1817 143 1278 1801 1650 558 1603 370 1425 157 899 102 1215 1210 817 604 734 972 114 1332 598 1812 832 1738 1503 407 1273 19 1708 1080 1312 1514 751 1536 660 30 402 1342 1735 1519 259 1698 155 730 700 727 170 936 853 1167 740 1272 141 1315 105 1138 1573 1113 1632 1450 1435 1675 729 1463 566 1133 1462 854 900 422 521 438 910 106 1433 830 1099 494 1182 1484 736 246 1700 631 995 1587 931 1558 897 1511 531 1268 551 1357 693 1725 701 741 1657 59 956 712 151 905 1749 1308 1223 1629 305 1219 356 1470 933 183 1596 321 860 1699 811 1105 895 85 629 1292 1477 271 472 801 1381 448 661 1082 548 1811 783 218 128 455 173 1377 1267 1346 1235 346 746 1160 1489 1522 1445 1785 621 1741 754 1321 161 1687 543 1826 973 1638 1356 332 1467 1663 787 1070 327 435 1787 691 576 1329 1259 245 731 1069 1178 1195 3 1492 1393 694 1367 962 1618 714 315 883 780 1505 1793 634 1317 1498 204 363 1132 255 1539 247 109 208 39 1509 928 955 1158 1174 1454 822 1359 134 975 1300 753 561 190 302 41 457 1548 1654 1147 997 1424 519 1753 911 107 724 820 914 983 326 426 1304 1713 1546 819 1350 645 1646 1607 520 1258 871 1161 206 934 1497 663 916 503 1397 44 1403 1474 1043 944 1044 515 1479 226 1677 1062 906 1723 1580 620 451 1769 1512 863 1858 1585 921 939 581 1542 1527 477 1094 1156 1091 1616 510 394 29 1506 582 1736 1729 95 1296 857 409 1428 1628 1543 377 695 1280 784 28 12 1449 160 1233 1581 53 603 1691 1318 395 1265 1117 240 1550 1852 1440 1666 484 1554 823 94 1171 707 404 90 1857 1257 821 495 971 782 1269 683 43 1696 1662 656 1633 1034 163 1534 399 814 1841 508 215 1041 1652 776 800 1188 87 31 1828 1730 1185 1383 795 1586 1824 153 1143 1249 1644 1823 833 1022 968 978 244 1726 273 1583 187 1285 1413 40 1172 88 1140 1072 794 1577 45 209 162 1783 1214 306 1560 685 1073 235 26 293 1122 1797 140 644 919 167 323 1480 1386 1083 590 1766 224 545 1141 1088 287 831 1561 1495 669 1674 86 1800 49 950 1297 1533 415 553 1159 988 1303 813 1544 1164 1119 790 1184 421 779 1839 48 1 957 427 324 1087 1760 1770 802 1135 1179 248 1590 1255 611 1266 951 937 636 1229 194 768 846 387 532 1029 1400 541 587 626 991 793 1810 72 418 676 896 752 280 574 1645 1396 11 1461 552 1579 1819 186 428 1774 1592 289 1648 42 191 687 1032 441 1759 649 1115 536 1528 286 465 258 696 1455 481 290 743 1434 1599 609 1426 837 562 1331 542 659 1763 117 924 959 815 766 1443 1399 1744 1064 1422 1097 744 169 1773 14 1180 156 175 808 207 1256 689 432 1845 946 479 709 1011 1203 1134 1213 1077 1163 1189 309 260 450 1324 384 1808 1243 961 219 9 1328 844 1689 1263 668 1245 1075 115 1559 1571 434 1538 848 1640 952 62 1452 577 1294 1557 662 1490 1385 1659 739 610 113 1653 807 1231 1827 1478 1026 829 272 757 672 118 1728 1416 677 97 855 680 1624 445 1502 294 619 1053 1024 1483 1530 828 350 1323 901 1772 1309 938 1507 1283 547 1855 336 1637 1260 1025 1642 1619 865 1584 969 76 1128 1504 1472 1023 1838 1625 185 1531 1535 328 657 1089 777 1418 614 461 58 1247 1042 697 400 575 1866 1606 1353 1394 555 588 1798 1417 1040 1860 444 195 496 310 1609 999 755 229 37 1421 719 638 579 1768 485 1721 573 70 1799 861 1198 617 993 1291 1865 1176 129 413 839 1673 1598 1170 354 1242 54 688 242 98 679 526 1771 373 1641 1071 32 1549 517 655 1442 202 33 1432 164 1627 46 881 1602 836 120 425 804 334 403 878 234 1572 762 1621 1054 1446 1148 1173 352 1682 498 586 1289 1004 311 52 1307 1330 168 1001 1431 771 1277 1207 83 142 225 699 1570 877 1851 767 111 947 1183 572 238 64 1475 1228 467 1469 1848 1236 647 1750 1339 1437 949 1130 1345 733 781 364 1281 513 1868 133 1755 1226 1631 953 1049 1840 1516 344 1464 1093 1595 228 1781 489 349 1508 1789 1821 613 316 1220 1295 673 1820 148 1622 1162 940 1795 1410 51 1731 292 1853 529 295 525 1537 463 1524 412 1078 381 635 873 1485 1360 718 263 509 1343 721 397 866 1288 1020 1206 35 1372 262 1501 1261 401 1209 596 1439 486 1825 462 181 396 449 1722 1647 984 92 760 1227 1282 580 887 103 1110 1355 437 212 1716 1565 1594 491 408 199 1777 1460 527 1639 158 101 1610 720 1830 1867 1169 1287 1045 1415 405 100 410 89 312 2 1326 1540 593 1409 174 154 1661 464 1166 1271 391 1131 713 812 670 862 1050 674 1028 671 511 1837 1038 1807 735 1752 1335 77 1488 1589 1600 276 567 852 282 929 664 518 1529 126 637 1620 1334 628 360 439 180 1264 145 251 270 966 1569 711 834 756 1737 507 565 1724 392 769 1114 1106 104 307 443 1368 1301 1374 523 1123 715 1168 1746 1074 758
